0.450,0.450,0.450,0.500,0.500,0.500,0.520,0.520,0.520,0.500,0.500,0.500,701,1
0.500,0.500,0.500,0.550,0.550,0.550,0.500,0.500,0.500,0.450,0.450,0.450,551,1
0.500,0.500,0.500,0.500,0.500,0.500,0.450,0.450,0.450,0.500,0.500,0.500,969,2
0.500,0.500,0.500,0.500,0.500,0.500,0.520,0.520,0.520,0.500,0.500,0.500,481,1
0.500,0.500,0.500,0.550,0.550,0.550,0.500,0.500,0.500,0.490,0.490,0.490,522,1
0.500,0.500,0.500,0.550,0.550,0.550,0.500,0.500,0.500,0.520,0.520,0.520,261,2
0.550,0.550,0.550,0.500,0.500,0.500,0.550,0.550,0.550,0.500,0.500,0.500,726,1
0.450,0.450,0.450,0.500,0.500,0.500,0.510,0.510,0.510,0.500,0.500,0.500,469,1
0.500,0.500,0.500,0.450,0.450,0.450,0.500,0.500,0.500,0.470,0.470,0.470,399,1
0.450,0.450,0.450,0.500,0.500,0.500,0.510,0.510,0.510,0.500,0.500,0.500,106,1
0.500,0.500,0.500,0.500,0.500,0.500,0.500,0.500,0.500,0.450,0.450,0.450,309,1
0.550,0.550,0.550,0.500,0.500,0.500,0.540,0.540,0.540,0.500,0.500,0.500,692,1
0.550,0.550,0.550,0.500,0.500,0.500,0.550,0.550,0.550,0.500,0.500,0.500,990,1
0.500,0.500,0.500,0.450,0.450,0.450,0.500,0.500,0.500,0.550,0.550,0.550,737,2
0.500,0.500,0.500,0.550,0.550,0.550,0.500,0.500,0.500,0.520,0.520,0.520,492,2
0.550,0.550,0.550,0.500,0.500,0.500,0.500,0.500,0.500,0.500,0.500,0.500,820,1
0.500,0.500,0.500,0.500,0.500,0.500,0.450,0.450,0.450,0.500,0.500,0.500,441,2
0.550,0.550,0.550,0.500,0.500,0.500,0.490,0.490,0.490,0.500,0.500,0.500,951,2
0.500,0.500,0.500,0.500,0.500,0.500,0.500,0.500,0.500,0.500,0.500,0.500,842,2
0.550,0.550,0.550,0.500,0.500,0.500,0.520,0.520,0.520,0.500,0.500,0.500,294,1
0.550,0.550,0.550,0.500,0.500,0.500,0.520,0.520,0.520,0.500,0.500,0.500,96,1
0.500,0.500,0.500,0.450,0.450,0.450,0.500,0.500,0.500,0.510,0.510,0.510,799,2
0.500,0.500,0.500,0.450,0.450,0.450,0.500,0.500,0.500,0.550,0.550,0.550,440,2
0.500,0.500,0.500,0.500,0.500,0.500,0.550,0.550,0.550,0.500,0.500,0.500,649,1
0.450,0.450,0.450,0.500,0.500,0.500,0.520,0.520,0.520,0.500,0.500,0.500,206,1
0.500,0.500,0.500,0.550,0.550,0.550,0.500,0.500,0.500,0.470,0.470,0.470,388,1
0.550,0.550,0.550,0.500,0.500,0.500,0.500,0.500,0.500,0.500,0.500,0.500,490,1
0.500,0.500,0.500,0.500,0.500,0.500,0.500,0.500,0.500,0.470,0.470,0.470,740,1
0.500,0.500,0.500,0.500,0.500,0.500,0.500,0.500,0.500,0.510,0.510,0.510,876,2
0.450,0.450,0.450,0.500,0.500,0.500,0.510,0.510,0.510,0.500,0.500,0.500,832,1
0.500,0.500,0.500,0.500,0.500,0.500,0.500,0.500,0.500,0.490,0.490,0.490,478,1
0.450,0.450,0.450,0.500,0.500,0.500,0.540,0.540,0.540,0.500,0.500,0.500,604,1
0.450,0.450,0.450,0.500,0.500,0.500,0.530,0.530,0.530,0.500,0.500,0.500,570,1
0.500,0.500,0.500,0.550,0.550,0.550,0.500,0.500,0.500,0.540,0.540,0.540,32,2
0.500,0.500,0.500,0.500,0.500,0.500,0.500,0.500,0.500,0.500,0.500,0.500,644,1
0.500,0.500,0.500,0.500,0.500,0.500,0.500,0.500,0.500,0.480,0.480,0.480,873,1
0.550,0.550,0.550,0.500,0.500,0.500,0.500,0.500,0.500,0.500,0.500,0.500,787,1
0.500,0.500,0.500,0.500,0.500,0.500,0.510,0.510,0.510,0.500,0.500,0.500,843,1
0.500,0.500,0.500,0.550,0.550,0.550,0.500,0.500,0.500,0.480,0.480,0.480,884,1
0.500,0.500,0.500,0.500,0.500,0.500,0.460,0.460,0.460,0.500,0.500,0.500,310,2
0.500,0.500,0.500,0.450,0.450,0.450,0.500,0.500,0.500,0.450,0.450,0.450,694,1
0.450,0.450,0.450,0.500,0.500,0.500,0.490,0.490,0.490,0.500,0.500,0.500,731,2
0.450,0.450,0.450,0.500,0.500,0.500,0.520,0.520,0.520,0.500,0.500,0.500,338,1
0.550,0.550,0.550,0.500,0.500,0.500,0.530,0.530,0.530,0.500,0.500,0.500,625,1
0.500,0.500,0.500,0.550,0.550,0.550,0.500,0.500,0.500,0.520,0.520,0.520,63,2
0.550,0.550,0.550,0.500,0.500,0.500,0.470,0.470,0.470,0.500,0.500,0.500,124,2
0.550,0.550,0.550,0.500,0.500,0.500,0.510,0.510,0.510,0.500,0.500,0.500,458,1
0.500,0.500,0.500,0.450,0.450,0.450,0.500,0.500,0.500,0.510,0.510,0.510,766,2
0.500,0.500,0.500,0.500,0.500,0.500,0.500,0.500,0.500,0.460,0.460,0.460,145,1
0.450,0.450,0.450,0.500,0.500,0.500,0.540,0.540,0.540,0.500,0.500,0.500,703,1
0.500,0.500,0.500,0.500,0.500,0.500,0.520,0.520,0.520,0.500,0.500,0.500,382,1
0.550,0.550,0.550,0.500,0.500,0.500,0.470,0.470,0.470,0.500,0.500,0.500,289,2
0.500,0.500,0.500,0.500,0.500,0.500,0.500,0.500,0.500,0.470,0.470,0.470,146,1
0.500,0.500,0.500,0.450,0.450,0.450,0.500,0.500,0.500,0.460,0.460,0.460,68,1
0.500,0.500,0.500,0.500,0.500,0.500,0.450,0.450,0.450,0.500,0.500,0.500,903,2
0.500,0.500,0.500,0.500,0.500,0.500,0.500,0.500,0.500,0.490,0.490,0.490,973,1
0.500,0.500,0.500,0.500,0.500,0.500,0.550,0.550,0.550,0.500,0.500,0.500,220,1
0.500,0.500,0.500,0.550,0.550,0.550,0.500,0.500,0.500,0.450,0.450,0.450,881,1
0.500,0.500,0.500,0.500,0.500,0.500,0.490,0.490,0.490,0.500,0.500,0.500,49,2
0.500,0.500,0.500,0.500,0.500,0.500,0.500,0.500,0.500,0.490,0.490,0.490,82,1
0.550,0.550,0.550,0.500,0.500,0.500,0.470,0.470,0.470,0.500,0.500,0.500,586,2
0.500,0.500,0.500,0.500,0.500,0.500,0.500,0.500,0.500,0.500,0.500,0.500,314,2
0.500,0.500,0.500,0.550,0.550,0.550,0.500,0.500,0.500,0.500,0.500,0.500,292,2
0.500,0.500,0.500,0.500,0.500,0.500,0.530,0.530,0.530,0.500,0.500,0.500,746,1
0.500,0.500,0.500,0.500,0.500,0.500,0.520,0.520,0.520,0.500,0.500,0.500,514,1
0.500,0.500,0.500,0.500,0.500,0.500,0.500,0.500,0.500,0.530,0.530,0.530,581,2
0.500,0.500,0.500,0.450,0.450,0.450,0.500,0.500,0.500,0.550,0.550,0.550,704,2
0.500,0.500,0.500,0.450,0.450,0.450,0.500,0.500,0.500,0.490,0.490,0.490,797,1
0.500,0.500,0.500,0.500,0.500,0.500,0.500,0.500,0.500,0.480,0.480,0.480,114,1
0.500,0.500,0.500,0.500,0.500,0.500,0.540,0.540,0.540,0.500,0.500,0.500,846,1
0.450,0.450,0.450,0.500,0.500,0.500,0.460,0.460,0.460,0.500,0.500,0.500,233,2
0.450,0.450,0.450,0.500,0.500,0.500,0.550,0.550,0.550,0.500,0.500,0.500,44,1
0.550,0.550,0.550,0.500,0.500,0.500,0.510,0.510,0.510,0.500,0.500,0.500,62,1
0.550,0.550,0.550,0.500,0.500,0.500,0.500,0.500,0.500,0.500,0.500,0.500,226,1
0.500,0.500,0.500,0.500,0.500,0.500,0.470,0.470,0.470,0.500,0.500,0.500,806,2
0.500,0.500,0.500,0.500,0.500,0.500,0.510,0.510,0.510,0.500,0.500,0.500,381,1
0.450,0.450,0.450,0.500,0.500,0.500,0.520,0.520,0.520,0.500,0.500,0.500,536,1
0.450,0.450,0.450,0.500,0.500,0.500,0.500,0.500,0.500,0.500,0.500,0.500,930,1
0.450,0.450,0.450,0.500,0.500,0.500,0.550,0.550,0.550,0.500,0.500,0.500,110,1
0.550,0.550,0.550,0.500,0.500,0.500,0.450,0.450,0.450,0.500,0.500,0.500,617,2
0.500,0.500,0.500,0.500,0.500,0.500,0.500,0.500,0.500,0.530,0.530,0.530,284,2
0.500,0.500,0.500,0.500,0.500,0.500,0.500,0.500,0.500,0.540,0.540,0.540,351,2
0.500,0.500,0.500,0.550,0.550,0.550,0.500,0.500,0.500,0.540,0.540,0.540,494,2
0.550,0.550,0.550,0.500,0.500,0.500,0.510,0.510,0.510,0.500,0.500,0.500,491,1
0.500,0.500,0.500,0.500,0.500,0.500,0.460,0.460,0.460,0.500,0.500,0.500,640,2
0.500,0.500,0.500,0.450,0.450,0.450,0.500,0.500,0.500,0.460,0.460,0.460,35,1
0.450,0.450,0.450,0.500,0.500,0.500,0.450,0.450,0.450,0.500,0.500,0.500,727,2
0.500,0.500,0.500,0.450,0.450,0.450,0.500,0.500,0.500,0.470,0.470,0.470,564,1
0.450,0.450,0.450,0.500,0.500,0.500,0.470,0.470,0.470,0.500,0.500,0.500,135,2
0.500,0.500,0.500,0.550,0.550,0.550,0.500,0.500,0.500,0.520,0.520,0.520,591,2
0.500,0.500,0.500,0.550,0.550,0.550,0.500,0.500,0.500,0.510,0.510,0.510,557,2
0.500,0.500,0.500,0.500,0.500,0.500,0.460,0.460,0.460,0.500,0.500,0.500,607,2
0.500,0.500,0.500,0.450,0.450,0.450,0.500,0.500,0.500,0.450,0.450,0.450,496,1
0.550,0.550,0.550,0.500,0.500,0.500,0.510,0.510,0.510,0.500,0.500,0.500,95,1
0.500,0.500,0.500,0.450,0.450,0.450,0.500,0.500,0.500,0.530,0.530,0.530,9,2
0.500,0.500,0.500,0.500,0.500,0.500,0.500,0.500,0.500,0.470,0.470,0.470,938,1
0.500,0.500,0.500,0.500,0.500,0.500,0.500,0.500,0.500,0.500,0.500,0.500,677,1
0.500,0.500,0.500,0.550,0.550,0.550,0.500,0.500,0.500,0.540,0.540,0.540,626,2
0.500,0.500,0.500,0.450,0.450,0.450,0.500,0.500,0.500,0.480,0.480,0.480,730,1
0.450,0.450,0.450,0.500,0.500,0.500,0.530,0.530,0.530,0.500,0.500,0.500,240,1
0.500,0.500,0.500,0.450,0.450,0.450,0.500,0.500,0.500,0.490,0.490,0.490,896,1
0.500,0.500,0.500,0.500,0.500,0.500,0.530,0.530,0.530,0.500,0.500,0.500,614,1
0.500,0.500,0.500,0.500,0.500,0.500,0.470,0.470,0.470,0.500,0.500,0.500,80,2
0.500,0.500,0.500,0.450,0.450,0.450,0.500,0.500,0.500,0.530,0.530,0.530,207,2
0.500,0.500,0.500,0.550,0.550,0.550,0.500,0.500,0.500,0.470,0.470,0.470,817,1
0.450,0.450,0.450,0.500,0.500,0.500,0.540,0.540,0.540,0.500,0.500,0.500,472,1
0.500,0.500,0.500,0.500,0.500,0.500,0.460,0.460,0.460,0.500,0.500,0.500,970,2
0.500,0.500,0.500,0.450,0.450,0.450,0.500,0.500,0.500,0.530,0.530,0.530,966,2
0.500,0.500,0.500,0.550,0.550,0.550,0.500,0.500,0.500,0.450,0.450,0.450,683,1
0.450,0.450,0.450,0.500,0.500,0.500,0.480,0.480,0.480,0.500,0.500,0.500,334,2
0.500,0.500,0.500,0.450,0.450,0.450,0.500,0.500,0.500,0.550,0.550,0.550,638,2
0.500,0.500,0.500,0.450,0.450,0.450,0.500,0.500,0.500,0.540,0.540,0.540,736,2
0.450,0.450,0.450,0.500,0.500,0.500,0.470,0.470,0.470,0.500,0.500,0.500,861,2
0.500,0.500,0.500,0.450,0.450,0.450,0.500,0.500,0.500,0.530,0.530,0.530,933,2
0.450,0.450,0.450,0.500,0.500,0.500,0.510,0.510,0.510,0.500,0.500,0.500,898,1
0.500,0.500,0.500,0.550,0.550,0.550,0.500,0.500,0.500,0.530,0.530,0.530,130,2
0.500,0.500,0.500,0.500,0.500,0.500,0.510,0.510,0.510,0.500,0.500,0.500,84,1
0.500,0.500,0.500,0.550,0.550,0.550,0.500,0.500,0.500,0.550,0.550,0.550,132,2
0.550,0.550,0.550,0.500,0.500,0.500,0.540,0.540,0.540,0.500,0.500,0.500,65,1
0.500,0.500,0.500,0.500,0.500,0.500,0.500,0.500,0.500,0.500,0.500,0.500,578,2
0.500,0.500,0.500,0.500,0.500,0.500,0.500,0.500,0.500,0.550,0.550,0.550,748,2
0.500,0.500,0.500,0.500,0.500,0.500,0.500,0.500,0.500,0.540,0.540,0.540,219,2
0.550,0.550,0.550,0.500,0.500,0.500,0.460,0.460,0.460,0.500,0.500,0.500,156,2
0.500,0.500,0.500,0.500,0.500,0.500,0.500,0.500,0.500,0.500,0.500,0.500,941,2
0.500,0.500,0.500,0.500,0.500,0.500,0.500,0.500,0.500,0.540,0.540,0.540,813,2
0.500,0.500,0.500,0.450,0.450,0.450,0.500,0.500,0.500,0.530,0.530,0.530,735,2
0.500,0.500,0.500,0.500,0.500,0.500,0.550,0.550,0.550,0.500,0.500,0.500,814,1
0.500,0.500,0.500,0.550,0.550,0.550,0.500,0.500,0.500,0.530,0.530,0.530,262,2
0.500,0.500,0.500,0.450,0.450,0.450,0.500,0.500,0.500,0.540,0.540,0.540,340,2
0.550,0.550,0.550,0.500,0.500,0.500,0.490,0.490,0.490,0.500,0.500,0.500,60,2
0.500,0.500,0.500,0.500,0.500,0.500,0.500,0.500,0.500,0.490,0.490,0.490,511,1
0.450,0.450,0.450,0.500,0.500,0.500,0.530,0.530,0.530,0.500,0.500,0.500,867,1
0.500,0.500,0.500,0.500,0.500,0.500,0.520,0.520,0.520,0.500,0.500,0.500,85,1
0.550,0.550,0.550,0.500,0.500,0.500,0.500,0.500,0.500,0.500,0.500,0.500,622,1
0.500,0.500,0.500,0.550,0.550,0.550,0.500,0.500,0.500,0.450,0.450,0.450,320,1
0.500,0.500,0.500,0.500,0.500,0.500,0.470,0.470,0.470,0.500,0.500,0.500,377,2
0.500,0.500,0.500,0.500,0.500,0.500,0.500,0.500,0.500,0.540,0.540,0.540,912,2
0.500,0.500,0.500,0.500,0.500,0.500,0.500,0.500,0.500,0.550,0.550,0.550,880,2
0.500,0.500,0.500,0.450,0.450,0.450,0.500,0.500,0.500,0.470,0.470,0.470,3,1
0.500,0.500,0.500,0.450,0.450,0.450,0.500,0.500,0.500,0.460,0.460,0.460,794,1
0.500,0.500,0.500,0.500,0.500,0.500,0.540,0.540,0.540,0.500,0.500,0.500,186,1
0.500,0.500,0.500,0.500,0.500,0.500,0.510,0.510,0.510,0.500,0.500,0.500,447,1
0.500,0.500,0.500,0.450,0.450,0.450,0.500,0.500,0.500,0.470,0.470,0.470,432,1
0.500,0.500,0.500,0.500,0.500,0.500,0.500,0.500,0.500,0.550,0.550,0.550,913,2
0.500,0.500,0.500,0.550,0.550,0.550,0.500,0.500,0.500,0.540,0.540,0.540,428,2
0.500,0.500,0.500,0.500,0.500,0.500,0.500,0.500,0.500,0.480,0.480,0.480,840,1
0.450,0.450,0.450,0.500,0.500,0.500,0.450,0.450,0.450,0.500,0.500,0.500,331,2
0.550,0.550,0.550,0.500,0.500,0.500,0.540,0.540,0.540,0.500,0.500,0.500,98,1
0.550,0.550,0.550,0.500,0.500,0.500,0.500,0.500,0.500,0.500,0.500,0.500,655,1
0.500,0.500,0.500,0.500,0.500,0.500,0.500,0.500,0.500,0.460,0.460,0.460,475,1
0.500,0.500,0.500,0.450,0.450,0.450,0.500,0.500,0.500,0.500,0.500,0.500,171,2
0.500,0.500,0.500,0.500,0.500,0.500,0.550,0.550,0.550,0.500,0.500,0.500,517,1
0.500,0.500,0.500,0.500,0.500,0.500,0.500,0.500,0.500,0.490,0.490,0.490,544,1
0.450,0.450,0.450,0.500,0.500,0.500,0.540,0.540,0.540,0.500,0.500,0.500,241,1
0.500,0.500,0.500,0.450,0.450,0.450,0.500,0.500,0.500,0.510,0.510,0.510,370,2
0.500,0.500,0.500,0.500,0.500,0.500,0.450,0.450,0.450,0.500,0.500,0.500,111,2
0.500,0.500,0.500,0.500,0.500,0.500,0.500,0.500,0.500,0.520,0.520,0.520,151,2
0.500,0.500,0.500,0.450,0.450,0.450,0.500,0.500,0.500,0.530,0.530,0.530,339,2
0.450,0.450,0.450,0.500,0.500,0.500,0.510,0.510,0.510,0.500,0.500,0.500,139,1
0.500,0.500,0.500,0.500,0.500,0.500,0.480,0.480,0.480,0.500,0.500,0.500,807,2
0.450,0.450,0.450,0.500,0.500,0.500,0.450,0.450,0.450,0.500,0.500,0.500,892,2
0.450,0.450,0.450,0.500,0.500,0.500,0.490,0.490,0.490,0.500,0.500,0.500,170,2
0.500,0.500,0.500,0.450,0.450,0.450,0.500,0.500,0.500,0.540,0.540,0.540,571,2
0.500,0.500,0.500,0.450,0.450,0.450,0.500,0.500,0.500,0.500,0.500,0.500,270,2
0.500,0.500,0.500,0.550,0.550,0.550,0.500,0.500,0.500,0.520,0.520,0.520,624,2
0.550,0.550,0.550,0.500,0.500,0.500,0.550,0.550,0.550,0.500,0.500,0.500,165,1
0.450,0.450,0.450,0.500,0.500,0.500,0.510,0.510,0.510,0.500,0.500,0.500,238,1
0.500,0.500,0.500,0.550,0.550,0.550,0.500,0.500,0.500,0.490,0.490,0.490,192,1
0.550,0.550,0.550,0.500,0.500,0.500,0.490,0.490,0.490,0.500,0.500,0.500,258,2
0.500,0.500,0.500,0.500,0.500,0.500,0.510,0.510,0.510,0.500,0.500,0.500,348,1
0.450,0.450,0.450,0.500,0.500,0.500,0.510,0.510,0.510,0.500,0.500,0.500,403,1
0.500,0.500,0.500,0.500,0.500,0.500,0.510,0.510,0.510,0.500,0.500,0.500,216,1
0.550,0.550,0.550,0.500,0.500,0.500,0.550,0.550,0.550,0.500,0.500,0.500,495,1
0.450,0.450,0.450,0.500,0.500,0.500,0.510,0.510,0.510,0.500,0.500,0.500,568,1
0.450,0.450,0.450,0.500,0.500,0.500,0.520,0.520,0.520,0.500,0.500,0.500,8,1
0.550,0.550,0.550,0.500,0.500,0.500,0.510,0.510,0.510,0.500,0.500,0.500,392,1
0.500,0.500,0.500,0.450,0.450,0.450,0.500,0.500,0.500,0.510,0.510,0.510,172,2
0.500,0.500,0.500,0.500,0.500,0.500,0.490,0.490,0.490,0.500,0.500,0.500,577,2
0.500,0.500,0.500,0.500,0.500,0.500,0.500,0.500,0.500,0.460,0.460,0.460,211,1
0.500,0.500,0.500,0.450,0.450,0.450,0.500,0.500,0.500,0.540,0.540,0.540,142,2
0.550,0.550,0.550,0.500,0.500,0.500,0.540,0.540,0.540,0.500,0.500,0.500,230,1
0.500,0.500,0.500,0.500,0.500,0.500,0.500,0.500,0.500,0.450,0.450,0.450,936,1
0.500,0.500,0.500,0.500,0.500,0.500,0.500,0.500,0.500,0.490,0.490,0.490,610,1
0.500,0.500,0.500,0.450,0.450,0.450,0.500,0.500,0.500,0.530,0.530,0.530,504,2
0.500,0.500,0.500,0.500,0.500,0.500,0.490,0.490,0.490,0.500,0.500,0.500,907,2
0.450,0.450,0.450,0.500,0.500,0.500,0.540,0.540,0.540,0.500,0.500,0.500,769,1
0.500,0.500,0.500,0.500,0.500,0.500,0.500,0.500,0.500,0.530,0.530,0.530,449,2
0.550,0.550,0.550,0.500,0.500,0.500,0.450,0.450,0.450,0.500,0.500,0.500,947,2
0.500,0.500,0.500,0.500,0.500,0.500,0.500,0.500,0.500,0.530,0.530,0.530,878,2
0.500,0.500,0.500,0.500,0.500,0.500,0.520,0.520,0.520,0.500,0.500,0.500,745,1
0.500,0.500,0.500,0.550,0.550,0.550,0.500,0.500,0.500,0.530,0.530,0.530,889,2
0.550,0.550,0.550,0.500,0.500,0.500,0.500,0.500,0.500,0.500,0.500,0.500,952,1
0.500,0.500,0.500,0.550,0.550,0.550,0.500,0.500,0.500,0.460,0.460,0.460,90,1
0.500,0.500,0.500,0.500,0.500,0.500,0.490,0.490,0.490,0.500,0.500,0.500,379,2
0.500,0.500,0.500,0.500,0.500,0.500,0.500,0.500,0.500,0.450,0.450,0.450,507,1
0.500,0.500,0.500,0.500,0.500,0.500,0.520,0.520,0.520,0.500,0.500,0.500,613,1
0.550,0.550,0.550,0.500,0.500,0.500,0.490,0.490,0.490,0.500,0.500,0.500,852,2
0.500,0.500,0.500,0.550,0.550,0.550,0.500,0.500,0.500,0.480,0.480,0.480,191,1
0.500,0.500,0.500,0.550,0.550,0.550,0.500,0.500,0.500,0.480,0.480,0.480,224,1
0.500,0.500,0.500,0.450,0.450,0.450,0.500,0.500,0.500,0.460,0.460,0.460,134,1
0.550,0.550,0.550,0.500,0.500,0.500,0.460,0.460,0.460,0.500,0.500,0.500,420,2
0.500,0.500,0.500,0.500,0.500,0.500,0.550,0.550,0.550,0.500,0.500,0.500,847,1
0.450,0.450,0.450,0.500,0.500,0.500,0.530,0.530,0.530,0.500,0.500,0.500,603,1
0.500,0.500,0.500,0.550,0.550,0.550,0.500,0.500,0.500,0.530,0.530,0.530,163,2
0.500,0.500,0.500,0.500,0.500,0.500,0.500,0.500,0.500,0.470,0.470,0.470,839,1
0.500,0.500,0.500,0.500,0.500,0.500,0.500,0.500,0.500,0.500,0.500,0.500,83,2
0.550,0.550,0.550,0.500,0.500,0.500,0.550,0.550,0.550,0.500,0.500,0.500,660,1
0.550,0.550,0.550,0.500,0.500,0.500,0.490,0.490,0.490,0.500,0.500,0.500,489,2
0.500,0.500,0.500,0.500,0.500,0.500,0.470,0.470,0.470,0.500,0.500,0.500,278,2
0.450,0.450,0.450,0.500,0.500,0.500,0.470,0.470,0.470,0.500,0.500,0.500,729,2
0.500,0.500,0.500,0.550,0.550,0.550,0.500,0.500,0.500,0.510,0.510,0.510,161,2
0.500,0.500,0.500,0.550,0.550,0.550,0.500,0.500,0.500,0.550,0.550,0.550,957,2
0.500,0.500,0.500,0.500,0.500,0.500,0.510,0.510,0.510,0.500,0.500,0.500,777,1
0.500,0.500,0.500,0.500,0.500,0.500,0.490,0.490,0.490,0.500,0.500,0.500,775,2
0.550,0.550,0.550,0.500,0.500,0.500,0.460,0.460,0.460,0.500,0.500,0.500,816,2
0.500,0.500,0.500,0.500,0.500,0.500,0.460,0.460,0.460,0.500,0.500,0.500,805,2
0.550,0.550,0.550,0.500,0.500,0.500,0.490,0.490,0.490,0.500,0.500,0.500,159,2
0.500,0.500,0.500,0.450,0.450,0.450,0.500,0.500,0.500,0.470,0.470,0.470,168,1
0.500,0.500,0.500,0.500,0.500,0.500,0.550,0.550,0.550,0.500,0.500,0.500,121,1
0.500,0.500,0.500,0.550,0.550,0.550,0.500,0.500,0.500,0.520,0.520,0.520,195,2
0.550,0.550,0.550,0.500,0.500,0.500,0.510,0.510,0.510,0.500,0.500,0.500,656,1
0.450,0.450,0.450,0.500,0.500,0.500,0.500,0.500,0.500,0.500,0.500,0.500,468,1
0.450,0.450,0.450,0.500,0.500,0.500,0.480,0.480,0.480,0.500,0.500,0.500,433,2
0.450,0.450,0.450,0.500,0.500,0.500,0.450,0.450,0.450,0.500,0.500,0.500,67,2
0.500,0.500,0.500,0.550,0.550,0.550,0.500,0.500,0.500,0.520,0.520,0.520,789,2
0.450,0.450,0.450,0.500,0.500,0.500,0.500,0.500,0.500,0.500,0.500,0.500,501,1
0.500,0.500,0.500,0.500,0.500,0.500,0.500,0.500,0.500,0.510,0.510,0.510,810,2
0.500,0.500,0.500,0.500,0.500,0.500,0.500,0.500,0.500,0.510,0.510,0.510,513,2
0.550,0.550,0.550,0.500,0.500,0.500,0.450,0.450,0.450,0.500,0.500,0.500,518,2
0.500,0.500,0.500,0.550,0.550,0.550,0.500,0.500,0.500,0.490,0.490,0.490,720,1
0.500,0.500,0.500,0.550,0.550,0.550,0.500,0.500,0.500,0.500,0.500,0.500,424,2
0.500,0.500,0.500,0.550,0.550,0.550,0.500,0.500,0.500,0.550,0.550,0.550,330,2
0.500,0.500,0.500,0.450,0.450,0.450,0.500,0.500,0.500,0.540,0.540,0.540,373,2
0.550,0.550,0.550,0.500,0.500,0.500,0.510,0.510,0.510,0.500,0.500,0.500,128,1
0.500,0.500,0.500,0.450,0.450,0.450,0.500,0.500,0.500,0.530,0.530,0.530,141,2
0.550,0.550,0.550,0.500,0.500,0.500,0.480,0.480,0.480,0.500,0.500,0.500,719,2
0.450,0.450,0.450,0.500,0.500,0.500,0.490,0.490,0.490,0.500,0.500,0.500,632,2
0.550,0.550,0.550,0.500,0.500,0.500,0.450,0.450,0.450,0.500,0.500,0.500,848,2
0.450,0.450,0.450,0.500,0.500,0.500,0.450,0.450,0.450,0.500,0.500,0.500,34,2
0.500,0.500,0.500,0.500,0.500,0.500,0.490,0.490,0.490,0.500,0.500,0.500,841,2
0.550,0.550,0.550,0.500,0.500,0.500,0.450,0.450,0.450,0.500,0.500,0.500,452,2
0.500,0.500,0.500,0.500,0.500,0.500,0.500,0.500,0.500,0.500,0.500,0.500,149,2
0.550,0.550,0.550,0.500,0.500,0.500,0.480,0.480,0.480,0.500,0.500,0.500,125,2
0.500,0.500,0.500,0.550,0.550,0.550,0.500,0.500,0.500,0.510,0.510,0.510,29,2
0.500,0.500,0.500,0.550,0.550,0.550,0.500,0.500,0.500,0.490,0.490,0.490,390,1
0.500,0.500,0.500,0.550,0.550,0.550,0.500,0.500,0.500,0.480,0.480,0.480,290,1
0.500,0.500,0.500,0.500,0.500,0.500,0.510,0.510,0.510,0.500,0.500,0.500,150,1
0.450,0.450,0.450,0.500,0.500,0.500,0.550,0.550,0.550,0.500,0.500,0.500,11,1
0.550,0.550,0.550,0.500,0.500,0.500,0.520,0.520,0.520,0.500,0.500,0.500,228,1
0.500,0.500,0.500,0.550,0.550,0.550,0.500,0.500,0.500,0.520,0.520,0.520,888,2
0.500,0.500,0.500,0.500,0.500,0.500,0.500,0.500,0.500,0.500,0.500,0.500,347,2
0.500,0.500,0.500,0.500,0.500,0.500,0.530,0.530,0.530,0.500,0.500,0.500,779,1
0.500,0.500,0.500,0.500,0.500,0.500,0.500,0.500,0.500,0.540,0.540,0.540,87,2
0.500,0.500,0.500,0.550,0.550,0.550,0.500,0.500,0.500,0.530,0.530,0.530,592,2
0.500,0.500,0.500,0.550,0.550,0.550,0.500,0.500,0.500,0.470,0.470,0.470,454,1
0.550,0.550,0.550,0.500,0.500,0.500,0.450,0.450,0.450,0.500,0.500,0.500,782,2
0.450,0.450,0.450,0.500,0.500,0.500,0.530,0.530,0.530,0.500,0.500,0.500,471,1
0.500,0.500,0.500,0.450,0.450,0.450,0.500,0.500,0.500,0.490,0.490,0.490,698,1
0.500,0.500,0.500,0.500,0.500,0.500,0.500,0.500,0.500,0.500,0.500,0.500,875,1
0.500,0.500,0.500,0.500,0.500,0.500,0.470,0.470,0.470,0.500,0.500,0.500,14,2
0.500,0.500,0.500,0.500,0.500,0.500,0.450,0.450,0.450,0.500,0.500,0.500,45,2
0.500,0.500,0.500,0.500,0.500,0.500,0.500,0.500,0.500,0.470,0.470,0.470,47,1
0.500,0.500,0.500,0.500,0.500,0.500,0.480,0.480,0.480,0.500,0.500,0.500,675,2
0.500,0.500,0.500,0.500,0.500,0.500,0.500,0.500,0.500,0.530,0.530,0.530,647,2
0.500,0.500,0.500,0.550,0.550,0.550,0.500,0.500,0.500,0.550,0.550,0.550,759,2
0.500,0.500,0.500,0.500,0.500,0.500,0.500,0.500,0.500,0.490,0.490,0.490,148,1
0.450,0.450,0.450,0.500,0.500,0.500,0.490,0.490,0.490,0.500,0.500,0.500,665,2
0.450,0.450,0.450,0.500,0.500,0.500,0.540,0.540,0.540,0.500,0.500,0.500,406,1
0.500,0.500,0.500,0.550,0.550,0.550,0.500,0.500,0.500,0.550,0.550,0.550,858,2
0.500,0.500,0.500,0.450,0.450,0.450,0.500,0.500,0.500,0.480,0.480,0.480,961,1
0.500,0.500,0.500,0.450,0.450,0.450,0.500,0.500,0.500,0.480,0.480,0.480,829,1
0.500,0.500,0.500,0.550,0.550,0.550,0.500,0.500,0.500,0.500,0.500,0.500,127,2
0.500,0.500,0.500,0.500,0.500,0.500,0.500,0.500,0.500,0.510,0.510,0.510,480,2
0.450,0.450,0.450,0.500,0.500,0.500,0.510,0.510,0.510,0.500,0.500,0.500,73,1
0.550,0.550,0.550,0.500,0.500,0.500,0.500,0.500,0.500,0.500,0.500,0.500,523,1
0.500,0.500,0.500,0.500,0.500,0.500,0.500,0.500,0.500,0.470,0.470,0.470,179,1
0.500,0.500,0.500,0.500,0.500,0.500,0.500,0.500,0.500,0.500,0.500,0.500,380,2
0.450,0.450,0.450,0.500,0.500,0.500,0.530,0.530,0.530,0.500,0.500,0.500,669,1
0.550,0.550,0.550,0.500,0.500,0.500,0.550,0.550,0.550,0.500,0.500,0.500,363,1
0.500,0.500,0.500,0.500,0.500,0.500,0.500,0.500,0.500,0.480,0.480,0.480,378,1
0.550,0.550,0.550,0.500,0.500,0.500,0.450,0.450,0.450,0.500,0.500,0.500,419,2
0.500,0.500,0.500,0.550,0.550,0.550,0.500,0.500,0.500,0.550,0.550,0.550,297,2
0.450,0.450,0.450,0.500,0.500,0.500,0.510,0.510,0.510,0.500,0.500,0.500,733,1
0.500,0.500,0.500,0.550,0.550,0.550,0.500,0.500,0.500,0.460,0.460,0.460,717,1
0.500,0.500,0.500,0.550,0.550,0.550,0.500,0.500,0.500,0.510,0.510,0.510,986,2
0.500,0.500,0.500,0.450,0.450,0.450,0.500,0.500,0.500,0.520,0.520,0.520,899,2
0.500,0.500,0.500,0.500,0.500,0.500,0.500,0.500,0.500,0.490,0.490,0.490,874,1
0.500,0.500,0.500,0.500,0.500,0.500,0.460,0.460,0.460,0.500,0.500,0.500,376,2
0.500,0.500,0.500,0.450,0.450,0.450,0.500,0.500,0.500,0.460,0.460,0.460,959,1
0.500,0.500,0.500,0.550,0.550,0.550,0.500,0.500,0.500,0.540,0.540,0.540,791,2
0.450,0.450,0.450,0.500,0.500,0.500,0.510,0.510,0.510,0.500,0.500,0.500,337,1
0.550,0.550,0.550,0.500,0.500,0.500,0.500,0.500,0.500,0.500,0.500,0.500,886,1
0.500,0.500,0.500,0.500,0.500,0.500,0.500,0.500,0.500,0.460,0.460,0.460,46,1
0.450,0.450,0.450,0.500,0.500,0.500,0.480,0.480,0.480,0.500,0.500,0.500,565,2
0.500,0.500,0.500,0.450,0.450,0.450,0.500,0.500,0.500,0.490,0.490,0.490,401,1
0.450,0.450,0.450,0.500,0.500,0.500,0.550,0.550,0.550,0.500,0.500,0.500,209,1
0.550,0.550,0.550,0.500,0.500,0.500,0.470,0.470,0.470,0.500,0.500,0.500,355,2
0.550,0.550,0.550,0.500,0.500,0.500,0.550,0.550,0.550,0.500,0.500,0.500,891,1
0.500,0.500,0.500,0.550,0.550,0.550,0.500,0.500,0.500,0.470,0.470,0.470,58,1
0.500,0.500,0.500,0.550,0.550,0.550,0.500,0.500,0.500,0.530,0.530,0.530,658,2
0.500,0.500,0.500,0.550,0.550,0.550,0.500,0.500,0.500,0.520,0.520,0.520,459,2
0.450,0.450,0.450,0.500,0.500,0.500,0.480,0.480,0.480,0.500,0.500,0.500,697,2
0.500,0.500,0.500,0.500,0.500,0.500,0.450,0.450,0.450,0.500,0.500,0.500,540,2
0.450,0.450,0.450,0.500,0.500,0.500,0.550,0.550,0.550,0.500,0.500,0.500,506,1
0.500,0.500,0.500,0.450,0.450,0.450,0.500,0.500,0.500,0.550,0.550,0.550,803,2
0.500,0.500,0.500,0.500,0.500,0.500,0.460,0.460,0.460,0.500,0.500,0.500,112,2
0.500,0.500,0.500,0.550,0.550,0.550,0.500,0.500,0.500,0.530,0.530,0.530,460,2
0.500,0.500,0.500,0.550,0.550,0.550,0.500,0.500,0.500,0.500,0.500,0.500,589,2
0.450,0.450,0.450,0.500,0.500,0.500,0.550,0.550,0.550,0.500,0.500,0.500,869,1
0.500,0.500,0.500,0.500,0.500,0.500,0.500,0.500,0.500,0.550,0.550,0.550,550,2
0.500,0.500,0.500,0.550,0.550,0.550,0.500,0.500,0.500,0.540,0.540,0.540,989,2
0.450,0.450,0.450,0.500,0.500,0.500,0.510,0.510,0.510,0.500,0.500,0.500,304,1
0.500,0.500,0.500,0.500,0.500,0.500,0.540,0.540,0.540,0.500,0.500,0.500,21,1
0.500,0.500,0.500,0.500,0.500,0.500,0.550,0.550,0.550,0.500,0.500,0.500,451,1
0.500,0.500,0.500,0.500,0.500,0.500,0.510,0.510,0.510,0.500,0.500,0.500,315,1
0.500,0.500,0.500,0.550,0.550,0.550,0.500,0.500,0.500,0.510,0.510,0.510,788,2
0.500,0.500,0.500,0.550,0.550,0.550,0.500,0.500,0.500,0.470,0.470,0.470,223,1
0.500,0.500,0.500,0.500,0.500,0.500,0.450,0.450,0.450,0.500,0.500,0.500,738,2
0.500,0.500,0.500,0.500,0.500,0.500,0.500,0.500,0.500,0.470,0.470,0.470,641,1
0.550,0.550,0.550,0.500,0.500,0.500,0.490,0.490,0.490,0.500,0.500,0.500,456,2
0.500,0.500,0.500,0.500,0.500,0.500,0.500,0.500,0.500,0.500,0.500,0.500,17,2
0.500,0.500,0.500,0.500,0.500,0.500,0.470,0.470,0.470,0.500,0.500,0.500,410,2
0.500,0.500,0.500,0.500,0.500,0.500,0.510,0.510,0.510,0.500,0.500,0.500,51,1
0.550,0.550,0.550,0.500,0.500,0.500,0.460,0.460,0.460,0.500,0.500,0.500,519,2
0.500,0.500,0.500,0.500,0.500,0.500,0.500,0.500,0.500,0.500,0.500,0.500,545,1
0.450,0.450,0.450,0.500,0.500,0.500,0.550,0.550,0.550,0.500,0.500,0.500,374,1
0.500,0.500,0.500,0.500,0.500,0.500,0.500,0.500,0.500,0.520,0.520,0.520,415,2
0.450,0.450,0.450,0.500,0.500,0.500,0.460,0.460,0.460,0.500,0.500,0.500,431,2
0.500,0.500,0.500,0.500,0.500,0.500,0.540,0.540,0.540,0.500,0.500,0.500,483,1
0.500,0.500,0.500,0.450,0.450,0.450,0.500,0.500,0.500,0.530,0.530,0.530,372,2
0.550,0.550,0.550,0.500,0.500,0.500,0.540,0.540,0.540,0.500,0.500,0.500,461,1
0.500,0.500,0.500,0.450,0.450,0.450,0.500,0.500,0.500,0.550,0.550,0.550,836,2
0.500,0.500,0.500,0.550,0.550,0.550,0.500,0.500,0.500,0.530,0.530,0.530,724,2
0.500,0.500,0.500,0.500,0.500,0.500,0.500,0.500,0.500,0.550,0.550,0.550,385,2
0.500,0.500,0.500,0.550,0.550,0.550,0.500,0.500,0.500,0.490,0.490,0.490,621,1
0.500,0.500,0.500,0.450,0.450,0.450,0.500,0.500,0.500,0.530,0.530,0.530,174,2
0.500,0.500,0.500,0.550,0.550,0.550,0.500,0.500,0.500,0.510,0.510,0.510,590,2
0.500,0.500,0.500,0.500,0.500,0.500,0.510,0.510,0.510,0.500,0.500,0.500,645,1
0.550,0.550,0.550,0.500,0.500,0.500,0.460,0.460,0.460,0.500,0.500,0.500,321,2
0.500,0.500,0.500,0.550,0.550,0.550,0.500,0.500,0.500,0.450,0.450,0.450,749,1
0.500,0.500,0.500,0.500,0.500,0.500,0.500,0.500,0.500,0.520,0.520,0.520,976,2
0.500,0.500,0.500,0.500,0.500,0.500,0.500,0.500,0.500,0.540,0.540,0.540,549,2
0.500,0.500,0.500,0.500,0.500,0.500,0.520,0.520,0.520,0.500,0.500,0.500,52,1
0.500,0.500,0.500,0.450,0.450,0.450,0.500,0.500,0.500,0.490,0.490,0.490,335,1
0.500,0.500,0.500,0.450,0.450,0.450,0.500,0.500,0.500,0.550,0.550,0.550,275,2
0.500,0.500,0.500,0.550,0.550,0.550,0.500,0.500,0.500,0.470,0.470,0.470,256,1
0.500,0.500,0.500,0.500,0.500,0.500,0.500,0.500,0.500,0.510,0.510,0.510,117,2
0.500,0.500,0.500,0.500,0.500,0.500,0.500,0.500,0.500,0.520,0.520,0.520,283,2
0.500,0.500,0.500,0.500,0.500,0.500,0.460,0.460,0.460,0.500,0.500,0.500,409,2
0.450,0.450,0.450,0.500,0.500,0.500,0.490,0.490,0.490,0.500,0.500,0.500,467,2
0.500,0.500,0.500,0.550,0.550,0.550,0.500,0.500,0.500,0.530,0.530,0.530,427,2
0.500,0.500,0.500,0.550,0.550,0.550,0.500,0.500,0.500,0.460,0.460,0.460,453,1
0.500,0.500,0.500,0.450,0.450,0.450,0.500,0.500,0.500,0.480,0.480,0.480,499,1
0.500,0.500,0.500,0.450,0.450,0.450,0.500,0.500,0.500,0.480,0.480,0.480,598,1
0.500,0.500,0.500,0.500,0.500,0.500,0.510,0.510,0.510,0.500,0.500,0.500,546,1
0.500,0.500,0.500,0.500,0.500,0.500,0.500,0.500,0.500,0.480,0.480,0.480,741,1
0.500,0.500,0.500,0.500,0.500,0.500,0.500,0.500,0.500,0.470,0.470,0.470,542,1
0.500,0.500,0.500,0.450,0.450,0.450,0.500,0.500,0.500,0.480,0.480,0.480,268,1
0.500,0.500,0.500,0.500,0.500,0.500,0.530,0.530,0.530,0.500,0.500,0.500,812,1
0.500,0.500,0.500,0.500,0.500,0.500,0.500,0.500,0.500,0.520,0.520,0.520,844,2
0.500,0.500,0.500,0.550,0.550,0.550,0.500,0.500,0.500,0.520,0.520,0.520,822,2
0.550,0.550,0.550,0.500,0.500,0.500,0.550,0.550,0.550,0.500,0.500,0.500,924,1
0.500,0.500,0.500,0.450,0.450,0.450,0.500,0.500,0.500,0.460,0.460,0.460,530,1
0.500,0.500,0.500,0.550,0.550,0.550,0.500,0.500,0.500,0.550,0.550,0.550,594,2
0.450,0.450,0.450,0.500,0.500,0.500,0.500,0.500,0.500,0.500,0.500,0.500,237,1
0.500,0.500,0.500,0.500,0.500,0.500,0.500,0.500,0.500,0.550,0.550,0.550,22,2
0.500,0.500,0.500,0.450,0.450,0.450,0.500,0.500,0.500,0.550,0.550,0.550,473,2
0.550,0.550,0.550,0.500,0.500,0.500,0.490,0.490,0.490,0.500,0.500,0.500,291,2
0.500,0.500,0.500,0.550,0.550,0.550,0.500,0.500,0.500,0.510,0.510,0.510,887,2
0.550,0.550,0.550,0.500,0.500,0.500,0.540,0.540,0.540,0.500,0.500,0.500,164,1
0.550,0.550,0.550,0.500,0.500,0.500,0.480,0.480,0.480,0.500,0.500,0.500,422,2
0.450,0.450,0.450,0.500,0.500,0.500,0.470,0.470,0.470,0.500,0.500,0.500,36,2
0.500,0.500,0.500,0.550,0.550,0.550,0.500,0.500,0.500,0.460,0.460,0.460,486,1
0.450,0.450,0.450,0.500,0.500,0.500,0.490,0.490,0.490,0.500,0.500,0.500,302,2
0.500,0.500,0.500,0.500,0.500,0.500,0.500,0.500,0.500,0.520,0.520,0.520,448,2
0.500,0.500,0.500,0.500,0.500,0.500,0.500,0.500,0.500,0.550,0.550,0.550,418,2
0.500,0.500,0.500,0.500,0.500,0.500,0.450,0.450,0.450,0.500,0.500,0.500,639,2
0.500,0.500,0.500,0.450,0.450,0.450,0.500,0.500,0.500,0.540,0.540,0.540,538,2
0.500,0.500,0.500,0.500,0.500,0.500,0.490,0.490,0.490,0.500,0.500,0.500,643,2
0.500,0.500,0.500,0.450,0.450,0.450,0.500,0.500,0.500,0.480,0.480,0.480,37,1
0.500,0.500,0.500,0.450,0.450,0.450,0.500,0.500,0.500,0.490,0.490,0.490,599,1
0.550,0.550,0.550,0.500,0.500,0.500,0.470,0.470,0.470,0.500,0.500,0.500,322,2
0.450,0.450,0.450,0.500,0.500,0.500,0.520,0.520,0.520,0.500,0.500,0.500,239,1
0.450,0.450,0.450,0.500,0.500,0.500,0.490,0.490,0.490,0.500,0.500,0.500,533,2
0.550,0.550,0.550,0.500,0.500,0.500,0.470,0.470,0.470,0.500,0.500,0.500,91,2
0.500,0.500,0.500,0.550,0.550,0.550,0.500,0.500,0.500,0.530,0.530,0.530,328,2
0.500,0.500,0.500,0.500,0.500,0.500,0.530,0.530,0.530,0.500,0.500,0.500,350,1
0.500,0.500,0.500,0.450,0.450,0.450,0.500,0.500,0.500,0.540,0.540,0.540,274,2
0.500,0.500,0.500,0.500,0.500,0.500,0.500,0.500,0.500,0.500,0.500,0.500,710,1
0.550,0.550,0.550,0.500,0.500,0.500,0.500,0.500,0.500,0.500,0.500,0.500,688,1
0.500,0.500,0.500,0.550,0.550,0.550,0.500,0.500,0.500,0.540,0.540,0.540,527,2
0.500,0.500,0.500,0.550,0.550,0.550,0.500,0.500,0.500,0.470,0.470,0.470,916,1
0.450,0.450,0.450,0.500,0.500,0.500,0.500,0.500,0.500,0.500,0.500,0.500,897,1
0.450,0.450,0.450,0.500,0.500,0.500,0.490,0.490,0.490,0.500,0.500,0.500,203,2
0.550,0.550,0.550,0.500,0.500,0.500,0.460,0.460,0.460,0.500,0.500,0.500,750,2
0.450,0.450,0.450,0.500,0.500,0.500,0.470,0.470,0.470,0.500,0.500,0.500,663,2
0.500,0.500,0.500,0.550,0.550,0.550,0.500,0.500,0.500,0.510,0.510,0.510,953,2
0.550,0.550,0.550,0.500,0.500,0.500,0.520,0.520,0.520,0.500,0.500,0.500,954,1
0.550,0.550,0.550,0.500,0.500,0.500,0.480,0.480,0.480,0.500,0.500,0.500,686,2
0.450,0.450,0.450,0.500,0.500,0.500,0.540,0.540,0.540,0.500,0.500,0.500,505,1
0.500,0.500,0.500,0.500,0.500,0.500,0.520,0.520,0.520,0.500,0.500,0.500,712,1
0.500,0.500,0.500,0.500,0.500,0.500,0.500,0.500,0.500,0.490,0.490,0.490,940,1
0.450,0.450,0.450,0.500,0.500,0.500,0.550,0.550,0.550,0.500,0.500,0.500,341,1
0.500,0.500,0.500,0.500,0.500,0.500,0.500,0.500,0.500,0.540,0.540,0.540,318,2
0.500,0.500,0.500,0.550,0.550,0.550,0.500,0.500,0.500,0.500,0.500,0.500,457,2
0.500,0.500,0.500,0.500,0.500,0.500,0.500,0.500,0.500,0.540,0.540,0.540,120,2
0.500,0.500,0.500,0.450,0.450,0.450,0.500,0.500,0.500,0.500,0.500,0.500,105,2
0.500,0.500,0.500,0.450,0.450,0.450,0.500,0.500,0.500,0.460,0.460,0.460,893,1
0.450,0.450,0.450,0.500,0.500,0.500,0.500,0.500,0.500,0.500,0.500,0.500,303,1
0.500,0.500,0.500,0.450,0.450,0.450,0.500,0.500,0.500,0.530,0.530,0.530,834,2
0.500,0.500,0.500,0.500,0.500,0.500,0.450,0.450,0.450,0.500,0.500,0.500,12,2
0.450,0.450,0.450,0.500,0.500,0.500,0.470,0.470,0.470,0.500,0.500,0.500,498,2
0.450,0.450,0.450,0.500,0.500,0.500,0.460,0.460,0.460,0.500,0.500,0.500,332,2
0.500,0.500,0.500,0.450,0.450,0.450,0.500,0.500,0.500,0.500,0.500,0.500,633,2
0.550,0.550,0.550,0.500,0.500,0.500,0.460,0.460,0.460,0.500,0.500,0.500,387,2
0.500,0.500,0.500,0.450,0.450,0.450,0.500,0.500,0.500,0.480,0.480,0.480,103,1
0.500,0.500,0.500,0.500,0.500,0.500,0.540,0.540,0.540,0.500,0.500,0.500,747,1
0.550,0.550,0.550,0.500,0.500,0.500,0.480,0.480,0.480,0.500,0.500,0.500,851,2
0.500,0.500,0.500,0.550,0.550,0.550,0.500,0.500,0.500,0.490,0.490,0.490,753,1
0.500,0.500,0.500,0.500,0.500,0.500,0.530,0.530,0.530,0.500,0.500,0.500,20,1
0.500,0.500,0.500,0.450,0.450,0.450,0.500,0.500,0.500,0.530,0.530,0.530,405,2
0.550,0.550,0.550,0.500,0.500,0.500,0.450,0.450,0.450,0.500,0.500,0.500,188,2
0.500,0.500,0.500,0.500,0.500,0.500,0.460,0.460,0.460,0.500,0.500,0.500,904,2
0.500,0.500,0.500,0.450,0.450,0.450,0.500,0.500,0.500,0.500,0.500,0.500,138,2
0.500,0.500,0.500,0.500,0.500,0.500,0.480,0.480,0.480,0.500,0.500,0.500,609,2
0.500,0.500,0.500,0.550,0.550,0.550,0.500,0.500,0.500,0.540,0.540,0.540,725,2
0.500,0.500,0.500,0.500,0.500,0.500,0.520,0.520,0.520,0.500,0.500,0.500,580,1
0.500,0.500,0.500,0.500,0.500,0.500,0.500,0.500,0.500,0.530,0.530,0.530,383,2
0.500,0.500,0.500,0.450,0.450,0.450,0.500,0.500,0.500,0.550,0.550,0.550,407,2
0.500,0.500,0.500,0.550,0.550,0.550,0.500,0.500,0.500,0.480,0.480,0.480,818,1
0.450,0.450,0.450,0.500,0.500,0.500,0.460,0.460,0.460,0.500,0.500,0.500,266,2
0.500,0.500,0.500,0.500,0.500,0.500,0.530,0.530,0.530,0.500,0.500,0.500,317,1
0.500,0.500,0.500,0.500,0.500,0.500,0.500,0.500,0.500,0.540,0.540,0.540,582,2
0.450,0.450,0.450,0.500,0.500,0.500,0.520,0.520,0.520,0.500,0.500,0.500,800,1
0.500,0.500,0.500,0.500,0.500,0.500,0.500,0.500,0.500,0.500,0.500,0.500,512,2
0.500,0.500,0.500,0.500,0.500,0.500,0.480,0.480,0.480,0.500,0.500,0.500,246,2
0.500,0.500,0.500,0.500,0.500,0.500,0.500,0.500,0.500,0.500,0.500,0.500,446,2
0.500,0.500,0.500,0.450,0.450,0.450,0.500,0.500,0.500,0.500,0.500,0.500,369,2
0.500,0.500,0.500,0.500,0.500,0.500,0.540,0.540,0.540,0.500,0.500,0.500,714,1
0.500,0.500,0.500,0.500,0.500,0.500,0.500,0.500,0.500,0.540,0.540,0.540,417,2
0.500,0.500,0.500,0.500,0.500,0.500,0.450,0.450,0.450,0.500,0.500,0.500,573,2
0.500,0.500,0.500,0.500,0.500,0.500,0.500,0.500,0.500,0.500,0.500,0.500,116,1
0.500,0.500,0.500,0.550,0.550,0.550,0.500,0.500,0.500,0.480,0.480,0.480,587,1
0.500,0.500,0.500,0.500,0.500,0.500,0.460,0.460,0.460,0.500,0.500,0.500,838,2
0.500,0.500,0.500,0.550,0.550,0.550,0.500,0.500,0.500,0.520,0.520,0.520,525,2
0.500,0.500,0.500,0.500,0.500,0.500,0.500,0.500,0.500,0.490,0.490,0.490,247,1
0.500,0.500,0.500,0.500,0.500,0.500,0.500,0.500,0.500,0.480,0.480,0.480,180,1
0.500,0.500,0.500,0.500,0.500,0.500,0.460,0.460,0.460,0.500,0.500,0.500,739,2
0.500,0.500,0.500,0.500,0.500,0.500,0.470,0.470,0.470,0.500,0.500,0.500,212,2
0.500,0.500,0.500,0.450,0.450,0.450,0.500,0.500,0.500,0.470,0.470,0.470,267,1
0.500,0.500,0.500,0.500,0.500,0.500,0.500,0.500,0.500,0.500,0.500,0.500,281,1
0.500,0.500,0.500,0.500,0.500,0.500,0.500,0.500,0.500,0.450,0.450,0.450,144,1
0.500,0.500,0.500,0.550,0.550,0.550,0.500,0.500,0.500,0.550,0.550,0.550,99,2
0.550,0.550,0.550,0.500,0.500,0.500,0.450,0.450,0.450,0.500,0.500,0.500,815,2
0.500,0.500,0.500,0.550,0.550,0.550,0.500,0.500,0.500,0.520,0.520,0.520,657,2
0.500,0.500,0.500,0.500,0.500,0.500,0.540,0.540,0.540,0.500,0.500,0.500,54,1
0.550,0.550,0.550,0.500,0.500,0.500,0.470,0.470,0.470,0.500,0.500,0.500,520,2
0.550,0.550,0.550,0.500,0.500,0.500,0.550,0.550,0.550,0.500,0.500,0.500,33,1
0.500,0.500,0.500,0.550,0.550,0.550,0.500,0.500,0.500,0.520,0.520,0.520,426,2
0.500,0.500,0.500,0.500,0.500,0.500,0.500,0.500,0.500,0.520,0.520,0.520,184,2
0.500,0.500,0.500,0.500,0.500,0.500,0.500,0.500,0.500,0.550,0.550,0.550,484,2
0.500,0.500,0.500,0.550,0.550,0.550,0.500,0.500,0.500,0.500,0.500,0.500,721,2
0.500,0.500,0.500,0.450,0.450,0.450,0.500,0.500,0.500,0.450,0.450,0.450,628,1
0.500,0.500,0.500,0.450,0.450,0.450,0.500,0.500,0.500,0.460,0.460,0.460,365,1
0.500,0.500,0.500,0.450,0.450,0.450,0.500,0.500,0.500,0.550,0.550,0.550,605,2
0.500,0.500,0.500,0.450,0.450,0.450,0.500,0.500,0.500,0.510,0.510,0.510,436,2
0.500,0.500,0.500,0.450,0.450,0.450,0.500,0.500,0.500,0.510,0.510,0.510,205,2
0.500,0.500,0.500,0.550,0.550,0.550,0.500,0.500,0.500,0.450,0.450,0.450,485,1
0.500,0.500,0.500,0.550,0.550,0.550,0.500,0.500,0.500,0.520,0.520,0.520,327,2
0.500,0.500,0.500,0.500,0.500,0.500,0.480,0.480,0.480,0.500,0.500,0.500,312,2
0.450,0.450,0.450,0.500,0.500,0.500,0.450,0.450,0.450,0.500,0.500,0.500,793,2
0.450,0.450,0.450,0.500,0.500,0.500,0.520,0.520,0.520,0.500,0.500,0.500,74,1
0.500,0.500,0.500,0.550,0.550,0.550,0.500,0.500,0.500,0.450,0.450,0.450,122,1
0.500,0.500,0.500,0.500,0.500,0.500,0.520,0.520,0.520,0.500,0.500,0.500,316,1
0.500,0.500,0.500,0.450,0.450,0.450,0.500,0.500,0.500,0.450,0.450,0.450,133,1
0.450,0.450,0.450,0.500,0.500,0.500,0.460,0.460,0.460,0.500,0.500,0.500,695,2
0.500,0.500,0.500,0.550,0.550,0.550,0.500,0.500,0.500,0.500,0.500,0.500,160,2
0.450,0.450,0.450,0.500,0.500,0.500,0.530,0.530,0.530,0.500,0.500,0.500,273,1
0.500,0.500,0.500,0.500,0.500,0.500,0.500,0.500,0.500,0.470,0.470,0.470,509,1
0.450,0.450,0.450,0.500,0.500,0.500,0.480,0.480,0.480,0.500,0.500,0.500,4,2
0.500,0.500,0.500,0.550,0.550,0.550,0.500,0.500,0.500,0.540,0.540,0.540,593,2
0.500,0.500,0.500,0.500,0.500,0.500,0.470,0.470,0.470,0.500,0.500,0.500,113,2
0.500,0.500,0.500,0.500,0.500,0.500,0.460,0.460,0.460,0.500,0.500,0.500,244,2
0.500,0.500,0.500,0.500,0.500,0.500,0.460,0.460,0.460,0.500,0.500,0.500,13,2
0.450,0.450,0.450,0.500,0.500,0.500,0.500,0.500,0.500,0.500,0.500,0.500,336,1
0.500,0.500,0.500,0.550,0.550,0.550,0.500,0.500,0.500,0.540,0.540,0.540,923,2
0.500,0.500,0.500,0.500,0.500,0.500,0.530,0.530,0.530,0.500,0.500,0.500,218,1
0.500,0.500,0.500,0.550,0.550,0.550,0.500,0.500,0.500,0.550,0.550,0.550,693,2
0.500,0.500,0.500,0.550,0.550,0.550,0.500,0.500,0.500,0.500,0.500,0.500,754,2
0.500,0.500,0.500,0.550,0.550,0.550,0.500,0.500,0.500,0.520,0.520,0.520,30,2
0.500,0.500,0.500,0.500,0.500,0.500,0.500,0.500,0.500,0.500,0.500,0.500,776,1
0.500,0.500,0.500,0.550,0.550,0.550,0.500,0.500,0.500,0.480,0.480,0.480,653,1
0.500,0.500,0.500,0.500,0.500,0.500,0.500,0.500,0.500,0.480,0.480,0.480,510,1
0.550,0.550,0.550,0.500,0.500,0.500,0.550,0.550,0.550,0.500,0.500,0.500,627,1
0.500,0.500,0.500,0.500,0.500,0.500,0.510,0.510,0.510,0.500,0.500,0.500,579,1
0.500,0.500,0.500,0.550,0.550,0.550,0.500,0.500,0.500,0.510,0.510,0.510,359,2
0.500,0.500,0.500,0.450,0.450,0.450,0.500,0.500,0.500,0.470,0.470,0.470,300,1
0.500,0.500,0.500,0.500,0.500,0.500,0.450,0.450,0.450,0.500,0.500,0.500,375,2
0.550,0.550,0.550,0.500,0.500,0.500,0.490,0.490,0.490,0.500,0.500,0.500,555,2
0.500,0.500,0.500,0.500,0.500,0.500,0.500,0.500,0.500,0.530,0.530,0.530,152,2
0.550,0.550,0.550,0.500,0.500,0.500,0.490,0.490,0.490,0.500,0.500,0.500,357,2
0.550,0.550,0.550,0.500,0.500,0.500,0.450,0.450,0.450,0.500,0.500,0.500,23,2
0.550,0.550,0.550,0.500,0.500,0.500,0.480,0.480,0.480,0.500,0.500,0.500,554,2
0.500,0.500,0.500,0.450,0.450,0.450,0.500,0.500,0.500,0.450,0.450,0.450,397,1
0.550,0.550,0.550,0.500,0.500,0.500,0.480,0.480,0.480,0.500,0.500,0.500,752,2
0.500,0.500,0.500,0.550,0.550,0.550,0.500,0.500,0.500,0.540,0.540,0.540,758,2
0.500,0.500,0.500,0.550,0.550,0.550,0.500,0.500,0.500,0.480,0.480,0.480,620,1
0.500,0.500,0.500,0.450,0.450,0.450,0.500,0.500,0.500,0.490,0.490,0.490,104,1
0.500,0.500,0.500,0.450,0.450,0.450,0.500,0.500,0.500,0.480,0.480,0.480,400,1
0.500,0.500,0.500,0.500,0.500,0.500,0.500,0.500,0.500,0.510,0.510,0.510,18,2
0.500,0.500,0.500,0.500,0.500,0.500,0.480,0.480,0.480,0.500,0.500,0.500,147,2
0.550,0.550,0.550,0.500,0.500,0.500,0.480,0.480,0.480,0.500,0.500,0.500,785,2
0.500,0.500,0.500,0.500,0.500,0.500,0.500,0.500,0.500,0.510,0.510,0.510,909,2
0.500,0.500,0.500,0.550,0.550,0.550,0.500,0.500,0.500,0.450,0.450,0.450,386,1
0.500,0.500,0.500,0.550,0.550,0.550,0.500,0.500,0.500,0.510,0.510,0.510,854,2
0.500,0.500,0.500,0.450,0.450,0.450,0.500,0.500,0.500,0.490,0.490,0.490,830,1
0.500,0.500,0.500,0.550,0.550,0.550,0.500,0.500,0.500,0.460,0.460,0.460,849,1
0.450,0.450,0.450,0.500,0.500,0.500,0.510,0.510,0.510,0.500,0.500,0.500,7,1
0.500,0.500,0.500,0.500,0.500,0.500,0.500,0.500,0.500,0.500,0.500,0.500,215,2
0.500,0.500,0.500,0.450,0.450,0.450,0.500,0.500,0.500,0.520,0.520,0.520,569,2
0.450,0.450,0.450,0.500,0.500,0.500,0.500,0.500,0.500,0.500,0.500,0.500,6,1
0.500,0.500,0.500,0.500,0.500,0.500,0.500,0.500,0.500,0.450,0.450,0.450,276,1
0.500,0.500,0.500,0.500,0.500,0.500,0.550,0.550,0.550,0.500,0.500,0.500,979,1
0.450,0.450,0.450,0.500,0.500,0.500,0.450,0.450,0.450,0.500,0.500,0.500,529,2
0.500,0.500,0.500,0.450,0.450,0.450,0.500,0.500,0.500,0.540,0.540,0.540,835,2
0.500,0.500,0.500,0.450,0.450,0.450,0.500,0.500,0.500,0.480,0.480,0.480,202,1
0.550,0.550,0.550,0.500,0.500,0.500,0.460,0.460,0.460,0.500,0.500,0.500,618,2
0.500,0.500,0.500,0.550,0.550,0.550,0.500,0.500,0.500,0.520,0.520,0.520,129,2
0.450,0.450,0.450,0.500,0.500,0.500,0.460,0.460,0.460,0.500,0.500,0.500,860,2
0.500,0.500,0.500,0.550,0.550,0.550,0.500,0.500,0.500,0.530,0.530,0.530,295,2
0.500,0.500,0.500,0.550,0.550,0.550,0.500,0.500,0.500,0.550,0.550,0.550,528,2
0.550,0.550,0.550,0.500,0.500,0.500,0.530,0.530,0.530,0.500,0.500,0.500,64,1
0.450,0.450,0.450,0.500,0.500,0.500,0.520,0.520,0.520,0.500,0.500,0.500,371,1
0.550,0.550,0.550,0.500,0.500,0.500,0.510,0.510,0.510,0.500,0.500,0.500,260,1
0.450,0.450,0.450,0.500,0.500,0.500,0.520,0.520,0.520,0.500,0.500,0.500,107,1
0.500,0.500,0.500,0.450,0.450,0.450,0.500,0.500,0.500,0.470,0.470,0.470,828,1
0.500,0.500,0.500,0.550,0.550,0.550,0.500,0.500,0.500,0.510,0.510,0.510,920,2
0.550,0.550,0.550,0.500,0.500,0.500,0.530,0.530,0.530,0.500,0.500,0.500,394,1
0.550,0.550,0.550,0.500,0.500,0.500,0.460,0.460,0.460,0.500,0.500,0.500,189,2
0.550,0.550,0.550,0.500,0.500,0.500,0.520,0.520,0.520,0.500,0.500,0.500,756,1
0.500,0.500,0.500,0.500,0.500,0.500,0.460,0.460,0.460,0.500,0.500,0.500,178,2
0.500,0.500,0.500,0.500,0.500,0.500,0.500,0.500,0.500,0.490,0.490,0.490,808,1
0.550,0.550,0.550,0.500,0.500,0.500,0.460,0.460,0.460,0.500,0.500,0.500,354,2
0.550,0.550,0.550,0.500,0.500,0.500,0.510,0.510,0.510,0.500,0.500,0.500,623,1
0.500,0.500,0.500,0.500,0.500,0.500,0.520,0.520,0.520,0.500,0.500,0.500,349,1
0.500,0.500,0.500,0.500,0.500,0.500,0.530,0.530,0.530,0.500,0.500,0.500,185,1
0.500,0.500,0.500,0.550,0.550,0.550,0.500,0.500,0.500,0.450,0.450,0.450,221,1
0.450,0.450,0.450,0.500,0.500,0.500,0.450,0.450,0.450,0.500,0.500,0.500,925,2
0.500,0.500,0.500,0.500,0.500,0.500,0.500,0.500,0.500,0.510,0.510,0.510,744,2
0.550,0.550,0.550,0.500,0.500,0.500,0.470,0.470,0.470,0.500,0.500,0.500,982,2
0.450,0.450,0.450,0.500,0.500,0.500,0.500,0.500,0.500,0.500,0.500,0.500,39,1
0.500,0.500,0.500,0.500,0.500,0.500,0.450,0.450,0.450,0.500,0.500,0.500,210,2
0.450,0.450,0.450,0.500,0.500,0.500,0.530,0.530,0.530,0.500,0.500,0.500,75,1
0.500,0.500,0.500,0.450,0.450,0.450,0.500,0.500,0.500,0.520,0.520,0.520,173,2
0.500,0.500,0.500,0.550,0.550,0.550,0.500,0.500,0.500,0.510,0.510,0.510,689,2
0.500,0.500,0.500,0.500,0.500,0.500,0.500,0.500,0.500,0.500,0.500,0.500,413,1
0.500,0.500,0.500,0.550,0.550,0.550,0.500,0.500,0.500,0.480,0.480,0.480,950,1
0.500,0.500,0.500,0.500,0.500,0.500,0.480,0.480,0.480,0.500,0.500,0.500,477,2
0.550,0.550,0.550,0.500,0.500,0.500,0.460,0.460,0.460,0.500,0.500,0.500,981,2
0.500,0.500,0.500,0.500,0.500,0.500,0.450,0.450,0.450,0.500,0.500,0.500,408,2
0.550,0.550,0.550,0.500,0.500,0.500,0.480,0.480,0.480,0.500,0.500,0.500,917,2
0.500,0.500,0.500,0.450,0.450,0.450,0.500,0.500,0.500,0.500,0.500,0.500,831,2
0.500,0.500,0.500,0.450,0.450,0.450,0.500,0.500,0.500,0.500,0.500,0.500,567,2
0.500,0.500,0.500,0.500,0.500,0.500,0.490,0.490,0.490,0.500,0.500,0.500,16,2
0.500,0.500,0.500,0.500,0.500,0.500,0.500,0.500,0.500,0.550,0.550,0.550,781,2
0.500,0.500,0.500,0.500,0.500,0.500,0.500,0.500,0.500,0.450,0.450,0.450,342,1
0.500,0.500,0.500,0.450,0.450,0.450,0.500,0.500,0.500,0.520,0.520,0.520,734,2
0.500,0.500,0.500,0.550,0.550,0.550,0.500,0.500,0.500,0.470,0.470,0.470,751,1
0.500,0.500,0.500,0.450,0.450,0.450,0.500,0.500,0.500,0.540,0.540,0.540,934,2
0.550,0.550,0.550,0.500,0.500,0.500,0.530,0.530,0.530,0.500,0.500,0.500,526,1
0.500,0.500,0.500,0.500,0.500,0.500,0.520,0.520,0.520,0.500,0.500,0.500,943,1
0.500,0.500,0.500,0.500,0.500,0.500,0.500,0.500,0.500,0.480,0.480,0.480,642,1
0.500,0.500,0.500,0.450,0.450,0.450,0.500,0.500,0.500,0.450,0.450,0.450,166,1
0.500,0.500,0.500,0.450,0.450,0.450,0.500,0.500,0.500,0.450,0.450,0.450,232,1
0.550,0.550,0.550,0.500,0.500,0.500,0.460,0.460,0.460,0.500,0.500,0.500,684,2
0.500,0.500,0.500,0.500,0.500,0.500,0.500,0.500,0.500,0.490,0.490,0.490,115,1
0.450,0.450,0.450,0.500,0.500,0.500,0.480,0.480,0.480,0.500,0.500,0.500,796,2
0.450,0.450,0.450,0.500,0.500,0.500,0.520,0.520,0.520,0.500,0.500,0.500,404,1
0.500,0.500,0.500,0.450,0.450,0.450,0.500,0.500,0.500,0.450,0.450,0.450,958,1
0.500,0.500,0.500,0.500,0.500,0.500,0.500,0.500,0.500,0.550,0.550,0.550,187,2
0.500,0.500,0.500,0.500,0.500,0.500,0.520,0.520,0.520,0.500,0.500,0.500,217,1
0.500,0.500,0.500,0.500,0.500,0.500,0.500,0.500,0.500,0.450,0.450,0.450,870,1
0.500,0.500,0.500,0.500,0.500,0.500,0.500,0.500,0.500,0.540,0.540,0.540,681,2
0.500,0.500,0.500,0.450,0.450,0.450,0.500,0.500,0.500,0.470,0.470,0.470,597,1
0.500,0.500,0.500,0.550,0.550,0.550,0.500,0.500,0.500,0.480,0.480,0.480,356,1
0.500,0.500,0.500,0.500,0.500,0.500,0.500,0.500,0.500,0.550,0.550,0.550,319,2
0.500,0.500,0.500,0.550,0.550,0.550,0.500,0.500,0.500,0.490,0.490,0.490,324,1
0.500,0.500,0.500,0.550,0.550,0.550,0.500,0.500,0.500,0.470,0.470,0.470,619,1
0.450,0.450,0.450,0.500,0.500,0.500,0.450,0.450,0.450,0.500,0.500,0.500,199,2
0.500,0.500,0.500,0.500,0.500,0.500,0.550,0.550,0.550,0.500,0.500,0.500,715,1
0.500,0.500,0.500,0.500,0.500,0.500,0.480,0.480,0.480,0.500,0.500,0.500,972,2
0.500,0.500,0.500,0.550,0.550,0.550,0.500,0.500,0.500,0.490,0.490,0.490,93,1
0.500,0.500,0.500,0.500,0.500,0.500,0.540,0.540,0.540,0.500,0.500,0.500,615,1
0.450,0.450,0.450,0.500,0.500,0.500,0.520,0.520,0.520,0.500,0.500,0.500,965,1
0.500,0.500,0.500,0.500,0.500,0.500,0.550,0.550,0.550,0.500,0.500,0.500,154,1
0.550,0.550,0.550,0.500,0.500,0.500,0.470,0.470,0.470,0.500,0.500,0.500,157,2
0.500,0.500,0.500,0.450,0.450,0.450,0.500,0.500,0.500,0.500,0.500,0.500,765,2
0.450,0.450,0.450,0.500,0.500,0.500,0.550,0.550,0.550,0.500,0.500,0.500,671,1
0.500,0.500,0.500,0.450,0.450,0.450,0.500,0.500,0.500,0.450,0.450,0.450,298,1
0.500,0.500,0.500,0.500,0.500,0.500,0.470,0.470,0.470,0.500,0.500,0.500,773,2
0.500,0.500,0.500,0.550,0.550,0.550,0.500,0.500,0.500,0.460,0.460,0.460,24,1
0.500,0.500,0.500,0.550,0.550,0.550,0.500,0.500,0.500,0.520,0.520,0.520,855,2
0.450,0.450,0.450,0.500,0.500,0.500,0.490,0.490,0.490,0.500,0.500,0.500,500,2
0.450,0.450,0.450,0.500,0.500,0.500,0.490,0.490,0.490,0.500,0.500,0.500,38,2
0.500,0.500,0.500,0.550,0.550,0.550,0.500,0.500,0.500,0.550,0.550,0.550,462,2
0.500,0.500,0.500,0.550,0.550,0.550,0.500,0.500,0.500,0.480,0.480,0.480,59,1
0.500,0.500,0.500,0.500,0.500,0.500,0.530,0.530,0.530,0.500,0.500,0.500,548,1
0.550,0.550,0.550,0.500,0.500,0.500,0.490,0.490,0.490,0.500,0.500,0.500,27,2
0.500,0.500,0.500,0.500,0.500,0.500,0.500,0.500,0.500,0.550,0.550,0.550,946,2
0.550,0.550,0.550,0.500,0.500,0.500,0.510,0.510,0.510,0.500,0.500,0.500,755,1
0.500,0.500,0.500,0.450,0.450,0.450,0.500,0.500,0.500,0.510,0.510,0.510,865,2
0.500,0.500,0.500,0.500,0.500,0.500,0.470,0.470,0.470,0.500,0.500,0.500,311,2
0.500,0.500,0.500,0.450,0.450,0.450,0.500,0.500,0.500,0.550,0.550,0.550,308,2
0.550,0.550,0.550,0.500,0.500,0.500,0.470,0.470,0.470,0.500,0.500,0.500,421,2
0.450,0.450,0.450,0.500,0.500,0.500,0.500,0.500,0.500,0.500,0.500,0.500,699,1
0.450,0.450,0.450,0.500,0.500,0.500,0.500,0.500,0.500,0.500,0.500,0.500,534,1
0.500,0.500,0.500,0.450,0.450,0.450,0.500,0.500,0.500,0.540,0.540,0.540,670,2
0.450,0.450,0.450,0.500,0.500,0.500,0.470,0.470,0.470,0.500,0.500,0.500,696,2
0.500,0.500,0.500,0.550,0.550,0.550,0.500,0.500,0.500,0.480,0.480,0.480,521,1
0.500,0.500,0.500,0.450,0.450,0.450,0.500,0.500,0.500,0.490,0.490,0.490,71,1
0.500,0.500,0.500,0.500,0.500,0.500,0.500,0.500,0.500,0.540,0.540,0.540,450,2
0.500,0.500,0.500,0.450,0.450,0.450,0.500,0.500,0.500,0.450,0.450,0.450,595,1
0.500,0.500,0.500,0.550,0.550,0.550,0.500,0.500,0.500,0.450,0.450,0.450,716,1
0.550,0.550,0.550,0.500,0.500,0.500,0.450,0.450,0.450,0.500,0.500,0.500,155,2
0.500,0.500,0.500,0.550,0.550,0.550,0.500,0.500,0.500,0.460,0.460,0.460,255,1
0.550,0.550,0.550,0.500,0.500,0.500,0.550,0.550,0.550,0.500,0.500,0.500,792,1
0.550,0.550,0.550,0.500,0.500,0.500,0.450,0.450,0.450,0.500,0.500,0.500,89,2
0.550,0.550,0.550,0.500,0.500,0.500,0.490,0.490,0.490,0.500,0.500,0.500,786,2
0.500,0.500,0.500,0.550,0.550,0.550,0.500,0.500,0.500,0.540,0.540,0.540,131,2
0.500,0.500,0.500,0.450,0.450,0.450,0.500,0.500,0.500,0.470,0.470,0.470,531,1
0.500,0.500,0.500,0.500,0.500,0.500,0.500,0.500,0.500,0.500,0.500,0.500,611,1
0.450,0.450,0.450,0.500,0.500,0.500,0.450,0.450,0.450,0.500,0.500,0.500,760,2
0.500,0.500,0.500,0.500,0.500,0.500,0.510,0.510,0.510,0.500,0.500,0.500,942,1
0.500,0.500,0.500,0.450,0.450,0.450,0.500,0.500,0.500,0.450,0.450,0.450,463,1
0.500,0.500,0.500,0.550,0.550,0.550,0.500,0.500,0.500,0.550,0.550,0.550,264,2
0.450,0.450,0.450,0.500,0.500,0.500,0.520,0.520,0.520,0.500,0.500,0.500,272,1
0.500,0.500,0.500,0.450,0.450,0.450,0.500,0.500,0.500,0.460,0.460,0.460,926,1
0.500,0.500,0.500,0.500,0.500,0.500,0.470,0.470,0.470,0.500,0.500,0.500,245,2
0.500,0.500,0.500,0.500,0.500,0.500,0.500,0.500,0.500,0.470,0.470,0.470,674,1
0.500,0.500,0.500,0.500,0.500,0.500,0.500,0.500,0.500,0.460,0.460,0.460,343,1
0.500,0.500,0.500,0.550,0.550,0.550,0.500,0.500,0.500,0.460,0.460,0.460,783,1
0.500,0.500,0.500,0.500,0.500,0.500,0.500,0.500,0.500,0.510,0.510,0.510,711,2
0.500,0.500,0.500,0.550,0.550,0.550,0.500,0.500,0.500,0.530,0.530,0.530,691,2
0.450,0.450,0.450,0.500,0.500,0.500,0.460,0.460,0.460,0.500,0.500,0.500,167,2
0.450,0.450,0.450,0.500,0.500,0.500,0.510,0.510,0.510,0.500,0.500,0.500,634,1
0.550,0.550,0.550,0.500,0.500,0.500,0.460,0.460,0.460,0.500,0.500,0.500,57,2
0.500,0.500,0.500,0.450,0.450,0.450,0.500,0.500,0.500,0.460,0.460,0.460,827,1
0.500,0.500,0.500,0.450,0.450,0.450,0.500,0.500,0.500,0.540,0.540,0.540,901,2
0.500,0.500,0.500,0.550,0.550,0.550,0.500,0.500,0.500,0.550,0.550,0.550,429,2
0.450,0.450,0.450,0.500,0.500,0.500,0.490,0.490,0.490,0.500,0.500,0.500,764,2
0.500,0.500,0.500,0.450,0.450,0.450,0.500,0.500,0.500,0.470,0.470,0.470,366,1
0.500,0.500,0.500,0.500,0.500,0.500,0.500,0.500,0.500,0.530,0.530,0.530,680,2
0.450,0.450,0.450,0.500,0.500,0.500,0.470,0.470,0.470,0.500,0.500,0.500,960,2
0.500,0.500,0.500,0.450,0.450,0.450,0.500,0.500,0.500,0.460,0.460,0.460,464,1
0.500,0.500,0.500,0.500,0.500,0.500,0.480,0.480,0.480,0.500,0.500,0.500,444,2
0.500,0.500,0.500,0.550,0.550,0.550,0.500,0.500,0.500,0.470,0.470,0.470,883,1
0.500,0.500,0.500,0.450,0.450,0.450,0.500,0.500,0.500,0.550,0.550,0.550,242,2
0.500,0.500,0.500,0.450,0.450,0.450,0.500,0.500,0.500,0.460,0.460,0.460,728,1
0.500,0.500,0.500,0.450,0.450,0.450,0.500,0.500,0.500,0.540,0.540,0.540,109,2
0.500,0.500,0.500,0.500,0.500,0.500,0.500,0.500,0.500,0.450,0.450,0.450,243,1
0.500,0.500,0.500,0.500,0.500,0.500,0.500,0.500,0.500,0.500,0.500,0.500,182,2
0.500,0.500,0.500,0.450,0.450,0.450,0.500,0.500,0.500,0.510,0.510,0.510,931,2
0.500,0.500,0.500,0.450,0.450,0.450,0.500,0.500,0.500,0.460,0.460,0.460,299,1
0.500,0.500,0.500,0.450,0.450,0.450,0.500,0.500,0.500,0.490,0.490,0.490,962,1
0.450,0.450,0.450,0.500,0.500,0.500,0.550,0.550,0.550,0.500,0.500,0.500,176,1
0.500,0.500,0.500,0.500,0.500,0.500,0.480,0.480,0.480,0.500,0.500,0.500,576,2
0.500,0.500,0.500,0.450,0.450,0.450,0.500,0.500,0.500,0.520,0.520,0.520,833,2
0.500,0.500,0.500,0.450,0.450,0.450,0.500,0.500,0.500,0.510,0.510,0.510,502,2
0.500,0.500,0.500,0.500,0.500,0.500,0.500,0.500,0.500,0.480,0.480,0.480,411,1
0.450,0.450,0.450,0.500,0.500,0.500,0.540,0.540,0.540,0.500,0.500,0.500,43,1
0.550,0.550,0.550,0.500,0.500,0.500,0.460,0.460,0.460,0.500,0.500,0.500,552,2
0.500,0.500,0.500,0.450,0.450,0.450,0.500,0.500,0.500,0.480,0.480,0.480,367,1
0.500,0.500,0.500,0.550,0.550,0.550,0.500,0.500,0.500,0.460,0.460,0.460,585,1
0.550,0.550,0.550,0.500,0.500,0.500,0.450,0.450,0.450,0.500,0.500,0.500,353,2
0.550,0.550,0.550,0.500,0.500,0.500,0.530,0.530,0.530,0.500,0.500,0.500,196,1
0.550,0.550,0.550,0.500,0.500,0.500,0.450,0.450,0.450,0.500,0.500,0.500,584,2
0.450,0.450,0.450,0.500,0.500,0.500,0.540,0.540,0.540,0.500,0.500,0.500,439,1
0.450,0.450,0.450,0.500,0.500,0.500,0.530,0.530,0.530,0.500,0.500,0.500,801,1
0.500,0.500,0.500,0.500,0.500,0.500,0.460,0.460,0.460,0.500,0.500,0.500,508,2
0.500,0.500,0.500,0.550,0.550,0.550,0.500,0.500,0.500,0.540,0.540,0.540,857,2
0.450,0.450,0.450,0.500,0.500,0.500,0.490,0.490,0.490,0.500,0.500,0.500,368,2
0.500,0.500,0.500,0.550,0.550,0.550,0.500,0.500,0.500,0.550,0.550,0.550,231,2
0.550,0.550,0.550,0.500,0.500,0.500,0.460,0.460,0.460,0.500,0.500,0.500,915,2
0.500,0.500,0.500,0.500,0.500,0.500,0.500,0.500,0.500,0.550,0.550,0.550,88,2
0.500,0.500,0.500,0.500,0.500,0.500,0.520,0.520,0.520,0.500,0.500,0.500,877,1
0.450,0.450,0.450,0.500,0.500,0.500,0.450,0.450,0.450,0.500,0.500,0.500,826,2
0.500,0.500,0.500,0.500,0.500,0.500,0.550,0.550,0.550,0.500,0.500,0.500,682,1
0.450,0.450,0.450,0.500,0.500,0.500,0.450,0.450,0.450,0.500,0.500,0.500,364,2
0.500,0.500,0.500,0.550,0.550,0.550,0.500,0.500,0.500,0.490,0.490,0.490,819,1
0.500,0.500,0.500,0.450,0.450,0.450,0.500,0.500,0.500,0.510,0.510,0.510,667,2
0.500,0.500,0.500,0.500,0.500,0.500,0.500,0.500,0.500,0.490,0.490,0.490,214,1
0.500,0.500,0.500,0.550,0.550,0.550,0.500,0.500,0.500,0.480,0.480,0.480,158,1
0.500,0.500,0.500,0.550,0.550,0.550,0.500,0.500,0.500,0.480,0.480,0.480,389,1
0.550,0.550,0.550,0.500,0.500,0.500,0.460,0.460,0.460,0.500,0.500,0.500,123,2
0.550,0.550,0.550,0.500,0.500,0.500,0.500,0.500,0.500,0.500,0.500,0.500,556,1
0.500,0.500,0.500,0.500,0.500,0.500,0.500,0.500,0.500,0.500,0.500,0.500,479,1
0.550,0.550,0.550,0.500,0.500,0.500,0.490,0.490,0.490,0.500,0.500,0.500,225,2
0.450,0.450,0.450,0.500,0.500,0.500,0.470,0.470,0.470,0.500,0.500,0.500,234,2
0.500,0.500,0.500,0.500,0.500,0.500,0.500,0.500,0.500,0.540,0.540,0.540,648,2
0.500,0.500,0.500,0.450,0.450,0.450,0.500,0.500,0.500,0.520,0.520,0.520,866,2
0.500,0.500,0.500,0.500,0.500,0.500,0.500,0.500,0.500,0.480,0.480,0.480,48,1
0.450,0.450,0.450,0.500,0.500,0.500,0.520,0.520,0.520,0.500,0.500,0.500,767,1
0.500,0.500,0.500,0.500,0.500,0.500,0.520,0.520,0.520,0.500,0.500,0.500,778,1
0.500,0.500,0.500,0.550,0.550,0.550,0.500,0.500,0.500,0.460,0.460,0.460,882,1
0.500,0.500,0.500,0.500,0.500,0.500,0.540,0.540,0.540,0.500,0.500,0.500,978,1
0.500,0.500,0.500,0.550,0.550,0.550,0.500,0.500,0.500,0.460,0.460,0.460,288,1
0.500,0.500,0.500,0.500,0.500,0.500,0.480,0.480,0.480,0.500,0.500,0.500,939,2
0.500,0.500,0.500,0.500,0.500,0.500,0.500,0.500,0.500,0.480,0.480,0.480,906,1
0.500,0.500,0.500,0.550,0.550,0.550,0.500,0.500,0.500,0.530,0.530,0.530,493,2
0.500,0.500,0.500,0.450,0.450,0.450,0.500,0.500,0.500,0.540,0.540,0.540,637,2
0.500,0.500,0.500,0.450,0.450,0.450,0.500,0.500,0.500,0.550,0.550,0.550,572,2
0.550,0.550,0.550,0.500,0.500,0.500,0.530,0.530,0.530,0.500,0.500,0.500,97,1
0.500,0.500,0.500,0.500,0.500,0.500,0.510,0.510,0.510,0.500,0.500,0.500,249,1
0.500,0.500,0.500,0.500,0.500,0.500,0.520,0.520,0.520,0.500,0.500,0.500,679,1
0.500,0.500,0.500,0.500,0.500,0.500,0.500,0.500,0.500,0.540,0.540,0.540,252,2
0.550,0.550,0.550,0.500,0.500,0.500,0.500,0.500,0.500,0.500,0.500,0.500,358,1
0.450,0.450,0.450,0.500,0.500,0.500,0.470,0.470,0.470,0.500,0.500,0.500,894,2
0.500,0.500,0.500,0.550,0.550,0.550,0.500,0.500,0.500,0.490,0.490,0.490,885,1
0.500,0.500,0.500,0.500,0.500,0.500,0.520,0.520,0.520,0.500,0.500,0.500,547,1
0.500,0.500,0.500,0.500,0.500,0.500,0.500,0.500,0.500,0.550,0.550,0.550,55,2
0.450,0.450,0.450,0.500,0.500,0.500,0.460,0.460,0.460,0.500,0.500,0.500,563,2
0.500,0.500,0.500,0.550,0.550,0.550,0.500,0.500,0.500,0.550,0.550,0.550,396,2
0.500,0.500,0.500,0.500,0.500,0.500,0.460,0.460,0.460,0.500,0.500,0.500,442,2
0.550,0.550,0.550,0.500,0.500,0.500,0.530,0.530,0.530,0.500,0.500,0.500,790,1
0.450,0.450,0.450,0.500,0.500,0.500,0.510,0.510,0.510,0.500,0.500,0.500,40,1
0.450,0.450,0.450,0.500,0.500,0.500,0.460,0.460,0.460,0.500,0.500,0.500,761,2
0.550,0.550,0.550,0.500,0.500,0.500,0.450,0.450,0.450,0.500,0.500,0.500,980,2
0.500,0.500,0.500,0.500,0.500,0.500,0.490,0.490,0.490,0.500,0.500,0.500,280,2
0.500,0.500,0.500,0.450,0.450,0.450,0.500,0.500,0.500,0.460,0.460,0.460,662,1
0.450,0.450,0.450,0.500,0.500,0.500,0.470,0.470,0.470,0.500,0.500,0.500,630,2
0.450,0.450,0.450,0.500,0.500,0.500,0.460,0.460,0.460,0.500,0.500,0.500,497,2
0.500,0.500,0.500,0.500,0.500,0.500,0.540,0.540,0.540,0.500,0.500,0.500,153,1
0.500,0.500,0.500,0.550,0.550,0.550,0.500,0.500,0.500,0.530,0.530,0.530,955,2
0.450,0.450,0.450,0.500,0.500,0.500,0.480,0.480,0.480,0.500,0.500,0.500,532,2
0.500,0.500,0.500,0.500,0.500,0.500,0.550,0.550,0.550,0.500,0.500,0.500,253,1
0.500,0.500,0.500,0.500,0.500,0.500,0.510,0.510,0.510,0.500,0.500,0.500,678,1
0.500,0.500,0.500,0.550,0.550,0.550,0.500,0.500,0.500,0.510,0.510,0.510,722,2
0.450,0.450,0.450,0.500,0.500,0.500,0.490,0.490,0.490,0.500,0.500,0.500,434,2
0.450,0.450,0.450,0.500,0.500,0.500,0.460,0.460,0.460,0.500,0.500,0.500,596,2
0.450,0.450,0.450,0.500,0.500,0.500,0.450,0.450,0.450,0.500,0.500,0.500,430,2
0.450,0.450,0.450,0.500,0.500,0.500,0.500,0.500,0.500,0.500,0.500,0.500,402,1
0.450,0.450,0.450,0.500,0.500,0.500,0.520,0.520,0.520,0.500,0.500,0.500,635,1
0.450,0.450,0.450,0.500,0.500,0.500,0.550,0.550,0.550,0.500,0.500,0.500,77,1
0.500,0.500,0.500,0.550,0.550,0.550,0.500,0.500,0.500,0.520,0.520,0.520,723,2
0.500,0.500,0.500,0.550,0.550,0.550,0.500,0.500,0.500,0.450,0.450,0.450,254,1
0.500,0.500,0.500,0.500,0.500,0.500,0.530,0.530,0.530,0.500,0.500,0.500,977,1
0.550,0.550,0.550,0.500,0.500,0.500,0.490,0.490,0.490,0.500,0.500,0.500,918,2
0.500,0.500,0.500,0.500,0.500,0.500,0.500,0.500,0.500,0.500,0.500,0.500,50,2
0.450,0.450,0.450,0.500,0.500,0.500,0.520,0.520,0.520,0.500,0.500,0.500,602,1
0.500,0.500,0.500,0.500,0.500,0.500,0.500,0.500,0.500,0.500,0.500,0.500,743,1
0.550,0.550,0.550,0.500,0.500,0.500,0.460,0.460,0.460,0.500,0.500,0.500,948,2
0.500,0.500,0.500,0.500,0.500,0.500,0.450,0.450,0.450,0.500,0.500,0.500,606,2
0.500,0.500,0.500,0.500,0.500,0.500,0.500,0.500,0.500,0.510,0.510,0.510,612,2
0.500,0.500,0.500,0.500,0.500,0.500,0.500,0.500,0.500,0.460,0.460,0.460,772,1
0.500,0.500,0.500,0.500,0.500,0.500,0.450,0.450,0.450,0.500,0.500,0.500,177,2
0.500,0.500,0.500,0.550,0.550,0.550,0.500,0.500,0.500,0.490,0.490,0.490,984,1
0.500,0.500,0.500,0.550,0.550,0.550,0.500,0.500,0.500,0.540,0.540,0.540,824,2
0.450,0.450,0.450,0.500,0.500,0.500,0.540,0.540,0.540,0.500,0.500,0.500,208,1
0.450,0.450,0.450,0.500,0.500,0.500,0.520,0.520,0.520,0.500,0.500,0.500,470,1
0.500,0.500,0.500,0.500,0.500,0.500,0.500,0.500,0.500,0.530,0.530,0.530,119,2
0.500,0.500,0.500,0.500,0.500,0.500,0.500,0.500,0.500,0.520,0.520,0.520,19,2
0.450,0.450,0.450,0.500,0.500,0.500,0.550,0.550,0.550,0.500,0.500,0.500,902,1
0.450,0.450,0.450,0.500,0.500,0.500,0.530,0.530,0.530,0.500,0.500,0.500,537,1
0.450,0.450,0.450,0.500,0.500,0.500,0.530,0.530,0.530,0.500,0.500,0.500,108,1
0.450,0.450,0.450,0.500,0.500,0.500,0.450,0.450,0.450,0.500,0.500,0.500,265,2
0.500,0.500,0.500,0.500,0.500,0.500,0.480,0.480,0.480,0.500,0.500,0.500,81,2
0.500,0.500,0.500,0.500,0.500,0.500,0.500,0.500,0.500,0.500,0.500,0.500,974,1
0.500,0.500,0.500,0.450,0.450,0.450,0.500,0.500,0.500,0.490,0.490,0.490,269,1
0.500,0.500,0.500,0.550,0.550,0.550,0.500,0.500,0.500,0.490,0.490,0.490,126,1
0.500,0.500,0.500,0.500,0.500,0.500,0.500,0.500,0.500,0.540,0.540,0.540,285,2
0.500,0.500,0.500,0.550,0.550,0.550,0.500,0.500,0.500,0.520,0.520,0.520,690,2
0.500,0.500,0.500,0.450,0.450,0.450,0.500,0.500,0.500,0.500,0.500,0.500,435,2
0.500,0.500,0.500,0.500,0.500,0.500,0.500,0.500,0.500,0.520,0.520,0.520,118,2
0.500,0.500,0.500,0.500,0.500,0.500,0.540,0.540,0.540,0.500,0.500,0.500,780,1
0.500,0.500,0.500,0.450,0.450,0.450,0.500,0.500,0.500,0.550,0.550,0.550,770,2
0.450,0.450,0.450,0.500,0.500,0.500,0.480,0.480,0.480,0.500,0.500,0.500,895,2
0.500,0.500,0.500,0.500,0.500,0.500,0.530,0.530,0.530,0.500,0.500,0.500,713,1
0.450,0.450,0.450,0.500,0.500,0.500,0.470,0.470,0.470,0.500,0.500,0.500,762,2
0.500,0.500,0.500,0.500,0.500,0.500,0.510,0.510,0.510,0.500,0.500,0.500,183,1
0.450,0.450,0.450,0.500,0.500,0.500,0.510,0.510,0.510,0.500,0.500,0.500,271,1
0.500,0.500,0.500,0.450,0.450,0.450,0.500,0.500,0.500,0.540,0.540,0.540,76,2
0.550,0.550,0.550,0.500,0.500,0.500,0.470,0.470,0.470,0.500,0.500,0.500,685,2
0.450,0.450,0.450,0.500,0.500,0.500,0.530,0.530,0.530,0.500,0.500,0.500,636,1
0.500,0.500,0.500,0.500,0.500,0.500,0.450,0.450,0.450,0.500,0.500,0.500,771,2
0.450,0.450,0.450,0.500,0.500,0.500,0.470,0.470,0.470,0.500,0.500,0.500,201,2
0.450,0.450,0.450,0.500,0.500,0.500,0.480,0.480,0.480,0.500,0.500,0.500,664,2
0.500,0.500,0.500,0.500,0.500,0.500,0.500,0.500,0.500,0.540,0.540,0.540,945,2
0.500,0.500,0.500,0.450,0.450,0.450,0.500,0.500,0.500,0.500,0.500,0.500,732,2
0.450,0.450,0.450,0.500,0.500,0.500,0.500,0.500,0.500,0.500,0.500,0.500,600,1
0.500,0.500,0.500,0.550,0.550,0.550,0.500,0.500,0.500,0.500,0.500,0.500,391,2
0.550,0.550,0.550,0.500,0.500,0.500,0.470,0.470,0.470,0.500,0.500,0.500,784,2
0.500,0.500,0.500,0.500,0.500,0.500,0.500,0.500,0.500,0.490,0.490,0.490,742,1
0.550,0.550,0.550,0.500,0.500,0.500,0.540,0.540,0.540,0.500,0.500,0.500,395,1
0.450,0.450,0.450,0.500,0.500,0.500,0.500,0.500,0.500,0.500,0.500,0.500,72,1
0.550,0.550,0.550,0.500,0.500,0.500,0.500,0.500,0.500,0.500,0.500,0.500,28,1
0.500,0.500,0.500,0.450,0.450,0.450,0.500,0.500,0.500,0.490,0.490,0.490,566,1
0.450,0.450,0.450,0.500,0.500,0.500,0.490,0.490,0.490,0.500,0.500,0.500,5,2
0.500,0.500,0.500,0.500,0.500,0.500,0.450,0.450,0.450,0.500,0.500,0.500,672,2
0.500,0.500,0.500,0.500,0.500,0.500,0.500,0.500,0.500,0.470,0.470,0.470,971,1
0.500,0.500,0.500,0.500,0.500,0.500,0.500,0.500,0.500,0.470,0.470,0.470,905,1
0.500,0.500,0.500,0.500,0.500,0.500,0.470,0.470,0.470,0.500,0.500,0.500,872,2
0.500,0.500,0.500,0.500,0.500,0.500,0.500,0.500,0.500,0.510,0.510,0.510,975,2
0.500,0.500,0.500,0.500,0.500,0.500,0.500,0.500,0.500,0.530,0.530,0.530,416,2
0.500,0.500,0.500,0.450,0.450,0.450,0.500,0.500,0.500,0.530,0.530,0.530,306,2
0.500,0.500,0.500,0.550,0.550,0.550,0.500,0.500,0.500,0.480,0.480,0.480,983,1
0.500,0.500,0.500,0.450,0.450,0.450,0.500,0.500,0.500,0.480,0.480,0.480,235,1
0.500,0.500,0.500,0.500,0.500,0.500,0.500,0.500,0.500,0.490,0.490,0.490,181,1
0.500,0.500,0.500,0.450,0.450,0.450,0.500,0.500,0.500,0.480,0.480,0.480,301,1
0.500,0.500,0.500,0.500,0.500,0.500,0.500,0.500,0.500,0.480,0.480,0.480,213,1
0.550,0.550,0.550,0.500,0.500,0.500,0.460,0.460,0.460,0.500,0.500,0.500,222,2
0.450,0.450,0.450,0.500,0.500,0.500,0.450,0.450,0.450,0.500,0.500,0.500,100,2
0.450,0.450,0.450,0.500,0.500,0.500,0.510,0.510,0.510,0.500,0.500,0.500,601,1
0.500,0.500,0.500,0.500,0.500,0.500,0.500,0.500,0.500,0.470,0.470,0.470,344,1
0.500,0.500,0.500,0.500,0.500,0.500,0.500,0.500,0.500,0.480,0.480,0.480,345,1
0.500,0.500,0.500,0.500,0.500,0.500,0.540,0.540,0.540,0.500,0.500,0.500,384,1
0.550,0.550,0.550,0.500,0.500,0.500,0.520,0.520,0.520,0.500,0.500,0.500,921,1
0.500,0.500,0.500,0.550,0.550,0.550,0.500,0.500,0.500,0.480,0.480,0.480,455,1
0.500,0.500,0.500,0.550,0.550,0.550,0.500,0.500,0.500,0.510,0.510,0.510,293,2
0.450,0.450,0.450,0.500,0.500,0.500,0.480,0.480,0.480,0.500,0.500,0.500,466,2
0.500,0.500,0.500,0.550,0.550,0.550,0.500,0.500,0.500,0.500,0.500,0.500,193,2
0.550,0.550,0.550,0.500,0.500,0.500,0.490,0.490,0.490,0.500,0.500,0.500,588,2
0.500,0.500,0.500,0.450,0.450,0.450,0.500,0.500,0.500,0.470,0.470,0.470,795,1
0.500,0.500,0.500,0.500,0.500,0.500,0.480,0.480,0.480,0.500,0.500,0.500,15,2
0.500,0.500,0.500,0.550,0.550,0.550,0.500,0.500,0.500,0.480,0.480,0.480,26,1
0.450,0.450,0.450,0.500,0.500,0.500,0.480,0.480,0.480,0.500,0.500,0.500,862,2
0.450,0.450,0.450,0.500,0.500,0.500,0.540,0.540,0.540,0.500,0.500,0.500,967,1
0.500,0.500,0.500,0.450,0.450,0.450,0.500,0.500,0.500,0.520,0.520,0.520,41,2
0.550,0.550,0.550,0.500,0.500,0.500,0.530,0.530,0.530,0.500,0.500,0.500,823,1
0.500,0.500,0.500,0.500,0.500,0.500,0.510,0.510,0.510,0.500,0.500,0.500,282,1
0.500,0.500,0.500,0.500,0.500,0.500,0.470,0.470,0.470,0.500,0.500,0.500,575,2
0.550,0.550,0.550,0.500,0.500,0.500,0.510,0.510,0.510,0.500,0.500,0.500,326,1
0.500,0.500,0.500,0.500,0.500,0.500,0.530,0.530,0.530,0.500,0.500,0.500,86,1
0.500,0.500,0.500,0.500,0.500,0.500,0.550,0.550,0.550,0.500,0.500,0.500,352,1
0.500,0.500,0.500,0.500,0.500,0.500,0.530,0.530,0.530,0.500,0.500,0.500,53,1
0.500,0.500,0.500,0.550,0.550,0.550,0.500,0.500,0.500,0.550,0.550,0.550,66,2
0.550,0.550,0.550,0.500,0.500,0.500,0.510,0.510,0.510,0.500,0.500,0.500,821,1
0.500,0.500,0.500,0.550,0.550,0.550,0.500,0.500,0.500,0.450,0.450,0.450,650,1
0.500,0.500,0.500,0.450,0.450,0.450,0.500,0.500,0.500,0.470,0.470,0.470,465,1
0.500,0.500,0.500,0.500,0.500,0.500,0.460,0.460,0.460,0.500,0.500,0.500,574,2
0.450,0.450,0.450,0.500,0.500,0.500,0.490,0.490,0.490,0.500,0.500,0.500,236,2
0.500,0.500,0.500,0.500,0.500,0.500,0.500,0.500,0.500,0.480,0.480,0.480,543,1
0.500,0.500,0.500,0.500,0.500,0.500,0.500,0.500,0.500,0.520,0.520,0.520,910,2
0.450,0.450,0.450,0.500,0.500,0.500,0.540,0.540,0.540,0.500,0.500,0.500,868,1
0.500,0.500,0.500,0.450,0.450,0.450,0.500,0.500,0.500,0.520,0.520,0.520,437,2
0.500,0.500,0.500,0.450,0.450,0.450,0.500,0.500,0.500,0.520,0.520,0.520,668,2
0.500,0.500,0.500,0.550,0.550,0.550,0.500,0.500,0.500,0.550,0.550,0.550,198,2
0.500,0.500,0.500,0.500,0.500,0.500,0.530,0.530,0.530,0.500,0.500,0.500,845,1
0.500,0.500,0.500,0.450,0.450,0.450,0.500,0.500,0.500,0.460,0.460,0.460,629,1
0.450,0.450,0.450,0.500,0.500,0.500,0.540,0.540,0.540,0.500,0.500,0.500,802,1
0.500,0.500,0.500,0.450,0.450,0.450,0.500,0.500,0.500,0.500,0.500,0.500,666,2
0.500,0.500,0.500,0.550,0.550,0.550,0.500,0.500,0.500,0.490,0.490,0.490,654,1
0.550,0.550,0.550,0.500,0.500,0.500,0.510,0.510,0.510,0.500,0.500,0.500,524,1
0.550,0.550,0.550,0.500,0.500,0.500,0.470,0.470,0.470,0.500,0.500,0.500,487,2
0.550,0.550,0.550,0.500,0.500,0.500,0.500,0.500,0.500,0.500,0.500,0.500,853,1
0.550,0.550,0.550,0.500,0.500,0.500,0.520,0.520,0.520,0.500,0.500,0.500,162,1
0.550,0.550,0.550,0.500,0.500,0.500,0.500,0.500,0.500,0.500,0.500,0.500,919,1
0.550,0.550,0.550,0.500,0.500,0.500,0.540,0.540,0.540,0.500,0.500,0.500,659,1
0.450,0.450,0.450,0.500,0.500,0.500,0.530,0.530,0.530,0.500,0.500,0.500,438,1
0.500,0.500,0.500,0.500,0.500,0.500,0.450,0.450,0.450,0.500,0.500,0.500,78,2
0.500,0.500,0.500,0.450,0.450,0.450,0.500,0.500,0.500,0.500,0.500,0.500,204,2
0.500,0.500,0.500,0.500,0.500,0.500,0.500,0.500,0.500,0.490,0.490,0.490,445,1
0.500,0.500,0.500,0.550,0.550,0.550,0.500,0.500,0.500,0.540,0.540,0.540,263,2
0.450,0.450,0.450,0.500,0.500,0.500,0.520,0.520,0.520,0.500,0.500,0.500,503,1
0.500,0.500,0.500,0.500,0.500,0.500,0.490,0.490,0.490,0.500,0.500,0.500,412,2
0.550,0.550,0.550,0.500,0.500,0.500,0.530,0.530,0.530,0.500,0.500,0.500,856,1
0.500,0.500,0.500,0.450,0.450,0.450,0.500,0.500,0.500,0.470,0.470,0.470,927,1
0.500,0.500,0.500,0.500,0.500,0.500,0.460,0.460,0.460,0.500,0.500,0.500,937,2
0.500,0.500,0.500,0.450,0.450,0.450,0.500,0.500,0.500,0.530,0.530,0.530,42,2
0.500,0.500,0.500,0.500,0.500,0.500,0.450,0.450,0.450,0.500,0.500,0.500,705,2
0.500,0.500,0.500,0.550,0.550,0.550,0.500,0.500,0.500,0.450,0.450,0.450,287,1
0.450,0.450,0.450,0.500,0.500,0.500,0.550,0.550,0.550,0.500,0.500,0.500,935,1
0.450,0.450,0.450,0.500,0.500,0.500,0.500,0.500,0.500,0.500,0.500,0.500,798,1
0.550,0.550,0.550,0.500,0.500,0.500,0.530,0.530,0.530,0.500,0.500,0.500,31,1
0.500,0.500,0.500,0.500,0.500,0.500,0.470,0.470,0.470,0.500,0.500,0.500,443,2
0.500,0.500,0.500,0.450,0.450,0.450,0.500,0.500,0.500,0.480,0.480,0.480,70,1
0.500,0.500,0.500,0.500,0.500,0.500,0.480,0.480,0.480,0.500,0.500,0.500,774,2
0.550,0.550,0.550,0.500,0.500,0.500,0.450,0.450,0.450,0.500,0.500,0.500,56,2
0.500,0.500,0.500,0.550,0.550,0.550,0.500,0.500,0.500,0.530,0.530,0.530,229,2
0.500,0.500,0.500,0.450,0.450,0.450,0.500,0.500,0.500,0.540,0.540,0.540,175,2
0.500,0.500,0.500,0.500,0.500,0.500,0.490,0.490,0.490,0.500,0.500,0.500,676,2
0.500,0.500,0.500,0.500,0.500,0.500,0.520,0.520,0.520,0.500,0.500,0.500,646,1
0.500,0.500,0.500,0.500,0.500,0.500,0.460,0.460,0.460,0.500,0.500,0.500,79,2
0.550,0.550,0.550,0.500,0.500,0.500,0.470,0.470,0.470,0.500,0.500,0.500,190,2
0.550,0.550,0.550,0.500,0.500,0.500,0.530,0.530,0.530,0.500,0.500,0.500,757,1
0.500,0.500,0.500,0.450,0.450,0.450,0.500,0.500,0.500,0.520,0.520,0.520,140,2
0.550,0.550,0.550,0.500,0.500,0.500,0.540,0.540,0.540,0.500,0.500,0.500,329,1
0.500,0.500,0.500,0.450,0.450,0.450,0.500,0.500,0.500,0.500,0.500,0.500,864,2
0.450,0.450,0.450,0.500,0.500,0.500,0.510,0.510,0.510,0.500,0.500,0.500,700,1
0.500,0.500,0.500,0.450,0.450,0.450,0.500,0.500,0.500,0.530,0.530,0.530,900,2
0.500,0.500,0.500,0.500,0.500,0.500,0.520,0.520,0.520,0.500,0.500,0.500,250,1
0.500,0.500,0.500,0.550,0.550,0.550,0.500,0.500,0.500,0.540,0.540,0.540,296,2
0.500,0.500,0.500,0.500,0.500,0.500,0.520,0.520,0.520,0.500,0.500,0.500,811,1
0.450,0.450,0.450,0.500,0.500,0.500,0.480,0.480,0.480,0.500,0.500,0.500,136,2
0.500,0.500,0.500,0.500,0.500,0.500,0.490,0.490,0.490,0.500,0.500,0.500,709,2
0.500,0.500,0.500,0.450,0.450,0.450,0.500,0.500,0.500,0.490,0.490,0.490,929,1
0.500,0.500,0.500,0.500,0.500,0.500,0.530,0.530,0.530,0.500,0.500,0.500,911,1
0.550,0.550,0.550,0.500,0.500,0.500,0.510,0.510,0.510,0.500,0.500,0.500,227,1
0.550,0.550,0.550,0.500,0.500,0.500,0.480,0.480,0.480,0.500,0.500,0.500,92,2
0.550,0.550,0.550,0.500,0.500,0.500,0.460,0.460,0.460,0.500,0.500,0.500,651,2
0.550,0.550,0.550,0.500,0.500,0.500,0.530,0.530,0.530,0.500,0.500,0.500,361,1
0.500,0.500,0.500,0.500,0.500,0.500,0.530,0.530,0.530,0.500,0.500,0.500,482,1
0.450,0.450,0.450,0.500,0.500,0.500,0.470,0.470,0.470,0.500,0.500,0.500,333,2
0.500,0.500,0.500,0.500,0.500,0.500,0.500,0.500,0.500,0.480,0.480,0.480,279,1
0.500,0.500,0.500,0.500,0.500,0.500,0.450,0.450,0.450,0.500,0.500,0.500,837,2
0.500,0.500,0.500,0.550,0.550,0.550,0.500,0.500,0.500,0.510,0.510,0.510,194,2
0.550,0.550,0.550,0.500,0.500,0.500,0.520,0.520,0.520,0.500,0.500,0.500,558,1
0.500,0.500,0.500,0.500,0.500,0.500,0.500,0.500,0.500,0.470,0.470,0.470,707,1
0.500,0.500,0.500,0.450,0.450,0.450,0.500,0.500,0.500,0.450,0.450,0.450,1,1
0.450,0.450,0.450,0.500,0.500,0.500,0.530,0.530,0.530,0.500,0.500,0.500,768,1
0.500,0.500,0.500,0.500,0.500,0.500,0.500,0.500,0.500,0.450,0.450,0.450,804,1
0.550,0.550,0.550,0.500,0.500,0.500,0.470,0.470,0.470,0.500,0.500,0.500,652,2
0.500,0.500,0.500,0.550,0.550,0.550,0.500,0.500,0.500,0.500,0.500,0.500,259,2
0.500,0.500,0.500,0.500,0.500,0.500,0.500,0.500,0.500,0.500,0.500,0.500,809,2
0.450,0.450,0.450,0.500,0.500,0.500,0.480,0.480,0.480,0.500,0.500,0.500,169,2
0.500,0.500,0.500,0.550,0.550,0.550,0.500,0.500,0.500,0.550,0.550,0.550,561,2
0.550,0.550,0.550,0.500,0.500,0.500,0.500,0.500,0.500,0.500,0.500,0.500,94,1
0.500,0.500,0.500,0.450,0.450,0.450,0.500,0.500,0.500,0.460,0.460,0.460,200,1
0.500,0.500,0.500,0.500,0.500,0.500,0.530,0.530,0.530,0.500,0.500,0.500,515,1
0.550,0.550,0.550,0.500,0.500,0.500,0.550,0.550,0.550,0.500,0.500,0.500,825,1
0.500,0.500,0.500,0.500,0.500,0.500,0.510,0.510,0.510,0.500,0.500,0.500,414,1
0.450,0.450,0.450,0.500,0.500,0.500,0.530,0.530,0.530,0.500,0.500,0.500,702,1
0.550,0.550,0.550,0.500,0.500,0.500,0.520,0.520,0.520,0.500,0.500,0.500,393,1
0.450,0.450,0.450,0.500,0.500,0.500,0.450,0.450,0.450,0.500,0.500,0.500,562,2
0.500,0.500,0.500,0.450,0.450,0.450,0.500,0.500,0.500,0.480,0.480,0.480,763,1
0.500,0.500,0.500,0.450,0.450,0.450,0.500,0.500,0.500,0.490,0.490,0.490,863,1
0.500,0.500,0.500,0.450,0.450,0.450,0.500,0.500,0.500,0.510,0.510,0.510,964,2
0.500,0.500,0.500,0.500,0.500,0.500,0.500,0.500,0.500,0.500,0.500,0.500,908,2
0.500,0.500,0.500,0.450,0.450,0.450,0.500,0.500,0.500,0.550,0.550,0.550,539,2
0.500,0.500,0.500,0.550,0.550,0.550,0.500,0.500,0.500,0.500,0.500,0.500,325,2
0.550,0.550,0.550,0.500,0.500,0.500,0.540,0.540,0.540,0.500,0.500,0.500,890,1
0.450,0.450,0.450,0.500,0.500,0.500,0.480,0.480,0.480,0.500,0.500,0.500,928,2
0.500,0.500,0.500,0.450,0.450,0.450,0.500,0.500,0.500,0.540,0.540,0.540,10,2
0.550,0.550,0.550,0.500,0.500,0.500,0.520,0.520,0.520,0.500,0.500,0.500,360,1
0.450,0.450,0.450,0.500,0.500,0.500,0.450,0.450,0.450,0.500,0.500,0.500,859,2
0.450,0.450,0.450,0.500,0.500,0.500,0.510,0.510,0.510,0.500,0.500,0.500,535,1
0.500,0.500,0.500,0.500,0.500,0.500,0.500,0.500,0.500,0.460,0.460,0.460,673,1
0.550,0.550,0.550,0.500,0.500,0.500,0.470,0.470,0.470,0.500,0.500,0.500,718,2
0.500,0.500,0.500,0.550,0.550,0.550,0.500,0.500,0.500,0.470,0.470,0.470,553,1
0.500,0.500,0.500,0.500,0.500,0.500,0.500,0.500,0.500,0.480,0.480,0.480,708,1
0.500,0.500,0.500,0.550,0.550,0.550,0.500,0.500,0.500,0.540,0.540,0.540,362,2
0.500,0.500,0.500,0.550,0.550,0.550,0.500,0.500,0.500,0.450,0.450,0.450,914,1
0.550,0.550,0.550,0.500,0.500,0.500,0.540,0.540,0.540,0.500,0.500,0.500,956,1
0.450,0.450,0.450,0.500,0.500,0.500,0.470,0.470,0.470,0.500,0.500,0.500,69,2
0.450,0.450,0.450,0.500,0.500,0.500,0.540,0.540,0.540,0.500,0.500,0.500,307,1
0.550,0.550,0.550,0.500,0.500,0.500,0.490,0.490,0.490,0.500,0.500,0.500,687,2
0.450,0.450,0.450,0.500,0.500,0.500,0.500,0.500,0.500,0.500,0.500,0.500,963,1
0.500,0.500,0.500,0.500,0.500,0.500,0.500,0.500,0.500,0.550,0.550,0.550,583,2
0.500,0.500,0.500,0.500,0.500,0.500,0.460,0.460,0.460,0.500,0.500,0.500,541,2
0.500,0.500,0.500,0.500,0.500,0.500,0.460,0.460,0.460,0.500,0.500,0.500,706,2
0.500,0.500,0.500,0.500,0.500,0.500,0.500,0.500,0.500,0.530,0.530,0.530,944,2
0.500,0.500,0.500,0.450,0.450,0.450,0.500,0.500,0.500,0.460,0.460,0.460,2,1
0.550,0.550,0.550,0.500,0.500,0.500,0.530,0.530,0.530,0.500,0.500,0.500,559,1
0.450,0.450,0.450,0.500,0.500,0.500,0.460,0.460,0.460,0.500,0.500,0.500,398,2
0.500,0.500,0.500,0.550,0.550,0.550,0.500,0.500,0.500,0.480,0.480,0.480,488,1
0.500,0.500,0.500,0.550,0.550,0.550,0.500,0.500,0.500,0.470,0.470,0.470,850,1
0.500,0.500,0.500,0.500,0.500,0.500,0.540,0.540,0.540,0.500,0.500,0.500,516,1
0.500,0.500,0.500,0.450,0.450,0.450,0.500,0.500,0.500,0.550,0.550,0.550,968,2
0.500,0.500,0.500,0.550,0.550,0.550,0.500,0.500,0.500,0.490,0.490,0.490,423,1
0.450,0.450,0.450,0.500,0.500,0.500,0.480,0.480,0.480,0.500,0.500,0.500,631,2
0.500,0.500,0.500,0.550,0.550,0.550,0.500,0.500,0.500,0.500,0.500,0.500,985,2
0.500,0.500,0.500,0.550,0.550,0.550,0.500,0.500,0.500,0.520,0.520,0.520,987,2
0.550,0.550,0.550,0.500,0.500,0.500,0.500,0.500,0.500,0.500,0.500,0.500,61,1
0.500,0.500,0.500,0.450,0.450,0.450,0.500,0.500,0.500,0.520,0.520,0.520,305,2
0.550,0.550,0.550,0.500,0.500,0.500,0.480,0.480,0.480,0.500,0.500,0.500,257,2
0.500,0.500,0.500,0.500,0.500,0.500,0.500,0.500,0.500,0.460,0.460,0.460,871,1
0.450,0.450,0.450,0.500,0.500,0.500,0.450,0.450,0.450,0.500,0.500,0.500,661,2
0.450,0.450,0.450,0.500,0.500,0.500,0.470,0.470,0.470,0.500,0.500,0.500,102,2
0.500,0.500,0.500,0.550,0.550,0.550,0.500,0.500,0.500,0.470,0.470,0.470,25,1
0.500,0.500,0.500,0.450,0.450,0.450,0.500,0.500,0.500,0.490,0.490,0.490,137,1
0.500,0.500,0.500,0.500,0.500,0.500,0.500,0.500,0.500,0.550,0.550,0.550,616,2
0.500,0.500,0.500,0.500,0.500,0.500,0.500,0.500,0.500,0.460,0.460,0.460,277,1
0.500,0.500,0.500,0.550,0.550,0.550,0.500,0.500,0.500,0.540,0.540,0.540,560,2
0.500,0.500,0.500,0.550,0.550,0.550,0.500,0.500,0.500,0.470,0.470,0.470,949,1
0.550,0.550,0.550,0.500,0.500,0.500,0.530,0.530,0.530,0.500,0.500,0.500,988,1
0.500,0.500,0.500,0.500,0.500,0.500,0.540,0.540,0.540,0.500,0.500,0.500,879,1
0.550,0.550,0.550,0.500,0.500,0.500,0.480,0.480,0.480,0.500,0.500,0.500,323,2
0.500,0.500,0.500,0.500,0.500,0.500,0.500,0.500,0.500,0.500,0.500,0.500,248,2
0.500,0.500,0.500,0.500,0.500,0.500,0.500,0.500,0.500,0.490,0.490,0.490,313,1
0.550,0.550,0.550,0.500,0.500,0.500,0.510,0.510,0.510,0.500,0.500,0.500,425,1
0.500,0.500,0.500,0.500,0.500,0.500,0.500,0.500,0.500,0.550,0.550,0.550,286,2
0.500,0.500,0.500,0.500,0.500,0.500,0.500,0.500,0.500,0.470,0.470,0.470,476,1
0.500,0.500,0.500,0.550,0.550,0.550,0.500,0.500,0.500,0.530,0.530,0.530,922,2
0.500,0.500,0.500,0.500,0.500,0.500,0.450,0.450,0.450,0.500,0.500,0.500,474,2
0.500,0.500,0.500,0.500,0.500,0.500,0.500,0.500,0.500,0.490,0.490,0.490,346,1
0.500,0.500,0.500,0.450,0.450,0.450,0.500,0.500,0.500,0.460,0.460,0.460,101,1
0.500,0.500,0.500,0.500,0.500,0.500,0.500,0.500,0.500,0.470,0.470,0.470,608,1
0.500,0.500,0.500,0.500,0.500,0.500,0.530,0.530,0.530,0.500,0.500,0.500,251,1
0.550,0.550,0.550,0.500,0.500,0.500,0.540,0.540,0.540,0.500,0.500,0.500,197,1
0.450,0.450,0.450,0.500,0.500,0.500,0.550,0.550,0.550,0.500,0.500,0.500,143,1
0.500,0.500,0.500,0.450,0.450,0.450,0.500,0.500,0.500,0.520,0.520,0.520,932,2
