0.300,0.300,0.300,0.250,0.250,0.250,0.300,0.300,0.300,0.350,0.350,0.350,605,2
0.350,0.350,0.350,0.300,0.300,0.300,0.250,0.250,0.250,0.300,0.300,0.300,122,2
0.350,0.350,0.350,0.300,0.300,0.300,0.300,0.300,0.300,0.300,0.300,0.300,358,1
0.350,0.350,0.350,0.300,0.300,0.300,0.320,0.320,0.320,0.300,0.300,0.300,591,1
0.300,0.300,0.300,0.250,0.250,0.250,0.300,0.300,0.300,0.320,0.320,0.320,767,2
0.250,0.250,0.250,0.300,0.300,0.300,0.250,0.250,0.250,0.300,0.300,0.300,892,2
0.300,0.300,0.300,0.350,0.350,0.350,0.300,0.300,0.300,0.290,0.290,0.290,324,1
0.300,0.300,0.300,0.350,0.350,0.350,0.300,0.300,0.300,0.290,0.290,0.290,489,1
0.300,0.300,0.300,0.250,0.250,0.250,0.300,0.300,0.300,0.280,0.280,0.280,895,1
0.300,0.300,0.300,0.350,0.350,0.350,0.300,0.300,0.300,0.250,0.250,0.250,56,1
0.300,0.300,0.300,0.300,0.300,0.300,0.300,0.300,0.300,0.300,0.300,0.300,611,2
0.300,0.300,0.300,0.350,0.350,0.350,0.300,0.300,0.300,0.310,0.310,0.310,755,2
0.300,0.300,0.300,0.300,0.300,0.300,0.340,0.340,0.340,0.300,0.300,0.300,846,1
0.300,0.300,0.300,0.250,0.250,0.250,0.300,0.300,0.300,0.290,0.290,0.290,599,1
0.300,0.300,0.300,0.250,0.250,0.250,0.300,0.300,0.300,0.310,0.310,0.310,865,2
0.300,0.300,0.300,0.300,0.300,0.300,0.300,0.300,0.300,0.260,0.260,0.260,79,1
0.300,0.300,0.300,0.300,0.300,0.300,0.300,0.300,0.300,0.270,0.270,0.270,113,1
0.300,0.300,0.300,0.250,0.250,0.250,0.300,0.300,0.300,0.280,0.280,0.280,103,1
0.300,0.300,0.300,0.250,0.250,0.250,0.300,0.300,0.300,0.340,0.340,0.340,472,2
0.300,0.300,0.300,0.250,0.250,0.250,0.300,0.300,0.300,0.340,0.340,0.340,43,2
0.300,0.300,0.300,0.350,0.350,0.350,0.300,0.300,0.300,0.290,0.290,0.290,984,1
0.300,0.300,0.300,0.300,0.300,0.300,0.300,0.300,0.300,0.280,0.280,0.280,114,1
0.300,0.300,0.300,0.250,0.250,0.250,0.300,0.300,0.300,0.310,0.310,0.310,502,2
0.300,0.300,0.300,0.300,0.300,0.300,0.310,0.310,0.310,0.300,0.300,0.300,51,1
0.300,0.300,0.300,0.350,0.350,0.350,0.300,0.300,0.300,0.340,0.340,0.340,32,2
0.250,0.250,0.250,0.300,0.300,0.300,0.330,0.330,0.330,0.300,0.300,0.300,42,1
0.300,0.300,0.300,0.250,0.250,0.250,0.300,0.300,0.300,0.300,0.300,0.300,633,2
0.300,0.300,0.300,0.250,0.250,0.250,0.300,0.300,0.300,0.350,0.350,0.350,308,2
0.300,0.300,0.300,0.350,0.350,0.350,0.300,0.300,0.300,0.330,0.330,0.330,427,2
0.350,0.350,0.350,0.300,0.300,0.300,0.310,0.310,0.310,0.300,0.300,0.300,194,1
0.300,0.300,0.300,0.350,0.350,0.350,0.300,0.300,0.300,0.270,0.270,0.270,487,1
0.300,0.300,0.300,0.300,0.300,0.300,0.310,0.310,0.310,0.300,0.300,0.300,282,1
0.250,0.250,0.250,0.300,0.300,0.300,0.270,0.270,0.270,0.300,0.300,0.300,762,2
0.350,0.350,0.350,0.300,0.300,0.300,0.290,0.290,0.290,0.300,0.300,0.300,951,2
0.350,0.350,0.350,0.300,0.300,0.300,0.290,0.290,0.290,0.300,0.300,0.300,192,2
0.250,0.250,0.250,0.300,0.300,0.300,0.290,0.290,0.290,0.300,0.300,0.300,764,2
0.250,0.250,0.250,0.300,0.300,0.300,0.260,0.260,0.260,0.300,0.300,0.300,266,2
0.300,0.300,0.300,0.250,0.250,0.250,0.300,0.300,0.300,0.250,0.250,0.250,1,1
0.300,0.300,0.300,0.250,0.250,0.250,0.300,0.300,0.300,0.290,0.290,0.290,137,1
0.250,0.250,0.250,0.300,0.300,0.300,0.250,0.250,0.250,0.300,0.300,0.300,628,2
0.350,0.350,0.350,0.300,0.300,0.300,0.310,0.310,0.310,0.300,0.300,0.300,491,1
0.300,0.300,0.300,0.350,0.350,0.350,0.300,0.300,0.300,0.320,0.320,0.320,987,2
0.300,0.300,0.300,0.300,0.300,0.300,0.300,0.300,0.300,0.300,0.300,0.300,941,2
0.300,0.300,0.300,0.300,0.300,0.300,0.300,0.300,0.300,0.310,0.310,0.310,480,2
0.300,0.300,0.300,0.300,0.300,0.300,0.310,0.310,0.310,0.300,0.300,0.300,744,1
0.300,0.300,0.300,0.350,0.350,0.350,0.300,0.300,0.300,0.250,0.250,0.250,881,1
0.300,0.300,0.300,0.300,0.300,0.300,0.290,0.290,0.290,0.300,0.300,0.300,874,2
0.350,0.350,0.350,0.300,0.300,0.300,0.280,0.280,0.280,0.300,0.300,0.300,356,2
0.300,0.300,0.300,0.350,0.350,0.350,0.300,0.300,0.300,0.350,0.350,0.350,660,2
0.300,0.300,0.300,0.300,0.300,0.300,0.300,0.300,0.300,0.350,0.350,0.350,22,2
0.350,0.350,0.350,0.300,0.300,0.300,0.320,0.320,0.320,0.300,0.300,0.300,954,1
0.300,0.300,0.300,0.350,0.350,0.350,0.300,0.300,0.300,0.290,0.290,0.290,588,1
0.300,0.300,0.300,0.300,0.300,0.300,0.300,0.300,0.300,0.300,0.300,0.300,281,1
0.250,0.250,0.250,0.300,0.300,0.300,0.340,0.340,0.340,0.300,0.300,0.300,967,1
0.300,0.300,0.300,0.300,0.300,0.300,0.300,0.300,0.300,0.300,0.300,0.300,776,1
0.350,0.350,0.350,0.300,0.300,0.300,0.280,0.280,0.280,0.300,0.300,0.300,752,2
0.300,0.300,0.300,0.300,0.300,0.300,0.320,0.320,0.320,0.300,0.300,0.300,745,1
0.350,0.350,0.350,0.300,0.300,0.300,0.280,0.280,0.280,0.300,0.300,0.300,785,2
0.350,0.350,0.350,0.300,0.300,0.300,0.350,0.350,0.350,0.300,0.300,0.300,693,1
0.300,0.300,0.300,0.300,0.300,0.300,0.300,0.300,0.300,0.290,0.290,0.290,313,1
0.300,0.300,0.300,0.350,0.350,0.350,0.300,0.300,0.300,0.260,0.260,0.260,816,1
0.250,0.250,0.250,0.300,0.300,0.300,0.290,0.290,0.290,0.300,0.300,0.300,566,2
0.300,0.300,0.300,0.300,0.300,0.300,0.300,0.300,0.300,0.320,0.320,0.320,910,2
0.350,0.350,0.350,0.300,0.300,0.300,0.330,0.330,0.330,0.300,0.300,0.300,757,1
0.300,0.300,0.300,0.300,0.300,0.300,0.300,0.300,0.300,0.330,0.330,0.330,152,2
0.300,0.300,0.300,0.350,0.350,0.350,0.300,0.300,0.300,0.350,0.350,0.350,396,2
0.300,0.300,0.300,0.300,0.300,0.300,0.270,0.270,0.270,0.300,0.300,0.300,542,2
0.300,0.300,0.300,0.300,0.300,0.300,0.300,0.300,0.300,0.270,0.270,0.270,410,1
0.350,0.350,0.350,0.300,0.300,0.300,0.250,0.250,0.250,0.300,0.300,0.300,485,2
0.350,0.350,0.350,0.300,0.300,0.300,0.290,0.290,0.290,0.300,0.300,0.300,93,2
0.300,0.300,0.300,0.250,0.250,0.250,0.300,0.300,0.300,0.330,0.330,0.330,108,2
0.300,0.300,0.300,0.250,0.250,0.250,0.300,0.300,0.300,0.350,0.350,0.350,176,2
0.300,0.300,0.300,0.300,0.300,0.300,0.300,0.300,0.300,0.330,0.330,0.330,20,2
0.250,0.250,0.250,0.300,0.300,0.300,0.250,0.250,0.250,0.300,0.300,0.300,463,2
0.250,0.250,0.250,0.300,0.300,0.300,0.310,0.310,0.310,0.300,0.300,0.300,535,1
0.300,0.300,0.300,0.300,0.300,0.300,0.300,0.300,0.300,0.290,0.290,0.290,610,1
0.300,0.300,0.300,0.350,0.350,0.350,0.300,0.300,0.300,0.340,0.340,0.340,329,2
0.300,0.300,0.300,0.350,0.350,0.350,0.300,0.300,0.300,0.280,0.280,0.280,587,1
0.300,0.300,0.300,0.250,0.250,0.250,0.300,0.300,0.300,0.310,0.310,0.310,469,2
0.300,0.300,0.300,0.350,0.350,0.350,0.300,0.300,0.300,0.270,0.270,0.270,454,1
0.250,0.250,0.250,0.300,0.300,0.300,0.260,0.260,0.260,0.300,0.300,0.300,101,2
0.300,0.300,0.300,0.300,0.300,0.300,0.260,0.260,0.260,0.300,0.300,0.300,277,2
0.300,0.300,0.300,0.350,0.350,0.350,0.300,0.300,0.300,0.340,0.340,0.340,197,2
0.300,0.300,0.300,0.350,0.350,0.350,0.300,0.300,0.300,0.320,0.320,0.320,558,2
0.300,0.300,0.300,0.300,0.300,0.300,0.270,0.270,0.270,0.300,0.300,0.300,641,2
0.300,0.300,0.300,0.300,0.300,0.300,0.300,0.300,0.300,0.300,0.300,0.300,446,1
0.250,0.250,0.250,0.300,0.300,0.300,0.320,0.320,0.320,0.300,0.300,0.300,866,1
0.300,0.300,0.300,0.350,0.350,0.350,0.300,0.300,0.300,0.300,0.300,0.300,61,2
0.250,0.250,0.250,0.300,0.300,0.300,0.310,0.310,0.310,0.300,0.300,0.300,766,1
0.300,0.300,0.300,0.350,0.350,0.350,0.300,0.300,0.300,0.350,0.350,0.350,363,2
0.350,0.350,0.350,0.300,0.300,0.300,0.250,0.250,0.250,0.300,0.300,0.300,749,2
0.300,0.300,0.300,0.250,0.250,0.250,0.300,0.300,0.300,0.350,0.350,0.350,473,2
0.300,0.300,0.300,0.350,0.350,0.350,0.300,0.300,0.300,0.330,0.330,0.330,559,2
0.300,0.300,0.300,0.350,0.350,0.350,0.300,0.300,0.300,0.280,0.280,0.280,620,1
0.350,0.350,0.350,0.300,0.300,0.300,0.300,0.300,0.300,0.300,0.300,0.300,259,1
0.300,0.300,0.300,0.300,0.300,0.300,0.270,0.270,0.270,0.300,0.300,0.300,740,2
0.300,0.300,0.300,0.250,0.250,0.250,0.300,0.300,0.300,0.270,0.270,0.270,564,1
0.300,0.300,0.300,0.350,0.350,0.350,0.300,0.300,0.300,0.270,0.270,0.270,850,1
0.300,0.300,0.300,0.250,0.250,0.250,0.300,0.300,0.300,0.330,0.330,0.330,75,2
0.250,0.250,0.250,0.300,0.300,0.300,0.330,0.330,0.330,0.300,0.300,0.300,834,1
0.250,0.250,0.250,0.300,0.300,0.300,0.340,0.340,0.340,0.300,0.300,0.300,670,1
0.300,0.300,0.300,0.350,0.350,0.350,0.300,0.300,0.300,0.330,0.330,0.330,394,2
0.300,0.300,0.300,0.350,0.350,0.350,0.300,0.300,0.300,0.310,0.310,0.310,920,2
0.300,0.300,0.300,0.250,0.250,0.250,0.300,0.300,0.300,0.320,0.320,0.320,206,2
0.300,0.300,0.300,0.300,0.300,0.300,0.300,0.300,0.300,0.330,0.330,0.330,383,2
0.300,0.300,0.300,0.300,0.300,0.300,0.300,0.300,0.300,0.340,0.340,0.340,516,2
0.300,0.300,0.300,0.250,0.250,0.250,0.300,0.300,0.300,0.310,0.310,0.310,238,2
0.300,0.300,0.300,0.300,0.300,0.300,0.300,0.300,0.300,0.250,0.250,0.250,342,1
0.250,0.250,0.250,0.300,0.300,0.300,0.270,0.270,0.270,0.300,0.300,0.300,3,2
0.300,0.300,0.300,0.250,0.250,0.250,0.300,0.300,0.300,0.270,0.270,0.270,663,1
0.300,0.300,0.300,0.300,0.300,0.300,0.300,0.300,0.300,0.300,0.300,0.300,710,1
0.300,0.300,0.300,0.300,0.300,0.300,0.310,0.310,0.310,0.300,0.300,0.300,942,1
0.250,0.250,0.250,0.300,0.300,0.300,0.280,0.280,0.280,0.300,0.300,0.300,301,2
0.300,0.300,0.300,0.300,0.300,0.300,0.300,0.300,0.300,0.250,0.250,0.250,540,1
0.250,0.250,0.250,0.300,0.300,0.300,0.260,0.260,0.260,0.300,0.300,0.300,959,2
0.250,0.250,0.250,0.300,0.300,0.300,0.300,0.300,0.300,0.300,0.300,0.300,39,1
0.300,0.300,0.300,0.300,0.300,0.300,0.250,0.250,0.250,0.300,0.300,0.300,738,2
0.300,0.300,0.300,0.250,0.250,0.250,0.300,0.300,0.300,0.350,0.350,0.350,935,2
0.250,0.250,0.250,0.300,0.300,0.300,0.250,0.250,0.250,0.300,0.300,0.300,265,2
0.300,0.300,0.300,0.300,0.300,0.300,0.310,0.310,0.310,0.300,0.300,0.300,645,1
0.300,0.300,0.300,0.350,0.350,0.350,0.300,0.300,0.300,0.350,0.350,0.350,132,2
0.300,0.300,0.300,0.250,0.250,0.250,0.300,0.300,0.300,0.260,0.260,0.260,860,1
0.350,0.350,0.350,0.300,0.300,0.300,0.330,0.330,0.330,0.300,0.300,0.300,790,1
0.300,0.300,0.300,0.300,0.300,0.300,0.300,0.300,0.300,0.270,0.270,0.270,575,1
0.300,0.300,0.300,0.350,0.350,0.350,0.300,0.300,0.300,0.250,0.250,0.250,353,1
0.350,0.350,0.350,0.300,0.300,0.300,0.300,0.300,0.300,0.300,0.300,0.300,457,1
0.250,0.250,0.250,0.300,0.300,0.300,0.290,0.290,0.290,0.300,0.300,0.300,533,2
0.300,0.300,0.300,0.350,0.350,0.350,0.300,0.300,0.300,0.250,0.250,0.250,980,1
0.300,0.300,0.300,0.350,0.350,0.350,0.300,0.300,0.300,0.250,0.250,0.250,188,1
0.300,0.300,0.300,0.300,0.300,0.300,0.300,0.300,0.300,0.300,0.300,0.300,677,1
0.300,0.300,0.300,0.250,0.250,0.250,0.300,0.300,0.300,0.330,0.330,0.330,900,2
0.300,0.300,0.300,0.350,0.350,0.350,0.300,0.300,0.300,0.250,0.250,0.250,419,1
0.300,0.300,0.300,0.300,0.300,0.300,0.300,0.300,0.300,0.320,0.320,0.320,514,2
0.300,0.300,0.300,0.350,0.350,0.350,0.300,0.300,0.300,0.350,0.350,0.350,924,2
0.300,0.300,0.300,0.250,0.250,0.250,0.300,0.300,0.300,0.270,0.270,0.270,498,1
0.300,0.300,0.300,0.300,0.300,0.300,0.310,0.310,0.310,0.300,0.300,0.300,876,1
0.300,0.300,0.300,0.350,0.350,0.350,0.300,0.300,0.300,0.350,0.350,0.350,165,2
0.300,0.300,0.300,0.300,0.300,0.300,0.350,0.350,0.350,0.300,0.300,0.300,484,1
0.300,0.300,0.300,0.300,0.300,0.300,0.300,0.300,0.300,0.260,0.260,0.260,970,1
0.300,0.300,0.300,0.300,0.300,0.300,0.350,0.350,0.350,0.300,0.300,0.300,847,1
0.250,0.250,0.250,0.300,0.300,0.300,0.290,0.290,0.290,0.300,0.300,0.300,863,2
0.300,0.300,0.300,0.350,0.350,0.350,0.300,0.300,0.300,0.290,0.290,0.290,390,1
0.300,0.300,0.300,0.250,0.250,0.250,0.300,0.300,0.300,0.310,0.310,0.310,568,2
0.300,0.300,0.300,0.350,0.350,0.350,0.300,0.300,0.300,0.340,0.340,0.340,758,2
0.300,0.300,0.300,0.300,0.300,0.300,0.350,0.350,0.350,0.300,0.300,0.300,253,1
0.350,0.350,0.350,0.300,0.300,0.300,0.320,0.320,0.320,0.300,0.300,0.300,129,1
0.300,0.300,0.300,0.300,0.300,0.300,0.260,0.260,0.260,0.300,0.300,0.300,673,2
0.300,0.300,0.300,0.300,0.300,0.300,0.300,0.300,0.300,0.260,0.260,0.260,310,1
0.300,0.300,0.300,0.300,0.300,0.300,0.300,0.300,0.300,0.340,0.340,0.340,780,2
0.300,0.300,0.300,0.250,0.250,0.250,0.300,0.300,0.300,0.300,0.300,0.300,138,2
0.300,0.300,0.300,0.350,0.350,0.350,0.300,0.300,0.300,0.340,0.340,0.340,857,2
0.300,0.300,0.300,0.350,0.350,0.350,0.300,0.300,0.300,0.280,0.280,0.280,323,1
0.250,0.250,0.250,0.300,0.300,0.300,0.300,0.300,0.300,0.300,0.300,0.300,501,1
0.300,0.300,0.300,0.300,0.300,0.300,0.350,0.350,0.350,0.300,0.300,0.300,748,1
0.300,0.300,0.300,0.300,0.300,0.300,0.300,0.300,0.300,0.350,0.350,0.350,682,2
0.300,0.300,0.300,0.300,0.300,0.300,0.300,0.300,0.300,0.280,0.280,0.280,939,1
0.250,0.250,0.250,0.300,0.300,0.300,0.260,0.260,0.260,0.300,0.300,0.300,35,2
0.350,0.350,0.350,0.300,0.300,0.300,0.320,0.320,0.320,0.300,0.300,0.300,228,1
0.300,0.300,0.300,0.300,0.300,0.300,0.300,0.300,0.300,0.320,0.320,0.320,415,2
0.250,0.250,0.250,0.300,0.300,0.300,0.250,0.250,0.250,0.300,0.300,0.300,331,2
0.350,0.350,0.350,0.300,0.300,0.300,0.340,0.340,0.340,0.300,0.300,0.300,65,1
0.300,0.300,0.300,0.300,0.300,0.300,0.300,0.300,0.300,0.350,0.350,0.350,550,2
0.300,0.300,0.300,0.300,0.300,0.300,0.300,0.300,0.300,0.260,0.260,0.260,508,1
0.250,0.250,0.250,0.300,0.300,0.300,0.310,0.310,0.310,0.300,0.300,0.300,205,1
0.300,0.300,0.300,0.250,0.250,0.250,0.300,0.300,0.300,0.340,0.340,0.340,736,2
0.300,0.300,0.300,0.300,0.300,0.300,0.300,0.300,0.300,0.300,0.300,0.300,149,2
0.300,0.300,0.300,0.300,0.300,0.300,0.290,0.290,0.290,0.300,0.300,0.300,742,2
0.250,0.250,0.250,0.300,0.300,0.300,0.250,0.250,0.250,0.300,0.300,0.300,727,2
0.300,0.300,0.300,0.300,0.300,0.300,0.300,0.300,0.300,0.270,0.270,0.270,245,1
0.250,0.250,0.250,0.300,0.300,0.300,0.300,0.300,0.300,0.300,0.300,0.300,369,1
0.300,0.300,0.300,0.250,0.250,0.250,0.300,0.300,0.300,0.290,0.290,0.290,302,1
0.300,0.300,0.300,0.300,0.300,0.300,0.300,0.300,0.300,0.310,0.310,0.310,678,2
0.300,0.300,0.300,0.350,0.350,0.350,0.300,0.300,0.300,0.300,0.300,0.300,226,2
0.300,0.300,0.300,0.250,0.250,0.250,0.300,0.300,0.300,0.300,0.300,0.300,897,2
0.350,0.350,0.350,0.300,0.300,0.300,0.250,0.250,0.250,0.300,0.300,0.300,947,2
0.300,0.300,0.300,0.300,0.300,0.300,0.270,0.270,0.270,0.300,0.300,0.300,608,2
0.300,0.300,0.300,0.250,0.250,0.250,0.300,0.300,0.300,0.300,0.300,0.300,204,2
0.250,0.250,0.250,0.300,0.300,0.300,0.280,0.280,0.280,0.300,0.300,0.300,70,2
0.300,0.300,0.300,0.300,0.300,0.300,0.300,0.300,0.300,0.320,0.320,0.320,811,2
0.300,0.300,0.300,0.300,0.300,0.300,0.280,0.280,0.280,0.300,0.300,0.300,972,2
0.350,0.350,0.350,0.300,0.300,0.300,0.280,0.280,0.280,0.300,0.300,0.300,191,2
0.300,0.300,0.300,0.300,0.300,0.300,0.250,0.250,0.250,0.300,0.300,0.300,672,2
0.300,0.300,0.300,0.350,0.350,0.350,0.300,0.300,0.300,0.270,0.270,0.270,25,1
0.300,0.300,0.300,0.350,0.350,0.350,0.300,0.300,0.300,0.290,0.290,0.290,258,1
0.250,0.250,0.250,0.300,0.300,0.300,0.290,0.290,0.290,0.300,0.300,0.300,5,2
0.300,0.300,0.300,0.300,0.300,0.300,0.340,0.340,0.340,0.300,0.300,0.300,219,1
0.300,0.300,0.300,0.250,0.250,0.250,0.300,0.300,0.300,0.300,0.300,0.300,534,2
0.300,0.300,0.300,0.250,0.250,0.250,0.300,0.300,0.300,0.250,0.250,0.250,34,1
0.300,0.300,0.300,0.300,0.300,0.300,0.270,0.270,0.270,0.300,0.300,0.300,971,2
0.300,0.300,0.300,0.300,0.300,0.300,0.260,0.260,0.260,0.300,0.300,0.300,145,2
0.300,0.300,0.300,0.300,0.300,0.300,0.260,0.260,0.260,0.300,0.300,0.300,178,2
0.300,0.300,0.300,0.250,0.250,0.250,0.300,0.300,0.300,0.350,0.350,0.350,374,2
0.300,0.300,0.300,0.250,0.250,0.250,0.300,0.300,0.300,0.270,0.270,0.270,201,1
0.300,0.300,0.300,0.250,0.250,0.250,0.300,0.300,0.300,0.350,0.350,0.350,737,2
0.250,0.250,0.250,0.300,0.300,0.300,0.270,0.270,0.270,0.300,0.300,0.300,960,2
0.300,0.300,0.300,0.300,0.300,0.300,0.300,0.300,0.300,0.250,0.250,0.250,243,1
0.300,0.300,0.300,0.250,0.250,0.250,0.300,0.300,0.300,0.340,0.340,0.340,439,2
0.250,0.250,0.250,0.300,0.300,0.300,0.270,0.270,0.270,0.300,0.300,0.300,366,2
0.300,0.300,0.300,0.300,0.300,0.300,0.280,0.280,0.280,0.300,0.300,0.300,246,2
0.300,0.300,0.300,0.300,0.300,0.300,0.290,0.290,0.290,0.300,0.300,0.300,148,2
0.300,0.300,0.300,0.350,0.350,0.350,0.300,0.300,0.300,0.320,0.320,0.320,624,2
0.250,0.250,0.250,0.300,0.300,0.300,0.320,0.320,0.320,0.300,0.300,0.300,239,1
0.300,0.300,0.300,0.300,0.300,0.300,0.300,0.300,0.300,0.280,0.280,0.280,279,1
0.250,0.250,0.250,0.300,0.300,0.300,0.340,0.340,0.340,0.300,0.300,0.300,406,1
0.300,0.300,0.300,0.300,0.300,0.300,0.300,0.300,0.300,0.280,0.280,0.280,741,1
0.350,0.350,0.350,0.300,0.300,0.300,0.350,0.350,0.350,0.300,0.300,0.300,759,1
0.300,0.300,0.300,0.250,0.250,0.250,0.300,0.300,0.300,0.340,0.340,0.340,307,2
0.350,0.350,0.350,0.300,0.300,0.300,0.320,0.320,0.320,0.300,0.300,0.300,723,1
0.300,0.300,0.300,0.250,0.250,0.250,0.300,0.300,0.300,0.250,0.250,0.250,793,1
0.250,0.250,0.250,0.300,0.300,0.300,0.350,0.350,0.350,0.300,0.300,0.300,440,1
0.300,0.300,0.300,0.300,0.300,0.300,0.290,0.290,0.290,0.300,0.300,0.300,115,2
0.300,0.300,0.300,0.350,0.350,0.350,0.300,0.300,0.300,0.350,0.350,0.350,792,2
0.300,0.300,0.300,0.250,0.250,0.250,0.300,0.300,0.300,0.290,0.290,0.290,962,1
0.300,0.300,0.300,0.350,0.350,0.350,0.300,0.300,0.300,0.250,0.250,0.250,815,1
0.350,0.350,0.350,0.300,0.300,0.300,0.280,0.280,0.280,0.300,0.300,0.300,422,2
0.300,0.300,0.300,0.350,0.350,0.350,0.300,0.300,0.300,0.270,0.270,0.270,289,1
0.250,0.250,0.250,0.300,0.300,0.300,0.350,0.350,0.350,0.300,0.300,0.300,869,1
0.300,0.300,0.300,0.300,0.300,0.300,0.300,0.300,0.300,0.350,0.350,0.350,517,2
0.300,0.300,0.300,0.350,0.350,0.350,0.300,0.300,0.300,0.300,0.300,0.300,919,2
0.350,0.350,0.350,0.300,0.300,0.300,0.340,0.340,0.340,0.300,0.300,0.300,296,1
0.350,0.350,0.350,0.300,0.300,0.300,0.350,0.350,0.350,0.300,0.300,0.300,495,1
0.250,0.250,0.250,0.300,0.300,0.300,0.270,0.270,0.270,0.300,0.300,0.300,465,2
0.300,0.300,0.300,0.350,0.350,0.350,0.300,0.300,0.300,0.270,0.270,0.270,916,1
0.300,0.300,0.300,0.300,0.300,0.300,0.300,0.300,0.300,0.330,0.330,0.330,647,2
0.300,0.300,0.300,0.300,0.300,0.300,0.300,0.300,0.300,0.330,0.330,0.330,581,2
0.300,0.300,0.300,0.350,0.350,0.350,0.300,0.300,0.300,0.310,0.310,0.310,887,2
0.350,0.350,0.350,0.300,0.300,0.300,0.250,0.250,0.250,0.300,0.300,0.300,155,2
0.250,0.250,0.250,0.300,0.300,0.300,0.250,0.250,0.250,0.300,0.300,0.300,595,2
0.350,0.350,0.350,0.300,0.300,0.300,0.260,0.260,0.260,0.300,0.300,0.300,24,2
0.300,0.300,0.300,0.300,0.300,0.300,0.300,0.300,0.300,0.260,0.260,0.260,343,1
0.250,0.250,0.250,0.300,0.300,0.300,0.340,0.340,0.340,0.300,0.300,0.300,505,1
0.350,0.350,0.350,0.300,0.300,0.300,0.290,0.290,0.290,0.300,0.300,0.300,654,2
0.300,0.300,0.300,0.350,0.350,0.350,0.300,0.300,0.300,0.350,0.350,0.350,297,2
0.300,0.300,0.300,0.300,0.300,0.300,0.300,0.300,0.300,0.290,0.290,0.290,82,1
0.300,0.300,0.300,0.300,0.300,0.300,0.320,0.320,0.320,0.300,0.300,0.300,778,1
0.300,0.300,0.300,0.300,0.300,0.300,0.280,0.280,0.280,0.300,0.300,0.300,180,2
0.300,0.300,0.300,0.350,0.350,0.350,0.300,0.300,0.300,0.270,0.270,0.270,124,1
0.300,0.300,0.300,0.300,0.300,0.300,0.250,0.250,0.250,0.300,0.300,0.300,870,2
0.250,0.250,0.250,0.300,0.300,0.300,0.300,0.300,0.300,0.300,0.300,0.300,72,1
0.300,0.300,0.300,0.300,0.300,0.300,0.290,0.290,0.290,0.300,0.300,0.300,841,2
0.300,0.300,0.300,0.250,0.250,0.250,0.300,0.300,0.300,0.350,0.350,0.350,77,2
0.350,0.350,0.350,0.300,0.300,0.300,0.290,0.290,0.290,0.300,0.300,0.300,423,2
0.300,0.300,0.300,0.300,0.300,0.300,0.260,0.260,0.260,0.300,0.300,0.300,838,2
0.300,0.300,0.300,0.300,0.300,0.300,0.300,0.300,0.300,0.250,0.250,0.250,573,1
0.350,0.350,0.350,0.300,0.300,0.300,0.340,0.340,0.340,0.300,0.300,0.300,164,1
0.300,0.300,0.300,0.300,0.300,0.300,0.340,0.340,0.340,0.300,0.300,0.300,945,1
0.350,0.350,0.350,0.300,0.300,0.300,0.290,0.290,0.290,0.300,0.300,0.300,60,2
0.250,0.250,0.250,0.300,0.300,0.300,0.330,0.330,0.330,0.300,0.300,0.300,537,1
0.250,0.250,0.250,0.300,0.300,0.300,0.350,0.350,0.350,0.300,0.300,0.300,638,1
0.250,0.250,0.250,0.300,0.300,0.300,0.260,0.260,0.260,0.300,0.300,0.300,596,2
0.300,0.300,0.300,0.300,0.300,0.300,0.300,0.300,0.300,0.310,0.310,0.310,117,2
0.300,0.300,0.300,0.300,0.300,0.300,0.300,0.300,0.300,0.280,0.280,0.280,576,1
0.300,0.300,0.300,0.250,0.250,0.250,0.300,0.300,0.300,0.280,0.280,0.280,664,1
0.300,0.300,0.300,0.300,0.300,0.300,0.300,0.300,0.300,0.280,0.280,0.280,411,1
0.300,0.300,0.300,0.300,0.300,0.300,0.300,0.300,0.300,0.300,0.300,0.300,743,2
0.300,0.300,0.300,0.300,0.300,0.300,0.300,0.300,0.300,0.310,0.310,0.310,249,2
0.300,0.300,0.300,0.350,0.350,0.350,0.300,0.300,0.300,0.250,0.250,0.250,683,1
0.300,0.300,0.300,0.300,0.300,0.300,0.300,0.300,0.300,0.310,0.310,0.310,810,2
0.300,0.300,0.300,0.250,0.250,0.250,0.300,0.300,0.300,0.320,0.320,0.320,800,2
0.300,0.300,0.300,0.300,0.300,0.300,0.300,0.300,0.300,0.300,0.300,0.300,908,2
0.250,0.250,0.250,0.300,0.300,0.300,0.330,0.330,0.330,0.300,0.300,0.300,471,1
0.300,0.300,0.300,0.350,0.350,0.350,0.300,0.300,0.300,0.270,0.270,0.270,685,1
0.300,0.300,0.300,0.350,0.350,0.350,0.300,0.300,0.300,0.280,0.280,0.280,950,1
0.300,0.300,0.300,0.350,0.350,0.350,0.300,0.300,0.300,0.310,0.310,0.310,425,2
0.300,0.300,0.300,0.250,0.250,0.250,0.300,0.300,0.300,0.320,0.320,0.320,173,2
0.300,0.300,0.300,0.250,0.250,0.250,0.300,0.300,0.300,0.330,0.330,0.330,372,2
0.250,0.250,0.250,0.300,0.300,0.300,0.260,0.260,0.260,0.300,0.300,0.300,398,2
0.300,0.300,0.300,0.300,0.300,0.300,0.320,0.320,0.320,0.300,0.300,0.300,679,1
0.350,0.350,0.350,0.300,0.300,0.300,0.350,0.350,0.350,0.300,0.300,0.300,990,1
0.300,0.300,0.300,0.250,0.250,0.250,0.300,0.300,0.300,0.330,0.330,0.330,438,2
0.350,0.350,0.350,0.300,0.300,0.300,0.350,0.350,0.350,0.300,0.300,0.300,429,1
0.350,0.350,0.350,0.300,0.300,0.300,0.280,0.280,0.280,0.300,0.300,0.300,686,2
0.300,0.300,0.300,0.300,0.300,0.300,0.300,0.300,0.300,0.250,0.250,0.250,78,1
0.300,0.300,0.300,0.300,0.300,0.300,0.300,0.300,0.300,0.280,0.280,0.280,840,1
0.300,0.300,0.300,0.300,0.300,0.300,0.300,0.300,0.300,0.340,0.340,0.340,384,2
0.300,0.300,0.300,0.350,0.350,0.350,0.300,0.300,0.300,0.320,0.320,0.320,294,2
0.350,0.350,0.350,0.300,0.300,0.300,0.270,0.270,0.270,0.300,0.300,0.300,883,2
0.300,0.300,0.300,0.300,0.300,0.300,0.300,0.300,0.300,0.350,0.350,0.350,946,2
0.250,0.250,0.250,0.300,0.300,0.300,0.320,0.320,0.320,0.300,0.300,0.300,107,1
0.300,0.300,0.300,0.300,0.300,0.300,0.330,0.330,0.330,0.300,0.300,0.300,251,1
0.300,0.300,0.300,0.350,0.350,0.350,0.300,0.300,0.300,0.270,0.270,0.270,520,1
0.300,0.300,0.300,0.250,0.250,0.250,0.300,0.300,0.300,0.330,0.330,0.330,933,2
0.300,0.300,0.300,0.300,0.300,0.300,0.320,0.320,0.320,0.300,0.300,0.300,712,1
0.300,0.300,0.300,0.300,0.300,0.300,0.300,0.300,0.300,0.250,0.250,0.250,804,1
0.300,0.300,0.300,0.350,0.350,0.350,0.300,0.300,0.300,0.250,0.250,0.250,518,1
0.300,0.300,0.300,0.300,0.300,0.300,0.340,0.340,0.340,0.300,0.300,0.300,813,1
0.350,0.350,0.350,0.300,0.300,0.300,0.280,0.280,0.280,0.300,0.300,0.300,917,2
0.300,0.300,0.300,0.250,0.250,0.250,0.300,0.300,0.300,0.270,0.270,0.270,333,1
0.300,0.300,0.300,0.300,0.300,0.300,0.320,0.320,0.320,0.300,0.300,0.300,580,1
0.350,0.350,0.350,0.300,0.300,0.300,0.260,0.260,0.260,0.300,0.300,0.300,618,2
0.300,0.300,0.300,0.300,0.300,0.300,0.300,0.300,0.300,0.350,0.350,0.350,583,2
0.250,0.250,0.250,0.300,0.300,0.300,0.260,0.260,0.260,0.300,0.300,0.300,662,2
0.250,0.250,0.250,0.300,0.300,0.300,0.300,0.300,0.300,0.300,0.300,0.300,435,1
0.300,0.300,0.300,0.300,0.300,0.300,0.340,0.340,0.340,0.300,0.300,0.300,351,1
0.250,0.250,0.250,0.300,0.300,0.300,0.290,0.290,0.290,0.300,0.300,0.300,434,2
0.300,0.300,0.300,0.300,0.300,0.300,0.320,0.320,0.320,0.300,0.300,0.300,448,1
0.300,0.300,0.300,0.300,0.300,0.300,0.330,0.330,0.330,0.300,0.300,0.300,482,1
0.250,0.250,0.250,0.300,0.300,0.300,0.300,0.300,0.300,0.300,0.300,0.300,171,1
0.250,0.250,0.250,0.300,0.300,0.300,0.270,0.270,0.270,0.300,0.300,0.300,795,2
0.350,0.350,0.350,0.300,0.300,0.300,0.350,0.350,0.350,0.300,0.300,0.300,198,1
0.300,0.300,0.300,0.250,0.250,0.250,0.300,0.300,0.300,0.260,0.260,0.260,431,1
0.300,0.300,0.300,0.350,0.350,0.350,0.300,0.300,0.300,0.310,0.310,0.310,557,2
0.300,0.300,0.300,0.300,0.300,0.300,0.300,0.300,0.300,0.350,0.350,0.350,55,2
0.300,0.300,0.300,0.350,0.350,0.350,0.300,0.300,0.300,0.340,0.340,0.340,131,2
0.300,0.300,0.300,0.300,0.300,0.300,0.290,0.290,0.290,0.300,0.300,0.300,247,2
0.300,0.300,0.300,0.350,0.350,0.350,0.300,0.300,0.300,0.260,0.260,0.260,189,1
0.250,0.250,0.250,0.300,0.300,0.300,0.350,0.350,0.350,0.300,0.300,0.300,143,1
0.250,0.250,0.250,0.300,0.300,0.300,0.290,0.290,0.290,0.300,0.300,0.300,335,2
0.300,0.300,0.300,0.300,0.300,0.300,0.340,0.340,0.340,0.300,0.300,0.300,549,1
0.300,0.300,0.300,0.250,0.250,0.250,0.300,0.300,0.300,0.300,0.300,0.300,402,2
0.300,0.300,0.300,0.300,0.300,0.300,0.320,0.320,0.320,0.300,0.300,0.300,184,1
0.300,0.300,0.300,0.300,0.300,0.300,0.320,0.320,0.320,0.300,0.300,0.300,283,1
0.300,0.300,0.300,0.300,0.300,0.300,0.300,0.300,0.300,0.290,0.290,0.290,412,1
0.300,0.300,0.300,0.300,0.300,0.300,0.310,0.310,0.310,0.300,0.300,0.300,909,1
0.300,0.300,0.300,0.300,0.300,0.300,0.300,0.300,0.300,0.260,0.260,0.260,805,1
0.300,0.300,0.300,0.350,0.350,0.350,0.300,0.300,0.300,0.270,0.270,0.270,421,1
0.300,0.300,0.300,0.300,0.300,0.300,0.300,0.300,0.300,0.250,0.250,0.250,507,1
0.300,0.300,0.300,0.350,0.350,0.350,0.300,0.300,0.300,0.280,0.280,0.280,884,1
0.300,0.300,0.300,0.300,0.300,0.300,0.300,0.300,0.300,0.330,0.330,0.330,614,2
0.300,0.300,0.300,0.250,0.250,0.250,0.300,0.300,0.300,0.350,0.350,0.350,341,2
0.300,0.300,0.300,0.300,0.300,0.300,0.300,0.300,0.300,0.330,0.330,0.330,350,2
0.300,0.300,0.300,0.250,0.250,0.250,0.300,0.300,0.300,0.310,0.310,0.310,898,2
0.350,0.350,0.350,0.300,0.300,0.300,0.310,0.310,0.310,0.300,0.300,0.300,986,1
0.300,0.300,0.300,0.350,0.350,0.350,0.300,0.300,0.300,0.270,0.270,0.270,256,1
0.250,0.250,0.250,0.300,0.300,0.300,0.330,0.330,0.330,0.300,0.300,0.300,306,1
0.300,0.300,0.300,0.300,0.300,0.300,0.310,0.310,0.310,0.300,0.300,0.300,315,1
0.300,0.300,0.300,0.250,0.250,0.250,0.300,0.300,0.300,0.330,0.330,0.330,504,2
0.300,0.300,0.300,0.350,0.350,0.350,0.300,0.300,0.300,0.310,0.310,0.310,392,2
0.300,0.300,0.300,0.350,0.350,0.350,0.300,0.300,0.300,0.320,0.320,0.320,822,2
0.250,0.250,0.250,0.300,0.300,0.300,0.320,0.320,0.320,0.300,0.300,0.300,833,1
0.300,0.300,0.300,0.300,0.300,0.300,0.300,0.300,0.300,0.250,0.250,0.250,441,1
0.250,0.250,0.250,0.300,0.300,0.300,0.330,0.330,0.330,0.300,0.300,0.300,768,1
0.250,0.250,0.250,0.300,0.300,0.300,0.300,0.300,0.300,0.300,0.300,0.300,699,1
0.300,0.300,0.300,0.300,0.300,0.300,0.300,0.300,0.300,0.250,0.250,0.250,144,1
0.300,0.300,0.300,0.300,0.300,0.300,0.300,0.300,0.300,0.270,0.270,0.270,872,1
0.300,0.300,0.300,0.250,0.250,0.250,0.300,0.300,0.300,0.320,0.320,0.320,602,2
0.350,0.350,0.350,0.300,0.300,0.300,0.260,0.260,0.260,0.300,0.300,0.300,552,2
0.300,0.300,0.300,0.300,0.300,0.300,0.300,0.300,0.300,0.300,0.300,0.300,248,2
0.300,0.300,0.300,0.300,0.300,0.300,0.280,0.280,0.280,0.300,0.300,0.300,213,2
0.300,0.300,0.300,0.300,0.300,0.300,0.340,0.340,0.340,0.300,0.300,0.300,747,1
0.300,0.300,0.300,0.300,0.300,0.300,0.300,0.300,0.300,0.350,0.350,0.350,319,2
0.250,0.250,0.250,0.300,0.300,0.300,0.280,0.280,0.280,0.300,0.300,0.300,763,2
0.300,0.300,0.300,0.250,0.250,0.250,0.300,0.300,0.300,0.260,0.260,0.260,761,1
0.300,0.300,0.300,0.300,0.300,0.300,0.300,0.300,0.300,0.260,0.260,0.260,904,1
0.300,0.300,0.300,0.300,0.300,0.300,0.300,0.300,0.300,0.280,0.280,0.280,873,1
0.300,0.300,0.300,0.350,0.350,0.350,0.300,0.300,0.300,0.350,0.350,0.350,462,2
0.250,0.250,0.250,0.300,0.300,0.300,0.280,0.280,0.280,0.300,0.300,0.300,433,2
0.300,0.300,0.300,0.300,0.300,0.300,0.310,0.310,0.310,0.300,0.300,0.300,711,1
0.250,0.250,0.250,0.300,0.300,0.300,0.290,0.290,0.290,0.300,0.300,0.300,632,2
0.300,0.300,0.300,0.250,0.250,0.250,0.300,0.300,0.300,0.340,0.340,0.340,868,2
0.350,0.350,0.350,0.300,0.300,0.300,0.260,0.260,0.260,0.300,0.300,0.300,90,2
0.300,0.300,0.300,0.250,0.250,0.250,0.300,0.300,0.300,0.280,0.280,0.280,367,1
0.300,0.300,0.300,0.350,0.350,0.350,0.300,0.300,0.300,0.340,0.340,0.340,263,2
0.300,0.300,0.300,0.350,0.350,0.350,0.300,0.300,0.300,0.300,0.300,0.300,556,2
0.300,0.300,0.300,0.300,0.300,0.300,0.300,0.300,0.300,0.320,0.320,0.320,85,2
0.300,0.300,0.300,0.250,0.250,0.250,0.300,0.300,0.300,0.320,0.320,0.320,140,2
0.250,0.250,0.250,0.300,0.300,0.300,0.330,0.330,0.330,0.300,0.300,0.300,273,1
0.250,0.250,0.250,0.300,0.300,0.300,0.340,0.340,0.340,0.300,0.300,0.300,835,1
0.300,0.300,0.300,0.350,0.350,0.350,0.300,0.300,0.300,0.340,0.340,0.340,593,2
0.300,0.300,0.300,0.300,0.300,0.300,0.270,0.270,0.270,0.300,0.300,0.300,509,2
0.300,0.300,0.300,0.300,0.300,0.300,0.310,0.310,0.310,0.300,0.300,0.300,612,1
0.250,0.250,0.250,0.300,0.300,0.300,0.270,0.270,0.270,0.300,0.300,0.300,300,2
0.250,0.250,0.250,0.300,0.300,0.300,0.300,0.300,0.300,0.300,0.300,0.300,567,1
0.350,0.350,0.350,0.300,0.300,0.300,0.280,0.280,0.280,0.300,0.300,0.300,653,2
0.300,0.300,0.300,0.250,0.250,0.250,0.300,0.300,0.300,0.350,0.350,0.350,836,2
0.300,0.300,0.300,0.300,0.300,0.300,0.300,0.300,0.300,0.280,0.280,0.280,510,1
0.300,0.300,0.300,0.300,0.300,0.300,0.300,0.300,0.300,0.300,0.300,0.300,479,1
0.300,0.300,0.300,0.350,0.350,0.350,0.300,0.300,0.300,0.290,0.290,0.290,885,1
0.250,0.250,0.250,0.300,0.300,0.300,0.350,0.350,0.350,0.300,0.300,0.300,968,1
0.300,0.300,0.300,0.250,0.250,0.250,0.300,0.300,0.300,0.280,0.280,0.280,268,1
0.300,0.300,0.300,0.350,0.350,0.350,0.300,0.300,0.300,0.330,0.330,0.330,295,2
0.250,0.250,0.250,0.300,0.300,0.300,0.250,0.250,0.250,0.300,0.300,0.300,925,2
0.300,0.300,0.300,0.300,0.300,0.300,0.300,0.300,0.300,0.310,0.310,0.310,579,2
0.350,0.350,0.350,0.300,0.300,0.300,0.270,0.270,0.270,0.300,0.300,0.300,58,2
0.300,0.300,0.300,0.250,0.250,0.250,0.300,0.300,0.300,0.330,0.330,0.330,9,2
0.350,0.350,0.350,0.300,0.300,0.300,0.250,0.250,0.250,0.300,0.300,0.300,221,2
0.300,0.300,0.300,0.300,0.300,0.300,0.300,0.300,0.300,0.340,0.340,0.340,450,2
0.300,0.300,0.300,0.300,0.300,0.300,0.260,0.260,0.260,0.300,0.300,0.300,937,2
0.300,0.300,0.300,0.300,0.300,0.300,0.300,0.300,0.300,0.290,0.290,0.290,181,1
0.350,0.350,0.350,0.300,0.300,0.300,0.310,0.310,0.310,0.300,0.300,0.300,62,1
0.300,0.300,0.300,0.300,0.300,0.300,0.300,0.300,0.300,0.340,0.340,0.340,54,2
0.300,0.300,0.300,0.250,0.250,0.250,0.300,0.300,0.300,0.350,0.350,0.350,572,2
0.300,0.300,0.300,0.300,0.300,0.300,0.300,0.300,0.300,0.280,0.280,0.280,477,1
0.250,0.250,0.250,0.300,0.300,0.300,0.330,0.330,0.330,0.300,0.300,0.300,207,1
0.300,0.300,0.300,0.300,0.300,0.300,0.310,0.310,0.310,0.300,0.300,0.300,546,1
0.300,0.300,0.300,0.350,0.350,0.350,0.300,0.300,0.300,0.330,0.330,0.330,955,2
0.300,0.300,0.300,0.300,0.300,0.300,0.330,0.330,0.330,0.300,0.300,0.300,218,1
0.300,0.300,0.300,0.300,0.300,0.300,0.300,0.300,0.300,0.280,0.280,0.280,807,1
0.300,0.300,0.300,0.250,0.250,0.250,0.300,0.300,0.300,0.320,0.320,0.320,74,2
0.350,0.350,0.350,0.300,0.300,0.300,0.300,0.300,0.300,0.300,0.300,0.300,820,1
0.300,0.300,0.300,0.300,0.300,0.300,0.310,0.310,0.310,0.300,0.300,0.300,84,1
0.250,0.250,0.250,0.300,0.300,0.300,0.270,0.270,0.270,0.300,0.300,0.300,828,2
0.350,0.350,0.350,0.300,0.300,0.300,0.310,0.310,0.310,0.300,0.300,0.300,227,1
0.250,0.250,0.250,0.300,0.300,0.300,0.340,0.340,0.340,0.300,0.300,0.300,604,1
0.300,0.300,0.300,0.250,0.250,0.250,0.300,0.300,0.300,0.260,0.260,0.260,695,1
0.250,0.250,0.250,0.300,0.300,0.300,0.250,0.250,0.250,0.300,0.300,0.300,694,2
0.300,0.300,0.300,0.300,0.300,0.300,0.330,0.330,0.330,0.300,0.300,0.300,713,1
0.300,0.300,0.300,0.300,0.300,0.300,0.300,0.300,0.300,0.330,0.330,0.330,284,2
0.250,0.250,0.250,0.300,0.300,0.300,0.300,0.300,0.300,0.300,0.300,0.300,963,1
0.350,0.350,0.350,0.300,0.300,0.300,0.270,0.270,0.270,0.300,0.300,0.300,388,2
0.250,0.250,0.250,0.300,0.300,0.300,0.330,0.330,0.330,0.300,0.300,0.300,603,1
0.300,0.300,0.300,0.250,0.250,0.250,0.300,0.300,0.300,0.280,0.280,0.280,862,1
0.300,0.300,0.300,0.350,0.350,0.350,0.300,0.300,0.300,0.290,0.290,0.290,555,1
0.300,0.300,0.300,0.350,0.350,0.350,0.300,0.300,0.300,0.280,0.280,0.280,125,1
0.350,0.350,0.350,0.300,0.300,0.300,0.250,0.250,0.250,0.300,0.300,0.300,617,2
0.300,0.300,0.300,0.350,0.350,0.350,0.300,0.300,0.300,0.340,0.340,0.340,461,2
0.300,0.300,0.300,0.350,0.350,0.350,0.300,0.300,0.300,0.290,0.290,0.290,159,1
0.300,0.300,0.300,0.250,0.250,0.250,0.300,0.300,0.300,0.290,0.290,0.290,104,1
0.300,0.300,0.300,0.300,0.300,0.300,0.280,0.280,0.280,0.300,0.300,0.300,345,2
0.300,0.300,0.300,0.250,0.250,0.250,0.300,0.300,0.300,0.270,0.270,0.270,168,1
0.250,0.250,0.250,0.300,0.300,0.300,0.340,0.340,0.340,0.300,0.300,0.300,76,1
0.250,0.250,0.250,0.300,0.300,0.300,0.350,0.350,0.350,0.300,0.300,0.300,506,1
0.250,0.250,0.250,0.300,0.300,0.300,0.300,0.300,0.300,0.300,0.300,0.300,765,1
0.350,0.350,0.350,0.300,0.300,0.300,0.350,0.350,0.350,0.300,0.300,0.300,99,1
0.250,0.250,0.250,0.300,0.300,0.300,0.310,0.310,0.310,0.300,0.300,0.300,304,1
0.300,0.300,0.300,0.250,0.250,0.250,0.300,0.300,0.300,0.310,0.310,0.310,337,2
0.250,0.250,0.250,0.300,0.300,0.300,0.270,0.270,0.270,0.300,0.300,0.300,432,2
0.300,0.300,0.300,0.250,0.250,0.250,0.300,0.300,0.300,0.270,0.270,0.270,729,1
0.300,0.300,0.300,0.250,0.250,0.250,0.300,0.300,0.300,0.330,0.330,0.330,702,2
0.300,0.300,0.300,0.300,0.300,0.300,0.300,0.300,0.300,0.310,0.310,0.310,381,2
0.350,0.350,0.350,0.300,0.300,0.300,0.340,0.340,0.340,0.300,0.300,0.300,494,1
0.300,0.300,0.300,0.350,0.350,0.350,0.300,0.300,0.300,0.260,0.260,0.260,255,1
0.300,0.300,0.300,0.300,0.300,0.300,0.300,0.300,0.300,0.320,0.320,0.320,118,2
0.300,0.300,0.300,0.300,0.300,0.300,0.270,0.270,0.270,0.300,0.300,0.300,278,2
0.250,0.250,0.250,0.300,0.300,0.300,0.340,0.340,0.340,0.300,0.300,0.300,769,1
0.250,0.250,0.250,0.300,0.300,0.300,0.280,0.280,0.280,0.300,0.300,0.300,235,2
0.300,0.300,0.300,0.300,0.300,0.300,0.290,0.290,0.290,0.300,0.300,0.300,478,2
0.300,0.300,0.300,0.250,0.250,0.250,0.300,0.300,0.300,0.290,0.290,0.290,38,1
0.300,0.300,0.300,0.250,0.250,0.250,0.300,0.300,0.300,0.250,0.250,0.250,298,1
0.300,0.300,0.300,0.350,0.350,0.350,0.300,0.300,0.300,0.250,0.250,0.250,914,1
0.300,0.300,0.300,0.350,0.350,0.350,0.300,0.300,0.300,0.320,0.320,0.320,789,2
0.350,0.350,0.350,0.300,0.300,0.300,0.330,0.330,0.330,0.300,0.300,0.300,823,1
0.350,0.350,0.350,0.300,0.300,0.300,0.250,0.250,0.250,0.300,0.300,0.300,716,2
0.300,0.300,0.300,0.350,0.350,0.350,0.300,0.300,0.300,0.280,0.280,0.280,389,1
0.350,0.350,0.350,0.300,0.300,0.300,0.320,0.320,0.320,0.300,0.300,0.300,426,1
0.300,0.300,0.300,0.300,0.300,0.300,0.300,0.300,0.300,0.290,0.290,0.290,808,1
0.300,0.300,0.300,0.350,0.350,0.350,0.300,0.300,0.300,0.340,0.340,0.340,98,2
0.250,0.250,0.250,0.300,0.300,0.300,0.260,0.260,0.260,0.300,0.300,0.300,68,2
0.250,0.250,0.250,0.300,0.300,0.300,0.320,0.320,0.320,0.300,0.300,0.300,8,1
0.300,0.300,0.300,0.350,0.350,0.350,0.300,0.300,0.300,0.330,0.330,0.330,856,2
0.300,0.300,0.300,0.350,0.350,0.350,0.300,0.300,0.300,0.320,0.320,0.320,162,2
0.250,0.250,0.250,0.300,0.300,0.300,0.290,0.290,0.290,0.300,0.300,0.300,797,2
0.250,0.250,0.250,0.300,0.300,0.300,0.310,0.310,0.310,0.300,0.300,0.300,700,1
0.300,0.300,0.300,0.300,0.300,0.300,0.300,0.300,0.300,0.300,0.300,0.300,875,2
0.250,0.250,0.250,0.300,0.300,0.300,0.320,0.320,0.320,0.300,0.300,0.300,41,1
0.250,0.250,0.250,0.300,0.300,0.300,0.280,0.280,0.280,0.300,0.300,0.300,4,2
0.250,0.250,0.250,0.300,0.300,0.300,0.340,0.340,0.340,0.300,0.300,0.300,274,1
0.300,0.300,0.300,0.300,0.300,0.300,0.260,0.260,0.260,0.300,0.300,0.300,607,2
0.350,0.350,0.350,0.300,0.300,0.300,0.270,0.270,0.270,0.300,0.300,0.300,982,2
0.300,0.300,0.300,0.250,0.250,0.250,0.300,0.300,0.300,0.310,0.310,0.310,403,2
0.300,0.300,0.300,0.300,0.300,0.300,0.300,0.300,0.300,0.300,0.300,0.300,83,1
0.250,0.250,0.250,0.300,0.300,0.300,0.310,0.310,0.310,0.300,0.300,0.300,370,1
0.350,0.350,0.350,0.300,0.300,0.300,0.250,0.250,0.250,0.300,0.300,0.300,320,2
0.350,0.350,0.350,0.300,0.300,0.300,0.340,0.340,0.340,0.300,0.300,0.300,890,1
0.300,0.300,0.300,0.350,0.350,0.350,0.300,0.300,0.300,0.310,0.310,0.310,326,2
0.250,0.250,0.250,0.300,0.300,0.300,0.310,0.310,0.310,0.300,0.300,0.300,172,1
0.300,0.300,0.300,0.350,0.350,0.350,0.300,0.300,0.300,0.280,0.280,0.280,521,1
0.250,0.250,0.250,0.300,0.300,0.300,0.250,0.250,0.250,0.300,0.300,0.300,100,2
0.300,0.300,0.300,0.300,0.300,0.300,0.260,0.260,0.260,0.300,0.300,0.300,112,2
0.350,0.350,0.350,0.300,0.300,0.300,0.260,0.260,0.260,0.300,0.300,0.300,420,2
0.350,0.350,0.350,0.300,0.300,0.300,0.290,0.290,0.290,0.300,0.300,0.300,357,2
0.300,0.300,0.300,0.300,0.300,0.300,0.300,0.300,0.300,0.350,0.350,0.350,814,2
0.300,0.300,0.300,0.350,0.350,0.350,0.300,0.300,0.300,0.330,0.330,0.330,922,2
0.350,0.350,0.350,0.300,0.300,0.300,0.270,0.270,0.270,0.300,0.300,0.300,190,2
0.350,0.350,0.350,0.300,0.300,0.300,0.340,0.340,0.340,0.300,0.300,0.300,428,1
0.250,0.250,0.250,0.300,0.300,0.300,0.340,0.340,0.340,0.300,0.300,0.300,802,1
0.350,0.350,0.350,0.300,0.300,0.300,0.350,0.350,0.350,0.300,0.300,0.300,594,1
0.250,0.250,0.250,0.300,0.300,0.300,0.280,0.280,0.280,0.300,0.300,0.300,532,2
0.300,0.300,0.300,0.300,0.300,0.300,0.350,0.350,0.350,0.300,0.300,0.300,187,1
0.300,0.300,0.300,0.300,0.300,0.300,0.340,0.340,0.340,0.300,0.300,0.300,186,1
0.300,0.300,0.300,0.300,0.300,0.300,0.300,0.300,0.300,0.300,0.300,0.300,347,2
0.250,0.250,0.250,0.300,0.300,0.300,0.330,0.330,0.330,0.300,0.300,0.300,636,1
0.350,0.350,0.350,0.300,0.300,0.300,0.260,0.260,0.260,0.300,0.300,0.300,123,2
0.300,0.300,0.300,0.350,0.350,0.350,0.300,0.300,0.300,0.300,0.300,0.300,886,2
0.350,0.350,0.350,0.300,0.300,0.300,0.310,0.310,0.310,0.300,0.300,0.300,458,1
0.300,0.300,0.300,0.250,0.250,0.250,0.300,0.300,0.300,0.350,0.350,0.350,110,2
0.300,0.300,0.300,0.300,0.300,0.300,0.300,0.300,0.300,0.330,0.330,0.330,86,2
0.300,0.300,0.300,0.250,0.250,0.250,0.300,0.300,0.300,0.300,0.300,0.300,732,2
0.300,0.300,0.300,0.250,0.250,0.250,0.300,0.300,0.300,0.320,0.320,0.320,569,2
0.300,0.300,0.300,0.300,0.300,0.300,0.250,0.250,0.250,0.300,0.300,0.300,276,2
0.250,0.250,0.250,0.300,0.300,0.300,0.270,0.270,0.270,0.300,0.300,0.300,135,2
0.350,0.350,0.350,0.300,0.300,0.300,0.330,0.330,0.330,0.300,0.300,0.300,625,1
0.300,0.300,0.300,0.350,0.350,0.350,0.300,0.300,0.300,0.330,0.330,0.330,526,2
0.250,0.250,0.250,0.300,0.300,0.300,0.320,0.320,0.320,0.300,0.300,0.300,272,1
0.300,0.300,0.300,0.350,0.350,0.350,0.300,0.300,0.300,0.310,0.310,0.310,260,2
0.350,0.350,0.350,0.300,0.300,0.300,0.350,0.350,0.350,0.300,0.300,0.300,891,1
0.300,0.300,0.300,0.300,0.300,0.300,0.300,0.300,0.300,0.320,0.320,0.320,877,2
0.300,0.300,0.300,0.300,0.300,0.300,0.270,0.270,0.270,0.300,0.300,0.300,311,2
0.300,0.300,0.300,0.250,0.250,0.250,0.300,0.300,0.300,0.330,0.330,0.330,570,2
0.300,0.300,0.300,0.300,0.300,0.300,0.330,0.330,0.330,0.300,0.300,0.300,317,1
0.300,0.300,0.300,0.250,0.250,0.250,0.300,0.300,0.300,0.340,0.340,0.340,340,2
0.300,0.300,0.300,0.300,0.300,0.300,0.280,0.280,0.280,0.300,0.300,0.300,15,2
0.300,0.300,0.300,0.250,0.250,0.250,0.300,0.300,0.300,0.290,0.290,0.290,71,1
0.250,0.250,0.250,0.300,0.300,0.300,0.260,0.260,0.260,0.300,0.300,0.300,893,2
0.250,0.250,0.250,0.300,0.300,0.300,0.290,0.290,0.290,0.300,0.300,0.300,500,2
0.300,0.300,0.300,0.250,0.250,0.250,0.300,0.300,0.300,0.280,0.280,0.280,961,1
0.300,0.300,0.300,0.350,0.350,0.350,0.300,0.300,0.300,0.250,0.250,0.250,254,1
0.300,0.300,0.300,0.300,0.300,0.300,0.340,0.340,0.340,0.300,0.300,0.300,285,1
0.300,0.300,0.300,0.250,0.250,0.250,0.300,0.300,0.300,0.330,0.330,0.330,174,2
0.250,0.250,0.250,0.300,0.300,0.300,0.350,0.350,0.350,0.300,0.300,0.300,902,1
0.300,0.300,0.300,0.250,0.250,0.250,0.300,0.300,0.300,0.250,0.250,0.250,166,1
0.300,0.300,0.300,0.350,0.350,0.350,0.300,0.300,0.300,0.300,0.300,0.300,490,2
0.300,0.300,0.300,0.300,0.300,0.300,0.260,0.260,0.260,0.300,0.300,0.300,376,2
0.300,0.300,0.300,0.300,0.300,0.300,0.300,0.300,0.300,0.280,0.280,0.280,774,1
0.300,0.300,0.300,0.250,0.250,0.250,0.300,0.300,0.300,0.260,0.260,0.260,167,1
0.300,0.300,0.300,0.250,0.250,0.250,0.300,0.300,0.300,0.320,0.320,0.320,338,2
0.350,0.350,0.350,0.300,0.300,0.300,0.330,0.330,0.330,0.300,0.300,0.300,229,1
0.300,0.300,0.300,0.250,0.250,0.250,0.300,0.300,0.300,0.270,0.270,0.270,894,1
0.300,0.300,0.300,0.300,0.300,0.300,0.280,0.280,0.280,0.300,0.300,0.300,444,2
0.300,0.300,0.300,0.300,0.300,0.300,0.330,0.330,0.330,0.300,0.300,0.300,746,1
0.300,0.300,0.300,0.350,0.350,0.350,0.300,0.300,0.300,0.290,0.290,0.290,687,1
0.350,0.350,0.350,0.300,0.300,0.300,0.340,0.340,0.340,0.300,0.300,0.300,725,1
0.300,0.300,0.300,0.350,0.350,0.350,0.300,0.300,0.300,0.300,0.300,0.300,325,2
0.300,0.300,0.300,0.300,0.300,0.300,0.300,0.300,0.300,0.300,0.300,0.300,116,1
0.300,0.300,0.300,0.250,0.250,0.250,0.300,0.300,0.300,0.260,0.260,0.260,497,1
0.350,0.350,0.350,0.300,0.300,0.300,0.310,0.310,0.310,0.300,0.300,0.300,161,1
0.300,0.300,0.300,0.350,0.350,0.350,0.300,0.300,0.300,0.290,0.290,0.290,819,1
0.250,0.250,0.250,0.300,0.300,0.300,0.300,0.300,0.300,0.300,0.300,0.300,270,1
0.300,0.300,0.300,0.250,0.250,0.250,0.300,0.300,0.300,0.310,0.310,0.310,634,2
0.300,0.300,0.300,0.300,0.300,0.300,0.340,0.340,0.340,0.300,0.300,0.300,483,1
0.350,0.350,0.350,0.300,0.300,0.300,0.300,0.300,0.300,0.300,0.300,0.300,952,1
0.300,0.300,0.300,0.250,0.250,0.250,0.300,0.300,0.300,0.270,0.270,0.270,597,1
0.350,0.350,0.350,0.300,0.300,0.300,0.320,0.320,0.320,0.300,0.300,0.300,393,1
0.300,0.300,0.300,0.300,0.300,0.300,0.300,0.300,0.300,0.270,0.270,0.270,212,1
0.300,0.300,0.300,0.300,0.300,0.300,0.300,0.300,0.300,0.330,0.330,0.330,977,2
0.250,0.250,0.250,0.300,0.300,0.300,0.290,0.290,0.290,0.300,0.300,0.300,698,2
0.300,0.300,0.300,0.350,0.350,0.350,0.300,0.300,0.300,0.260,0.260,0.260,948,1
0.300,0.300,0.300,0.250,0.250,0.250,0.300,0.300,0.300,0.250,0.250,0.250,232,1
0.300,0.300,0.300,0.300,0.300,0.300,0.300,0.300,0.300,0.290,0.290,0.290,643,1
0.250,0.250,0.250,0.300,0.300,0.300,0.310,0.310,0.310,0.300,0.300,0.300,73,1
0.300,0.300,0.300,0.300,0.300,0.300,0.300,0.300,0.300,0.320,0.320,0.320,547,2
0.350,0.350,0.350,0.300,0.300,0.300,0.300,0.300,0.300,0.300,0.300,0.300,523,1
0.300,0.300,0.300,0.300,0.300,0.300,0.270,0.270,0.270,0.300,0.300,0.300,707,2
0.300,0.300,0.300,0.300,0.300,0.300,0.270,0.270,0.270,0.300,0.300,0.300,806,2
0.300,0.300,0.300,0.300,0.300,0.300,0.300,0.300,0.300,0.330,0.330,0.330,119,2
0.350,0.350,0.350,0.300,0.300,0.300,0.350,0.350,0.350,0.300,0.300,0.300,264,1
0.300,0.300,0.300,0.350,0.350,0.350,0.300,0.300,0.300,0.270,0.270,0.270,553,1
0.300,0.300,0.300,0.350,0.350,0.350,0.300,0.300,0.300,0.280,0.280,0.280,290,1
0.350,0.350,0.350,0.300,0.300,0.300,0.300,0.300,0.300,0.300,0.300,0.300,28,1
0.300,0.300,0.300,0.250,0.250,0.250,0.300,0.300,0.300,0.280,0.280,0.280,466,1
0.350,0.350,0.350,0.300,0.300,0.300,0.290,0.290,0.290,0.300,0.300,0.300,621,2
0.300,0.300,0.300,0.250,0.250,0.250,0.300,0.300,0.300,0.270,0.270,0.270,69,1
0.250,0.250,0.250,0.300,0.300,0.300,0.250,0.250,0.250,0.300,0.300,0.300,562,2
0.300,0.300,0.300,0.300,0.300,0.300,0.300,0.300,0.300,0.250,0.250,0.250,474,1
0.300,0.300,0.300,0.250,0.250,0.250,0.300,0.300,0.300,0.310,0.310,0.310,733,2
0.300,0.300,0.300,0.350,0.350,0.350,0.300,0.300,0.300,0.350,0.350,0.350,66,2
0.250,0.250,0.250,0.300,0.300,0.300,0.260,0.260,0.260,0.300,0.300,0.300,134,2
0.300,0.300,0.300,0.350,0.350,0.350,0.300,0.300,0.300,0.330,0.330,0.330,163,2
0.300,0.300,0.300,0.250,0.250,0.250,0.300,0.300,0.300,0.330,0.330,0.330,240,2
0.250,0.250,0.250,0.300,0.300,0.300,0.350,0.350,0.350,0.300,0.300,0.300,275,1
0.300,0.300,0.300,0.300,0.300,0.300,0.300,0.300,0.300,0.260,0.260,0.260,772,1
0.350,0.350,0.350,0.300,0.300,0.300,0.260,0.260,0.260,0.300,0.300,0.300,882,2
0.300,0.300,0.300,0.300,0.300,0.300,0.300,0.300,0.300,0.310,0.310,0.310,843,2
0.300,0.300,0.300,0.350,0.350,0.350,0.300,0.300,0.300,0.250,0.250,0.250,23,1
0.300,0.300,0.300,0.250,0.250,0.250,0.300,0.300,0.300,0.350,0.350,0.350,803,2
0.300,0.300,0.300,0.300,0.300,0.300,0.270,0.270,0.270,0.300,0.300,0.300,839,2
0.300,0.300,0.300,0.250,0.250,0.250,0.300,0.300,0.300,0.260,0.260,0.260,629,1
0.350,0.350,0.350,0.300,0.300,0.300,0.280,0.280,0.280,0.300,0.300,0.300,851,2
0.350,0.350,0.350,0.300,0.300,0.300,0.330,0.330,0.330,0.300,0.300,0.300,262,1
0.300,0.300,0.300,0.300,0.300,0.300,0.300,0.300,0.300,0.300,0.300,0.300,182,1
0.250,0.250,0.250,0.300,0.300,0.300,0.340,0.340,0.340,0.300,0.300,0.300,637,1
0.300,0.300,0.300,0.300,0.300,0.300,0.340,0.340,0.340,0.300,0.300,0.300,153,1
0.300,0.300,0.300,0.250,0.250,0.250,0.300,0.300,0.300,0.300,0.300,0.300,798,2
0.300,0.300,0.300,0.300,0.300,0.300,0.300,0.300,0.300,0.340,0.340,0.340,681,2
0.300,0.300,0.300,0.350,0.350,0.350,0.300,0.300,0.300,0.320,0.320,0.320,756,2
0.350,0.350,0.350,0.300,0.300,0.300,0.300,0.300,0.300,0.300,0.300,0.300,754,1
0.300,0.300,0.300,0.350,0.350,0.350,0.300,0.300,0.300,0.350,0.350,0.350,957,2
0.300,0.300,0.300,0.300,0.300,0.300,0.250,0.250,0.250,0.300,0.300,0.300,45,2
0.350,0.350,0.350,0.300,0.300,0.300,0.250,0.250,0.250,0.300,0.300,0.300,848,2
0.300,0.300,0.300,0.300,0.300,0.300,0.300,0.300,0.300,0.260,0.260,0.260,739,1
0.300,0.300,0.300,0.300,0.300,0.300,0.300,0.300,0.300,0.270,0.270,0.270,80,1
0.300,0.300,0.300,0.300,0.300,0.300,0.300,0.300,0.300,0.290,0.290,0.290,709,1
0.300,0.300,0.300,0.300,0.300,0.300,0.300,0.300,0.300,0.330,0.330,0.330,449,2
0.300,0.300,0.300,0.350,0.350,0.350,0.300,0.300,0.300,0.330,0.330,0.330,592,2
0.300,0.300,0.300,0.250,0.250,0.250,0.300,0.300,0.300,0.320,0.320,0.320,305,2
0.300,0.300,0.300,0.300,0.300,0.300,0.250,0.250,0.250,0.300,0.300,0.300,936,2
0.250,0.250,0.250,0.300,0.300,0.300,0.350,0.350,0.350,0.300,0.300,0.300,407,1
0.300,0.300,0.300,0.300,0.300,0.300,0.280,0.280,0.280,0.300,0.300,0.300,906,2
0.300,0.300,0.300,0.300,0.300,0.300,0.300,0.300,0.300,0.290,0.290,0.290,280,1
0.350,0.350,0.350,0.300,0.300,0.300,0.260,0.260,0.260,0.300,0.300,0.300,288,2
0.300,0.300,0.300,0.350,0.350,0.350,0.300,0.300,0.300,0.280,0.280,0.280,92,1
0.300,0.300,0.300,0.250,0.250,0.250,0.300,0.300,0.300,0.270,0.270,0.270,927,1
0.300,0.300,0.300,0.300,0.300,0.300,0.300,0.300,0.300,0.300,0.300,0.300,413,2
0.300,0.300,0.300,0.300,0.300,0.300,0.340,0.340,0.340,0.300,0.300,0.300,978,1
0.300,0.300,0.300,0.300,0.300,0.300,0.300,0.300,0.300,0.290,0.290,0.290,973,1
0.300,0.300,0.300,0.300,0.300,0.300,0.300,0.300,0.300,0.250,0.250,0.250,606,1
0.300,0.300,0.300,0.350,0.350,0.350,0.300,0.300,0.300,0.320,0.320,0.320,855,2
0.250,0.250,0.250,0.300,0.300,0.300,0.330,0.330,0.330,0.300,0.300,0.300,966,1
0.350,0.350,0.350,0.300,0.300,0.300,0.340,0.340,0.340,0.300,0.300,0.300,659,1
0.300,0.300,0.300,0.300,0.300,0.300,0.300,0.300,0.300,0.340,0.340,0.340,714,2
0.250,0.250,0.250,0.300,0.300,0.300,0.350,0.350,0.350,0.300,0.300,0.300,704,1
0.300,0.300,0.300,0.350,0.350,0.350,0.300,0.300,0.300,0.320,0.320,0.320,888,2
0.300,0.300,0.300,0.350,0.350,0.350,0.300,0.300,0.300,0.260,0.260,0.260,651,1
0.300,0.300,0.300,0.250,0.250,0.250,0.300,0.300,0.300,0.270,0.270,0.270,267,1
0.300,0.300,0.300,0.250,0.250,0.250,0.300,0.300,0.300,0.250,0.250,0.250,430,1
0.300,0.300,0.300,0.300,0.300,0.300,0.300,0.300,0.300,0.350,0.350,0.350,220,2
0.300,0.300,0.300,0.350,0.350,0.350,0.300,0.300,0.300,0.300,0.300,0.300,193,2
0.250,0.250,0.250,0.300,0.300,0.300,0.290,0.290,0.290,0.300,0.300,0.300,203,2
0.350,0.350,0.350,0.300,0.300,0.300,0.290,0.290,0.290,0.300,0.300,0.300,291,2
0.300,0.300,0.300,0.250,0.250,0.250,0.300,0.300,0.300,0.310,0.310,0.310,832,2
0.300,0.300,0.300,0.350,0.350,0.350,0.300,0.300,0.300,0.280,0.280,0.280,26,1
0.350,0.350,0.350,0.300,0.300,0.300,0.340,0.340,0.340,0.300,0.300,0.300,824,1
0.300,0.300,0.300,0.300,0.300,0.300,0.300,0.300,0.300,0.290,0.290,0.290,445,1
0.350,0.350,0.350,0.300,0.300,0.300,0.340,0.340,0.340,0.300,0.300,0.300,560,1
0.350,0.350,0.350,0.300,0.300,0.300,0.340,0.340,0.340,0.300,0.300,0.300,230,1
0.350,0.350,0.350,0.300,0.300,0.300,0.330,0.330,0.330,0.300,0.300,0.300,361,1
0.300,0.300,0.300,0.250,0.250,0.250,0.300,0.300,0.300,0.270,0.270,0.270,630,1
0.300,0.300,0.300,0.250,0.250,0.250,0.300,0.300,0.300,0.270,0.270,0.270,696,1
0.300,0.300,0.300,0.300,0.300,0.300,0.320,0.320,0.320,0.300,0.300,0.300,976,1
0.300,0.300,0.300,0.300,0.300,0.300,0.300,0.300,0.300,0.290,0.290,0.290,346,1
0.350,0.350,0.350,0.300,0.300,0.300,0.250,0.250,0.250,0.300,0.300,0.300,551,2
0.300,0.300,0.300,0.350,0.350,0.350,0.300,0.300,0.300,0.260,0.260,0.260,915,1
0.300,0.300,0.300,0.350,0.350,0.350,0.300,0.300,0.300,0.350,0.350,0.350,627,2
0.300,0.300,0.300,0.300,0.300,0.300,0.300,0.300,0.300,0.280,0.280,0.280,48,1
0.250,0.250,0.250,0.300,0.300,0.300,0.290,0.290,0.290,0.300,0.300,0.300,170,2
0.300,0.300,0.300,0.300,0.300,0.300,0.260,0.260,0.260,0.300,0.300,0.300,211,2
0.300,0.300,0.300,0.250,0.250,0.250,0.300,0.300,0.300,0.280,0.280,0.280,400,1
0.300,0.300,0.300,0.350,0.350,0.350,0.300,0.300,0.300,0.280,0.280,0.280,983,1
0.300,0.300,0.300,0.300,0.300,0.300,0.320,0.320,0.320,0.300,0.300,0.300,613,1
0.300,0.300,0.300,0.250,0.250,0.250,0.300,0.300,0.300,0.250,0.250,0.250,496,1
0.350,0.350,0.350,0.300,0.300,0.300,0.300,0.300,0.300,0.300,0.300,0.300,589,1
0.250,0.250,0.250,0.300,0.300,0.300,0.340,0.340,0.340,0.300,0.300,0.300,538,1
0.300,0.300,0.300,0.300,0.300,0.300,0.300,0.300,0.300,0.350,0.350,0.350,880,2
0.300,0.300,0.300,0.350,0.350,0.350,0.300,0.300,0.300,0.260,0.260,0.260,354,1
0.300,0.300,0.300,0.300,0.300,0.300,0.300,0.300,0.300,0.270,0.270,0.270,674,1
0.250,0.250,0.250,0.300,0.300,0.300,0.310,0.310,0.310,0.300,0.300,0.300,667,1
0.250,0.250,0.250,0.300,0.300,0.300,0.320,0.320,0.320,0.300,0.300,0.300,932,1
0.300,0.300,0.300,0.300,0.300,0.300,0.350,0.350,0.350,0.300,0.300,0.300,121,1
0.300,0.300,0.300,0.250,0.250,0.250,0.300,0.300,0.300,0.290,0.290,0.290,896,1
0.300,0.300,0.300,0.300,0.300,0.300,0.250,0.250,0.250,0.300,0.300,0.300,210,2
0.300,0.300,0.300,0.350,0.350,0.350,0.300,0.300,0.300,0.330,0.330,0.330,328,2
0.300,0.300,0.300,0.300,0.300,0.300,0.310,0.310,0.310,0.300,0.300,0.300,975,1
0.250,0.250,0.250,0.300,0.300,0.300,0.320,0.320,0.320,0.300,0.300,0.300,371,1
0.250,0.250,0.250,0.300,0.300,0.300,0.330,0.330,0.330,0.300,0.300,0.300,801,1
0.350,0.350,0.350,0.300,0.300,0.300,0.260,0.260,0.260,0.300,0.300,0.300,321,2
0.300,0.300,0.300,0.350,0.350,0.350,0.300,0.300,0.300,0.260,0.260,0.260,783,1
0.250,0.250,0.250,0.300,0.300,0.300,0.290,0.290,0.290,0.300,0.300,0.300,830,2
0.300,0.300,0.300,0.350,0.350,0.350,0.300,0.300,0.300,0.350,0.350,0.350,231,2
0.300,0.300,0.300,0.350,0.350,0.350,0.300,0.300,0.300,0.260,0.260,0.260,486,1
0.350,0.350,0.350,0.300,0.300,0.300,0.250,0.250,0.250,0.300,0.300,0.300,584,2
0.350,0.350,0.350,0.300,0.300,0.300,0.260,0.260,0.260,0.300,0.300,0.300,387,2
0.350,0.350,0.350,0.300,0.300,0.300,0.270,0.270,0.270,0.300,0.300,0.300,949,2
0.300,0.300,0.300,0.350,0.350,0.350,0.300,0.300,0.300,0.270,0.270,0.270,223,1
0.300,0.300,0.300,0.350,0.350,0.350,0.300,0.300,0.300,0.260,0.260,0.260,849,1
0.300,0.300,0.300,0.300,0.300,0.300,0.300,0.300,0.300,0.250,0.250,0.250,177,1
0.350,0.350,0.350,0.300,0.300,0.300,0.350,0.350,0.350,0.300,0.300,0.300,33,1
0.300,0.300,0.300,0.300,0.300,0.300,0.300,0.300,0.300,0.300,0.300,0.300,314,2
0.300,0.300,0.300,0.250,0.250,0.250,0.300,0.300,0.300,0.290,0.290,0.290,665,1
0.250,0.250,0.250,0.300,0.300,0.300,0.340,0.340,0.340,0.300,0.300,0.300,109,1
0.300,0.300,0.300,0.300,0.300,0.300,0.250,0.250,0.250,0.300,0.300,0.300,771,2
0.300,0.300,0.300,0.300,0.300,0.300,0.290,0.290,0.290,0.300,0.300,0.300,544,2
0.300,0.300,0.300,0.300,0.300,0.300,0.300,0.300,0.300,0.270,0.270,0.270,443,1
0.300,0.300,0.300,0.350,0.350,0.350,0.300,0.300,0.300,0.250,0.250,0.250,89,1
0.300,0.300,0.300,0.300,0.300,0.300,0.260,0.260,0.260,0.300,0.300,0.300,706,2
0.250,0.250,0.250,0.300,0.300,0.300,0.310,0.310,0.310,0.300,0.300,0.300,436,1
0.300,0.300,0.300,0.350,0.350,0.350,0.300,0.300,0.300,0.320,0.320,0.320,195,2
0.300,0.300,0.300,0.250,0.250,0.250,0.300,0.300,0.300,0.270,0.270,0.270,531,1
0.300,0.300,0.300,0.300,0.300,0.300,0.300,0.300,0.300,0.270,0.270,0.270,14,1
0.350,0.350,0.350,0.300,0.300,0.300,0.310,0.310,0.310,0.300,0.300,0.300,821,1
0.350,0.350,0.350,0.300,0.300,0.300,0.300,0.300,0.300,0.300,0.300,0.300,622,1
0.300,0.300,0.300,0.250,0.250,0.250,0.300,0.300,0.300,0.260,0.260,0.260,2,1
0.300,0.300,0.300,0.350,0.350,0.350,0.300,0.300,0.300,0.270,0.270,0.270,619,1
0.300,0.300,0.300,0.250,0.250,0.250,0.300,0.300,0.300,0.350,0.350,0.350,242,2
0.250,0.250,0.250,0.300,0.300,0.300,0.300,0.300,0.300,0.300,0.300,0.300,303,1
0.250,0.250,0.250,0.300,0.300,0.300,0.320,0.320,0.320,0.300,0.300,0.300,470,1
0.350,0.350,0.350,0.300,0.300,0.300,0.290,0.290,0.290,0.300,0.300,0.300,753,2
0.300,0.300,0.300,0.300,0.300,0.300,0.300,0.300,0.300,0.250,0.250,0.250,408,1
0.300,0.300,0.300,0.350,0.350,0.350,0.300,0.300,0.300,0.290,0.290,0.290,126,1
0.300,0.300,0.300,0.250,0.250,0.250,0.300,0.300,0.300,0.270,0.270,0.270,36,1
0.300,0.300,0.300,0.300,0.300,0.300,0.330,0.330,0.330,0.300,0.300,0.300,878,1
0.300,0.300,0.300,0.350,0.350,0.350,0.300,0.300,0.300,0.290,0.290,0.290,720,1
0.300,0.300,0.300,0.350,0.350,0.350,0.300,0.300,0.300,0.260,0.260,0.260,453,1
0.300,0.300,0.300,0.250,0.250,0.250,0.300,0.300,0.300,0.250,0.250,0.250,133,1
0.300,0.300,0.300,0.350,0.350,0.350,0.300,0.300,0.300,0.300,0.300,0.300,985,2
0.300,0.300,0.300,0.300,0.300,0.300,0.300,0.300,0.300,0.310,0.310,0.310,777,2
0.300,0.300,0.300,0.350,0.350,0.350,0.300,0.300,0.300,0.320,0.320,0.320,492,2
0.300,0.300,0.300,0.300,0.300,0.300,0.300,0.300,0.300,0.250,0.250,0.250,12,1
0.250,0.250,0.250,0.300,0.300,0.300,0.280,0.280,0.280,0.300,0.300,0.300,169,2
0.300,0.300,0.300,0.300,0.300,0.300,0.320,0.320,0.320,0.300,0.300,0.300,250,1
0.300,0.300,0.300,0.300,0.300,0.300,0.320,0.320,0.320,0.300,0.300,0.300,382,1
0.300,0.300,0.300,0.300,0.300,0.300,0.340,0.340,0.340,0.300,0.300,0.300,87,1
0.300,0.300,0.300,0.300,0.300,0.300,0.260,0.260,0.260,0.300,0.300,0.300,871,2
0.250,0.250,0.250,0.300,0.300,0.300,0.300,0.300,0.300,0.300,0.300,0.300,600,1
0.300,0.300,0.300,0.350,0.350,0.350,0.300,0.300,0.300,0.330,0.330,0.330,493,2
0.300,0.300,0.300,0.350,0.350,0.350,0.300,0.300,0.300,0.340,0.340,0.340,956,2
0.300,0.300,0.300,0.300,0.300,0.300,0.270,0.270,0.270,0.300,0.300,0.300,146,2
0.250,0.250,0.250,0.300,0.300,0.300,0.340,0.340,0.340,0.300,0.300,0.300,901,1
0.300,0.300,0.300,0.300,0.300,0.300,0.300,0.300,0.300,0.330,0.330,0.330,812,2
0.250,0.250,0.250,0.300,0.300,0.300,0.310,0.310,0.310,0.300,0.300,0.300,106,1
0.250,0.250,0.250,0.300,0.300,0.300,0.280,0.280,0.280,0.300,0.300,0.300,928,2
0.300,0.300,0.300,0.300,0.300,0.300,0.350,0.350,0.350,0.300,0.300,0.300,286,1
0.300,0.300,0.300,0.350,0.350,0.350,0.300,0.300,0.300,0.260,0.260,0.260,222,1
0.250,0.250,0.250,0.300,0.300,0.300,0.290,0.290,0.290,0.300,0.300,0.300,467,2
0.300,0.300,0.300,0.300,0.300,0.300,0.300,0.300,0.300,0.260,0.260,0.260,640,1
0.300,0.300,0.300,0.300,0.300,0.300,0.300,0.300,0.300,0.350,0.350,0.350,715,2
0.300,0.300,0.300,0.350,0.350,0.350,0.300,0.300,0.300,0.290,0.290,0.290,852,1
0.300,0.300,0.300,0.350,0.350,0.350,0.300,0.300,0.300,0.330,0.330,0.330,691,2
0.300,0.300,0.300,0.300,0.300,0.300,0.300,0.300,0.300,0.320,0.320,0.320,481,2
0.300,0.300,0.300,0.250,0.250,0.250,0.300,0.300,0.300,0.250,0.250,0.250,397,1
0.300,0.300,0.300,0.350,0.350,0.350,0.300,0.300,0.300,0.320,0.320,0.320,63,2
0.250,0.250,0.250,0.300,0.300,0.300,0.350,0.350,0.350,0.300,0.300,0.300,539,1
0.350,0.350,0.350,0.300,0.300,0.300,0.250,0.250,0.250,0.300,0.300,0.300,287,2
0.300,0.300,0.300,0.300,0.300,0.300,0.300,0.300,0.300,0.300,0.300,0.300,215,2
0.300,0.300,0.300,0.300,0.300,0.300,0.300,0.300,0.300,0.290,0.290,0.290,16,1
0.300,0.300,0.300,0.250,0.250,0.250,0.300,0.300,0.300,0.260,0.260,0.260,332,1
0.350,0.350,0.350,0.300,0.300,0.300,0.340,0.340,0.340,0.300,0.300,0.300,692,1
0.300,0.300,0.300,0.300,0.300,0.300,0.300,0.300,0.300,0.340,0.340,0.340,582,2
0.250,0.250,0.250,0.300,0.300,0.300,0.300,0.300,0.300,0.300,0.300,0.300,6,1
0.300,0.300,0.300,0.300,0.300,0.300,0.300,0.300,0.300,0.260,0.260,0.260,442,1
0.300,0.300,0.300,0.300,0.300,0.300,0.300,0.300,0.300,0.260,0.260,0.260,409,1
0.300,0.300,0.300,0.250,0.250,0.250,0.300,0.300,0.300,0.250,0.250,0.250,958,1
0.300,0.300,0.300,0.300,0.300,0.300,0.300,0.300,0.300,0.270,0.270,0.270,476,1
0.350,0.350,0.350,0.300,0.300,0.300,0.280,0.280,0.280,0.300,0.300,0.300,455,2
0.300,0.300,0.300,0.350,0.350,0.350,0.300,0.300,0.300,0.320,0.320,0.320,261,2
0.350,0.350,0.350,0.300,0.300,0.300,0.340,0.340,0.340,0.300,0.300,0.300,395,1
0.300,0.300,0.300,0.350,0.350,0.350,0.300,0.300,0.300,0.290,0.290,0.290,786,1
0.300,0.300,0.300,0.300,0.300,0.300,0.300,0.300,0.300,0.300,0.300,0.300,545,2
0.300,0.300,0.300,0.250,0.250,0.250,0.300,0.300,0.300,0.320,0.320,0.320,734,2
0.250,0.250,0.250,0.300,0.300,0.300,0.260,0.260,0.260,0.300,0.300,0.300,530,2
0.350,0.350,0.350,0.300,0.300,0.300,0.310,0.310,0.310,0.300,0.300,0.300,95,1
0.300,0.300,0.300,0.300,0.300,0.300,0.300,0.300,0.300,0.300,0.300,0.300,974,1
0.300,0.300,0.300,0.300,0.300,0.300,0.300,0.300,0.300,0.300,0.300,0.300,578,2
0.350,0.350,0.350,0.300,0.300,0.300,0.280,0.280,0.280,0.300,0.300,0.300,488,2
0.300,0.300,0.300,0.350,0.350,0.350,0.300,0.300,0.300,0.280,0.280,0.280,59,1
0.300,0.300,0.300,0.250,0.250,0.250,0.300,0.300,0.300,0.320,0.320,0.320,965,2
0.350,0.350,0.350,0.300,0.300,0.300,0.300,0.300,0.300,0.300,0.300,0.300,853,1
0.250,0.250,0.250,0.300,0.300,0.300,0.300,0.300,0.300,0.300,0.300,0.300,930,1
0.300,0.300,0.300,0.300,0.300,0.300,0.340,0.340,0.340,0.300,0.300,0.300,21,1
0.300,0.300,0.300,0.300,0.300,0.300,0.250,0.250,0.250,0.300,0.300,0.300,969,2
0.300,0.300,0.300,0.300,0.300,0.300,0.300,0.300,0.300,0.290,0.290,0.290,214,1
0.300,0.300,0.300,0.250,0.250,0.250,0.300,0.300,0.300,0.260,0.260,0.260,728,1
0.350,0.350,0.350,0.300,0.300,0.300,0.310,0.310,0.310,0.300,0.300,0.300,854,1
0.300,0.300,0.300,0.250,0.250,0.250,0.300,0.300,0.300,0.250,0.250,0.250,364,1
0.300,0.300,0.300,0.300,0.300,0.300,0.300,0.300,0.300,0.320,0.320,0.320,19,2
0.350,0.350,0.350,0.300,0.300,0.300,0.300,0.300,0.300,0.300,0.300,0.300,424,1
0.250,0.250,0.250,0.300,0.300,0.300,0.320,0.320,0.320,0.300,0.300,0.300,437,1
0.350,0.350,0.350,0.300,0.300,0.300,0.250,0.250,0.250,0.300,0.300,0.300,452,2
0.300,0.300,0.300,0.350,0.350,0.350,0.300,0.300,0.300,0.320,0.320,0.320,459,2
0.300,0.300,0.300,0.350,0.350,0.350,0.300,0.300,0.300,0.320,0.320,0.320,525,2
0.350,0.350,0.350,0.300,0.300,0.300,0.260,0.260,0.260,0.300,0.300,0.300,57,2
0.300,0.300,0.300,0.350,0.350,0.350,0.300,0.300,0.300,0.260,0.260,0.260,717,1
0.250,0.250,0.250,0.300,0.300,0.300,0.320,0.320,0.320,0.300,0.300,0.300,404,1
0.300,0.300,0.300,0.300,0.300,0.300,0.300,0.300,0.300,0.350,0.350,0.350,781,2
0.300,0.300,0.300,0.300,0.300,0.300,0.300,0.300,0.300,0.320,0.320,0.320,646,2
0.250,0.250,0.250,0.300,0.300,0.300,0.320,0.320,0.320,0.300,0.300,0.300,701,1
0.350,0.350,0.350,0.300,0.300,0.300,0.340,0.340,0.340,0.300,0.300,0.300,626,1
0.350,0.350,0.350,0.300,0.300,0.300,0.250,0.250,0.250,0.300,0.300,0.300,650,2
0.300,0.300,0.300,0.300,0.300,0.300,0.290,0.290,0.290,0.300,0.300,0.300,775,2
0.300,0.300,0.300,0.250,0.250,0.250,0.300,0.300,0.300,0.290,0.290,0.290,929,1
0.350,0.350,0.350,0.300,0.300,0.300,0.260,0.260,0.260,0.300,0.300,0.300,684,2
0.300,0.300,0.300,0.250,0.250,0.250,0.300,0.300,0.300,0.260,0.260,0.260,233,1
0.300,0.300,0.300,0.300,0.300,0.300,0.300,0.300,0.300,0.290,0.290,0.290,940,1
0.300,0.300,0.300,0.250,0.250,0.250,0.300,0.300,0.300,0.310,0.310,0.310,931,2
0.300,0.300,0.300,0.300,0.300,0.300,0.330,0.330,0.330,0.300,0.300,0.300,515,1
0.250,0.250,0.250,0.300,0.300,0.300,0.310,0.310,0.310,0.300,0.300,0.300,271,1
0.350,0.350,0.350,0.300,0.300,0.300,0.330,0.330,0.330,0.300,0.300,0.300,889,1
0.350,0.350,0.350,0.300,0.300,0.300,0.300,0.300,0.300,0.300,0.300,0.300,292,1
0.300,0.300,0.300,0.250,0.250,0.250,0.300,0.300,0.300,0.310,0.310,0.310,964,2
0.300,0.300,0.300,0.350,0.350,0.350,0.300,0.300,0.300,0.320,0.320,0.320,30,2
0.300,0.300,0.300,0.300,0.300,0.300,0.300,0.300,0.300,0.330,0.330,0.330,185,2
0.300,0.300,0.300,0.300,0.300,0.300,0.270,0.270,0.270,0.300,0.300,0.300,938,2
0.300,0.300,0.300,0.300,0.300,0.300,0.270,0.270,0.270,0.300,0.300,0.300,773,2
0.350,0.350,0.350,0.300,0.300,0.300,0.350,0.350,0.350,0.300,0.300,0.300,858,1
0.300,0.300,0.300,0.250,0.250,0.250,0.300,0.300,0.300,0.320,0.320,0.320,635,2
0.250,0.250,0.250,0.300,0.300,0.300,0.320,0.320,0.320,0.300,0.300,0.300,536,1
0.300,0.300,0.300,0.300,0.300,0.300,0.300,0.300,0.300,0.340,0.340,0.340,648,2
0.300,0.300,0.300,0.250,0.250,0.250,0.300,0.300,0.300,0.340,0.340,0.340,208,2
0.350,0.350,0.350,0.300,0.300,0.300,0.320,0.320,0.320,0.300,0.300,0.300,327,1
0.300,0.300,0.300,0.300,0.300,0.300,0.300,0.300,0.300,0.300,0.300,0.300,50,1
0.300,0.300,0.300,0.250,0.250,0.250,0.300,0.300,0.300,0.350,0.350,0.350,44,2
0.250,0.250,0.250,0.300,0.300,0.300,0.250,0.250,0.250,0.300,0.300,0.300,859,2
0.300,0.300,0.300,0.350,0.350,0.350,0.300,0.300,0.300,0.320,0.320,0.320,921,2
0.300,0.300,0.300,0.300,0.300,0.300,0.250,0.250,0.250,0.300,0.300,0.300,375,2
0.350,0.350,0.350,0.300,0.300,0.300,0.350,0.350,0.350,0.300,0.300,0.300,561,1
0.300,0.300,0.300,0.350,0.350,0.350,0.300,0.300,0.300,0.330,0.330,0.330,97,2
0.250,0.250,0.250,0.300,0.300,0.300,0.280,0.280,0.280,0.300,0.300,0.300,730,2
0.300,0.300,0.300,0.300,0.300,0.300,0.300,0.300,0.300,0.340,0.340,0.340,912,2
0.350,0.350,0.350,0.300,0.300,0.300,0.270,0.270,0.270,0.300,0.300,0.300,355,2
0.300,0.300,0.300,0.300,0.300,0.300,0.300,0.300,0.300,0.300,0.300,0.300,644,2
0.300,0.300,0.300,0.250,0.250,0.250,0.300,0.300,0.300,0.320,0.320,0.320,668,2
0.300,0.300,0.300,0.250,0.250,0.250,0.300,0.300,0.300,0.330,0.330,0.330,867,2
0.300,0.300,0.300,0.350,0.350,0.350,0.300,0.300,0.300,0.310,0.310,0.310,524,2
0.300,0.300,0.300,0.300,0.300,0.300,0.270,0.270,0.270,0.300,0.300,0.300,47,2
0.300,0.300,0.300,0.300,0.300,0.300,0.300,0.300,0.300,0.300,0.300,0.300,17,1
0.300,0.300,0.300,0.350,0.350,0.350,0.300,0.300,0.300,0.300,0.300,0.300,721,2
0.350,0.350,0.350,0.300,0.300,0.300,0.350,0.350,0.350,0.300,0.300,0.300,726,1
0.300,0.300,0.300,0.350,0.350,0.350,0.300,0.300,0.300,0.320,0.320,0.320,690,2
0.300,0.300,0.300,0.350,0.350,0.350,0.300,0.300,0.300,0.350,0.350,0.350,528,2
0.300,0.300,0.300,0.350,0.350,0.350,0.300,0.300,0.300,0.290,0.290,0.290,522,1
0.300,0.300,0.300,0.350,0.350,0.350,0.300,0.300,0.300,0.310,0.310,0.310,722,2
0.300,0.300,0.300,0.250,0.250,0.250,0.300,0.300,0.300,0.300,0.300,0.300,237,2
0.250,0.250,0.250,0.300,0.300,0.300,0.250,0.250,0.250,0.300,0.300,0.300,760,2
0.300,0.300,0.300,0.300,0.300,0.300,0.350,0.350,0.350,0.300,0.300,0.300,352,1
0.300,0.300,0.300,0.350,0.350,0.350,0.300,0.300,0.300,0.320,0.320,0.320,360,2
0.300,0.300,0.300,0.300,0.300,0.300,0.350,0.350,0.350,0.300,0.300,0.300,418,1
0.300,0.300,0.300,0.300,0.300,0.300,0.320,0.320,0.320,0.300,0.300,0.300,52,1
0.300,0.300,0.300,0.250,0.250,0.250,0.300,0.300,0.300,0.290,0.290,0.290,401,1
0.250,0.250,0.250,0.300,0.300,0.300,0.280,0.280,0.280,0.300,0.300,0.300,697,2
0.250,0.250,0.250,0.300,0.300,0.300,0.280,0.280,0.280,0.300,0.300,0.300,796,2
0.250,0.250,0.250,0.300,0.300,0.300,0.340,0.340,0.340,0.300,0.300,0.300,373,1
0.300,0.300,0.300,0.300,0.300,0.300,0.300,0.300,0.300,0.310,0.310,0.310,513,2
0.300,0.300,0.300,0.250,0.250,0.250,0.300,0.300,0.300,0.340,0.340,0.340,142,2
0.300,0.300,0.300,0.300,0.300,0.300,0.300,0.300,0.300,0.330,0.330,0.330,548,2
0.350,0.350,0.350,0.300,0.300,0.300,0.310,0.310,0.310,0.300,0.300,0.300,590,1
0.300,0.300,0.300,0.350,0.350,0.350,0.300,0.300,0.300,0.300,0.300,0.300,787,2
0.300,0.300,0.300,0.300,0.300,0.300,0.300,0.300,0.300,0.340,0.340,0.340,252,2
0.300,0.300,0.300,0.300,0.300,0.300,0.300,0.300,0.300,0.350,0.350,0.350,88,2
0.300,0.300,0.300,0.300,0.300,0.300,0.280,0.280,0.280,0.300,0.300,0.300,147,2
0.300,0.300,0.300,0.300,0.300,0.300,0.280,0.280,0.280,0.300,0.300,0.300,609,2
0.300,0.300,0.300,0.300,0.300,0.300,0.330,0.330,0.330,0.300,0.300,0.300,680,1
0.300,0.300,0.300,0.300,0.300,0.300,0.300,0.300,0.300,0.280,0.280,0.280,81,1
0.300,0.300,0.300,0.300,0.300,0.300,0.290,0.290,0.290,0.300,0.300,0.300,676,2
0.300,0.300,0.300,0.350,0.350,0.350,0.300,0.300,0.300,0.340,0.340,0.340,527,2
0.300,0.300,0.300,0.250,0.250,0.250,0.300,0.300,0.300,0.310,0.310,0.310,601,2
0.300,0.300,0.300,0.350,0.350,0.350,0.300,0.300,0.300,0.260,0.260,0.260,519,1
0.300,0.300,0.300,0.250,0.250,0.250,0.300,0.300,0.300,0.310,0.310,0.310,40,2
0.350,0.350,0.350,0.300,0.300,0.300,0.270,0.270,0.270,0.300,0.300,0.300,718,2
0.350,0.350,0.350,0.300,0.300,0.300,0.330,0.330,0.330,0.300,0.300,0.300,64,1
0.300,0.300,0.300,0.300,0.300,0.300,0.300,0.300,0.300,0.320,0.320,0.320,316,2
0.300,0.300,0.300,0.250,0.250,0.250,0.300,0.300,0.300,0.250,0.250,0.250,661,1
0.300,0.300,0.300,0.250,0.250,0.250,0.300,0.300,0.300,0.260,0.260,0.260,926,1
0.350,0.350,0.350,0.300,0.300,0.300,0.260,0.260,0.260,0.300,0.300,0.300,981,2
0.350,0.350,0.350,0.300,0.300,0.300,0.330,0.330,0.330,0.300,0.300,0.300,31,1
0.300,0.300,0.300,0.250,0.250,0.250,0.300,0.300,0.300,0.280,0.280,0.280,37,1
0.300,0.300,0.300,0.300,0.300,0.300,0.250,0.250,0.250,0.300,0.300,0.300,309,2
0.300,0.300,0.300,0.350,0.350,0.350,0.300,0.300,0.300,0.340,0.340,0.340,923,2
0.300,0.300,0.300,0.300,0.300,0.300,0.270,0.270,0.270,0.300,0.300,0.300,344,2
0.300,0.300,0.300,0.300,0.300,0.300,0.300,0.300,0.300,0.330,0.330,0.330,944,2
0.300,0.300,0.300,0.300,0.300,0.300,0.300,0.300,0.300,0.320,0.320,0.320,217,2
0.350,0.350,0.350,0.300,0.300,0.300,0.280,0.280,0.280,0.300,0.300,0.300,224,2
0.300,0.300,0.300,0.300,0.300,0.300,0.300,0.300,0.300,0.250,0.250,0.250,837,1
0.300,0.300,0.300,0.300,0.300,0.300,0.260,0.260,0.260,0.300,0.300,0.300,541,2
0.250,0.250,0.250,0.300,0.300,0.300,0.350,0.350,0.350,0.300,0.300,0.300,11,1
0.300,0.300,0.300,0.300,0.300,0.300,0.300,0.300,0.300,0.280,0.280,0.280,675,1
0.300,0.300,0.300,0.300,0.300,0.300,0.300,0.300,0.300,0.330,0.330,0.330,845,2
0.250,0.250,0.250,0.300,0.300,0.300,0.250,0.250,0.250,0.300,0.300,0.300,199,2
0.300,0.300,0.300,0.350,0.350,0.350,0.300,0.300,0.300,0.320,0.320,0.320,657,2
0.250,0.250,0.250,0.300,0.300,0.300,0.270,0.270,0.270,0.300,0.300,0.300,102,2
0.300,0.300,0.300,0.250,0.250,0.250,0.300,0.300,0.300,0.260,0.260,0.260,794,1
0.300,0.300,0.300,0.250,0.250,0.250,0.300,0.300,0.300,0.260,0.260,0.260,827,1
0.250,0.250,0.250,0.300,0.300,0.300,0.320,0.320,0.320,0.300,0.300,0.300,503,1
0.250,0.250,0.250,0.300,0.300,0.300,0.270,0.270,0.270,0.300,0.300,0.300,861,2
0.300,0.300,0.300,0.300,0.300,0.300,0.300,0.300,0.300,0.260,0.260,0.260,475,1
0.250,0.250,0.250,0.300,0.300,0.300,0.330,0.330,0.330,0.300,0.300,0.300,339,1
0.300,0.300,0.300,0.300,0.300,0.300,0.300,0.300,0.300,0.330,0.330,0.330,53,2
0.300,0.300,0.300,0.300,0.300,0.300,0.300,0.300,0.300,0.350,0.350,0.350,616,2
0.300,0.300,0.300,0.300,0.300,0.300,0.260,0.260,0.260,0.300,0.300,0.300,244,2
0.350,0.350,0.350,0.300,0.300,0.300,0.350,0.350,0.350,0.300,0.300,0.300,825,1
0.300,0.300,0.300,0.300,0.300,0.300,0.300,0.300,0.300,0.310,0.310,0.310,414,2
0.300,0.300,0.300,0.250,0.250,0.250,0.300,0.300,0.300,0.340,0.340,0.340,703,2
0.300,0.300,0.300,0.250,0.250,0.250,0.300,0.300,0.300,0.260,0.260,0.260,365,1
0.300,0.300,0.300,0.250,0.250,0.250,0.300,0.300,0.300,0.300,0.300,0.300,831,2
0.250,0.250,0.250,0.300,0.300,0.300,0.280,0.280,0.280,0.300,0.300,0.300,631,2
0.300,0.300,0.300,0.300,0.300,0.300,0.300,0.300,0.300,0.290,0.290,0.290,379,1
0.300,0.300,0.300,0.300,0.300,0.300,0.310,0.310,0.310,0.300,0.300,0.300,18,1
0.250,0.250,0.250,0.300,0.300,0.300,0.340,0.340,0.340,0.300,0.300,0.300,10,1
0.300,0.300,0.300,0.300,0.300,0.300,0.300,0.300,0.300,0.290,0.290,0.290,49,1
0.300,0.300,0.300,0.300,0.300,0.300,0.300,0.300,0.300,0.340,0.340,0.340,879,2
0.300,0.300,0.300,0.250,0.250,0.250,0.300,0.300,0.300,0.250,0.250,0.250,529,1
0.350,0.350,0.350,0.300,0.300,0.300,0.270,0.270,0.270,0.300,0.300,0.300,784,2
0.300,0.300,0.300,0.300,0.300,0.300,0.300,0.300,0.300,0.320,0.320,0.320,943,2
0.300,0.300,0.300,0.350,0.350,0.350,0.300,0.300,0.300,0.300,0.300,0.300,160,2
0.300,0.300,0.300,0.300,0.300,0.300,0.350,0.350,0.350,0.300,0.300,0.300,913,1
0.300,0.300,0.300,0.300,0.300,0.300,0.350,0.350,0.350,0.300,0.300,0.300,385,1
0.250,0.250,0.250,0.300,0.300,0.300,0.260,0.260,0.260,0.300,0.300,0.300,464,2
0.250,0.250,0.250,0.300,0.300,0.300,0.300,0.300,0.300,0.300,0.300,0.300,864,1
0.300,0.300,0.300,0.300,0.300,0.300,0.350,0.350,0.350,0.300,0.300,0.300,979,1
0.300,0.300,0.300,0.300,0.300,0.300,0.300,0.300,0.300,0.310,0.310,0.310,216,2
0.300,0.300,0.300,0.300,0.300,0.300,0.300,0.300,0.300,0.310,0.310,0.310,447,2
0.250,0.250,0.250,0.300,0.300,0.300,0.310,0.310,0.310,0.300,0.300,0.300,799,1
0.300,0.300,0.300,0.300,0.300,0.300,0.300,0.300,0.300,0.350,0.350,0.350,451,2
0.300,0.300,0.300,0.300,0.300,0.300,0.340,0.340,0.340,0.300,0.300,0.300,417,1
0.300,0.300,0.300,0.300,0.300,0.300,0.300,0.300,0.300,0.300,0.300,0.300,512,2
0.300,0.300,0.300,0.300,0.300,0.300,0.300,0.300,0.300,0.250,0.250,0.250,705,1
0.300,0.300,0.300,0.350,0.350,0.350,0.300,0.300,0.300,0.270,0.270,0.270,817,1
0.300,0.300,0.300,0.300,0.300,0.300,0.300,0.300,0.300,0.300,0.300,0.300,380,1
0.350,0.350,0.350,0.300,0.300,0.300,0.330,0.330,0.330,0.300,0.300,0.300,658,1
0.300,0.300,0.300,0.350,0.350,0.350,0.300,0.300,0.300,0.300,0.300,0.300,391,2
0.300,0.300,0.300,0.350,0.350,0.350,0.300,0.300,0.300,0.280,0.280,0.280,554,1
0.250,0.250,0.250,0.300,0.300,0.300,0.330,0.330,0.330,0.300,0.300,0.300,405,1
0.250,0.250,0.250,0.300,0.300,0.300,0.250,0.250,0.250,0.300,0.300,0.300,826,2
0.300,0.300,0.300,0.300,0.300,0.300,0.300,0.300,0.300,0.280,0.280,0.280,378,1
0.300,0.300,0.300,0.250,0.250,0.250,0.300,0.300,0.300,0.280,0.280,0.280,499,1
0.300,0.300,0.300,0.350,0.350,0.350,0.300,0.300,0.300,0.310,0.310,0.310,359,2
0.300,0.300,0.300,0.350,0.350,0.350,0.300,0.300,0.300,0.280,0.280,0.280,158,1
0.300,0.300,0.300,0.250,0.250,0.250,0.300,0.300,0.300,0.290,0.290,0.290,236,1
0.300,0.300,0.300,0.350,0.350,0.350,0.300,0.300,0.300,0.270,0.270,0.270,91,1
0.350,0.350,0.350,0.300,0.300,0.300,0.290,0.290,0.290,0.300,0.300,0.300,456,2
0.350,0.350,0.350,0.300,0.300,0.300,0.280,0.280,0.280,0.300,0.300,0.300,257,2
0.300,0.300,0.300,0.300,0.300,0.300,0.250,0.250,0.250,0.300,0.300,0.300,639,2
0.300,0.300,0.300,0.350,0.350,0.350,0.300,0.300,0.300,0.310,0.310,0.310,656,2
0.300,0.300,0.300,0.300,0.300,0.300,0.300,0.300,0.300,0.260,0.260,0.260,13,1
0.300,0.300,0.300,0.350,0.350,0.350,0.300,0.300,0.300,0.300,0.300,0.300,655,2
0.300,0.300,0.300,0.300,0.300,0.300,0.280,0.280,0.280,0.300,0.300,0.300,642,2
0.300,0.300,0.300,0.350,0.350,0.350,0.300,0.300,0.300,0.330,0.330,0.330,130,2
0.300,0.300,0.300,0.300,0.300,0.300,0.300,0.300,0.300,0.270,0.270,0.270,179,1
0.300,0.300,0.300,0.300,0.300,0.300,0.300,0.300,0.300,0.350,0.350,0.350,649,2
0.300,0.300,0.300,0.350,0.350,0.350,0.300,0.300,0.300,0.330,0.330,0.330,988,2
0.350,0.350,0.350,0.300,0.300,0.300,0.260,0.260,0.260,0.300,0.300,0.300,750,2
0.300,0.300,0.300,0.250,0.250,0.250,0.300,0.300,0.300,0.330,0.330,0.330,669,2
0.300,0.300,0.300,0.300,0.300,0.300,0.300,0.300,0.300,0.270,0.270,0.270,377,1
0.350,0.350,0.350,0.300,0.300,0.300,0.270,0.270,0.270,0.300,0.300,0.300,751,2
0.300,0.300,0.300,0.300,0.300,0.300,0.300,0.300,0.300,0.300,0.300,0.300,809,1
0.350,0.350,0.350,0.300,0.300,0.300,0.310,0.310,0.310,0.300,0.300,0.300,623,1
0.300,0.300,0.300,0.300,0.300,0.300,0.300,0.300,0.300,0.320,0.320,0.320,151,2
0.300,0.300,0.300,0.250,0.250,0.250,0.300,0.300,0.300,0.290,0.290,0.290,368,1
0.250,0.250,0.250,0.300,0.300,0.300,0.250,0.250,0.250,0.300,0.300,0.300,67,2
0.300,0.300,0.300,0.300,0.300,0.300,0.300,0.300,0.300,0.300,0.300,0.300,842,2
0.300,0.300,0.300,0.350,0.350,0.350,0.300,0.300,0.300,0.340,0.340,0.340,791,2
0.300,0.300,0.300,0.250,0.250,0.250,0.300,0.300,0.300,0.320,0.320,0.320,899,2
0.300,0.300,0.300,0.300,0.300,0.300,0.300,0.300,0.300,0.260,0.260,0.260,574,1
0.350,0.350,0.350,0.300,0.300,0.300,0.270,0.270,0.270,0.300,0.300,0.300,586,2
0.300,0.300,0.300,0.300,0.300,0.300,0.290,0.290,0.290,0.300,0.300,0.300,577,2
0.300,0.300,0.300,0.300,0.300,0.300,0.310,0.310,0.310,0.300,0.300,0.300,183,1
0.300,0.300,0.300,0.300,0.300,0.300,0.320,0.320,0.320,0.300,0.300,0.300,349,1
0.350,0.350,0.350,0.300,0.300,0.300,0.310,0.310,0.310,0.300,0.300,0.300,128,1
0.300,0.300,0.300,0.300,0.300,0.300,0.300,0.300,0.300,0.280,0.280,0.280,708,1
0.300,0.300,0.300,0.350,0.350,0.350,0.300,0.300,0.300,0.300,0.300,0.300,94,2
0.300,0.300,0.300,0.250,0.250,0.250,0.300,0.300,0.300,0.280,0.280,0.280,829,1
0.300,0.300,0.300,0.250,0.250,0.250,0.300,0.300,0.300,0.340,0.340,0.340,241,2
0.250,0.250,0.250,0.300,0.300,0.300,0.300,0.300,0.300,0.300,0.300,0.300,468,1
0.300,0.300,0.300,0.250,0.250,0.250,0.300,0.300,0.300,0.280,0.280,0.280,136,1
0.250,0.250,0.250,0.300,0.300,0.300,0.350,0.350,0.350,0.300,0.300,0.300,671,1
0.300,0.300,0.300,0.350,0.350,0.350,0.300,0.300,0.300,0.250,0.250,0.250,386,1
0.300,0.300,0.300,0.300,0.300,0.300,0.300,0.300,0.300,0.340,0.340,0.340,615,2
0.350,0.350,0.350,0.300,0.300,0.300,0.300,0.300,0.300,0.300,0.300,0.300,127,1
0.350,0.350,0.350,0.300,0.300,0.300,0.340,0.340,0.340,0.300,0.300,0.300,989,1
0.300,0.300,0.300,0.250,0.250,0.250,0.300,0.300,0.300,0.290,0.290,0.290,731,1
0.250,0.250,0.250,0.300,0.300,0.300,0.350,0.350,0.350,0.300,0.300,0.300,209,1
0.250,0.250,0.250,0.300,0.300,0.300,0.290,0.290,0.290,0.300,0.300,0.300,269,2
0.300,0.300,0.300,0.350,0.350,0.350,0.300,0.300,0.300,0.270,0.270,0.270,322,1
0.250,0.250,0.250,0.300,0.300,0.300,0.270,0.270,0.270,0.300,0.300,0.300,234,2
0.300,0.300,0.300,0.300,0.300,0.300,0.300,0.300,0.300,0.330,0.330,0.330,416,2
0.300,0.300,0.300,0.300,0.300,0.300,0.310,0.310,0.310,0.300,0.300,0.300,348,1
0.300,0.300,0.300,0.300,0.300,0.300,0.300,0.300,0.300,0.290,0.290,0.290,907,1
0.300,0.300,0.300,0.300,0.300,0.300,0.310,0.310,0.310,0.300,0.300,0.300,150,1
0.300,0.300,0.300,0.250,0.250,0.250,0.300,0.300,0.300,0.280,0.280,0.280,202,1
0.300,0.300,0.300,0.300,0.300,0.300,0.330,0.330,0.330,0.300,0.300,0.300,911,1
0.350,0.350,0.350,0.300,0.300,0.300,0.310,0.310,0.310,0.300,0.300,0.300,689,1
0.300,0.300,0.300,0.350,0.350,0.350,0.300,0.300,0.300,0.310,0.310,0.310,293,2
0.300,0.300,0.300,0.300,0.300,0.300,0.250,0.250,0.250,0.300,0.300,0.300,111,2
0.300,0.300,0.300,0.250,0.250,0.250,0.300,0.300,0.300,0.330,0.330,0.330,735,2
0.250,0.250,0.250,0.300,0.300,0.300,0.260,0.260,0.260,0.300,0.300,0.300,200,2
0.250,0.250,0.250,0.300,0.300,0.300,0.260,0.260,0.260,0.300,0.300,0.300,299,2
0.300,0.300,0.300,0.250,0.250,0.250,0.300,0.300,0.300,0.340,0.340,0.340,571,2
0.300,0.300,0.300,0.350,0.350,0.350,0.300,0.300,0.300,0.270,0.270,0.270,157,1
0.250,0.250,0.250,0.300,0.300,0.300,0.280,0.280,0.280,0.300,0.300,0.300,334,2
0.350,0.350,0.350,0.300,0.300,0.300,0.310,0.310,0.310,0.300,0.300,0.300,953,1
0.350,0.350,0.350,0.300,0.300,0.300,0.310,0.310,0.310,0.300,0.300,0.300,29,1
0.300,0.300,0.300,0.350,0.350,0.350,0.300,0.300,0.300,0.350,0.350,0.350,330,2
0.250,0.250,0.250,0.300,0.300,0.300,0.280,0.280,0.280,0.300,0.300,0.300,598,2
0.300,0.300,0.300,0.350,0.350,0.350,0.300,0.300,0.300,0.280,0.280,0.280,818,1
0.300,0.300,0.300,0.350,0.350,0.350,0.300,0.300,0.300,0.290,0.290,0.290,27,1
0.300,0.300,0.300,0.350,0.350,0.350,0.300,0.300,0.300,0.330,0.330,0.330,196,2
0.350,0.350,0.350,0.300,0.300,0.300,0.340,0.340,0.340,0.300,0.300,0.300,362,1
0.300,0.300,0.300,0.300,0.300,0.300,0.300,0.300,0.300,0.350,0.350,0.350,154,2
0.300,0.300,0.300,0.300,0.300,0.300,0.300,0.300,0.300,0.280,0.280,0.280,543,1
0.250,0.250,0.250,0.300,0.300,0.300,0.330,0.330,0.330,0.300,0.300,0.300,141,1
0.300,0.300,0.300,0.250,0.250,0.250,0.300,0.300,0.300,0.340,0.340,0.340,934,2
0.350,0.350,0.350,0.300,0.300,0.300,0.320,0.320,0.320,0.300,0.300,0.300,96,1
0.300,0.300,0.300,0.300,0.300,0.300,0.270,0.270,0.270,0.300,0.300,0.300,905,2
0.350,0.350,0.350,0.300,0.300,0.300,0.260,0.260,0.260,0.300,0.300,0.300,156,2
0.350,0.350,0.350,0.300,0.300,0.300,0.250,0.250,0.250,0.300,0.300,0.300,782,2
0.350,0.350,0.350,0.300,0.300,0.300,0.270,0.270,0.270,0.300,0.300,0.300,652,2
0.350,0.350,0.350,0.300,0.300,0.300,0.290,0.290,0.290,0.300,0.300,0.300,918,2
0.300,0.300,0.300,0.250,0.250,0.250,0.300,0.300,0.300,0.270,0.270,0.270,399,1
0.300,0.300,0.300,0.350,0.350,0.350,0.300,0.300,0.300,0.280,0.280,0.280,719,1
0.300,0.300,0.300,0.350,0.350,0.350,0.300,0.300,0.300,0.260,0.260,0.260,585,1
0.300,0.300,0.300,0.300,0.300,0.300,0.300,0.300,0.300,0.260,0.260,0.260,46,1
0.300,0.300,0.300,0.350,0.350,0.350,0.300,0.300,0.300,0.310,0.310,0.310,788,2
0.300,0.300,0.300,0.350,0.350,0.350,0.300,0.300,0.300,0.330,0.330,0.330,724,2
0.300,0.300,0.300,0.250,0.250,0.250,0.300,0.300,0.300,0.280,0.280,0.280,565,1
0.300,0.300,0.300,0.300,0.300,0.300,0.290,0.290,0.290,0.300,0.300,0.300,511,2
0.300,0.300,0.300,0.300,0.300,0.300,0.280,0.280,0.280,0.300,0.300,0.300,312,2
0.300,0.300,0.300,0.350,0.350,0.350,0.300,0.300,0.300,0.300,0.300,0.300,688,2
0.250,0.250,0.250,0.300,0.300,0.300,0.340,0.340,0.340,0.300,0.300,0.300,175,1
0.300,0.300,0.300,0.350,0.350,0.350,0.300,0.300,0.300,0.290,0.290,0.290,225,1
0.250,0.250,0.250,0.300,0.300,0.300,0.300,0.300,0.300,0.300,0.300,0.300,105,1
0.300,0.300,0.300,0.300,0.300,0.300,0.320,0.320,0.320,0.300,0.300,0.300,844,1
0.300,0.300,0.300,0.300,0.300,0.300,0.340,0.340,0.340,0.300,0.300,0.300,120,1
0.300,0.300,0.300,0.300,0.300,0.300,0.300,0.300,0.300,0.250,0.250,0.250,903,1
0.300,0.300,0.300,0.300,0.300,0.300,0.330,0.330,0.330,0.300,0.300,0.300,779,1
0.300,0.300,0.300,0.250,0.250,0.250,0.300,0.300,0.300,0.260,0.260,0.260,563,1
0.250,0.250,0.250,0.300,0.300,0.300,0.300,0.300,0.300,0.300,0.300,0.300,666,1
0.300,0.300,0.300,0.300,0.300,0.300,0.340,0.340,0.340,0.300,0.300,0.300,318,1
0.300,0.300,0.300,0.250,0.250,0.250,0.300,0.300,0.300,0.300,0.300,0.300,336,2
0.250,0.250,0.250,0.300,0.300,0.300,0.350,0.350,0.350,0.300,0.300,0.300,770,1
0.350,0.350,0.350,0.300,0.300,0.300,0.330,0.330,0.330,0.300,0.300,0.300,460,1
0.250,0.250,0.250,0.300,0.300,0.300,0.310,0.310,0.310,0.300,0.300,0.300,7,1
0.250,0.250,0.250,0.300,0.300,0.300,0.310,0.310,0.310,0.300,0.300,0.300,139,1
