0.550,0.550,0.550,0.500,0.500,0.500,0.470,0.470,0.470,0.500,0.500,0.500,817,2
0.500,0.500,0.500,0.550,0.550,0.550,0.500,0.500,0.500,0.490,0.490,0.490,720,1
0.500,0.500,0.500,0.550,0.550,0.550,0.500,0.500,0.500,0.490,0.490,0.490,984,1
0.500,0.500,0.500,0.500,0.500,0.500,0.500,0.500,0.500,0.510,0.510,0.510,117,2
0.500,0.500,0.500,0.550,0.550,0.550,0.500,0.500,0.500,0.550,0.550,0.550,594,2
0.500,0.500,0.500,0.500,0.500,0.500,0.500,0.500,0.500,0.460,0.460,0.460,838,1
0.550,0.550,0.550,0.500,0.500,0.500,0.540,0.540,0.540,0.500,0.500,0.500,626,1
0.500,0.500,0.500,0.550,0.550,0.550,0.500,0.500,0.500,0.520,0.520,0.520,426,2
0.550,0.550,0.550,0.500,0.500,0.500,0.470,0.470,0.470,0.500,0.500,0.500,25,2
0.500,0.500,0.500,0.450,0.450,0.450,0.500,0.500,0.500,0.490,0.490,0.490,5,1
0.500,0.500,0.500,0.500,0.500,0.500,0.500,0.500,0.500,0.470,0.470,0.470,674,1
0.550,0.550,0.550,0.500,0.500,0.500,0.450,0.450,0.450,0.500,0.500,0.500,617,2
0.550,0.550,0.550,0.500,0.500,0.500,0.460,0.460,0.460,0.500,0.500,0.500,90,2
0.500,0.500,0.500,0.500,0.500,0.500,0.530,0.530,0.530,0.500,0.500,0.500,20,1
0.500,0.500,0.500,0.500,0.500,0.500,0.450,0.450,0.450,0.500,0.500,0.500,309,2
0.500,0.500,0.500,0.550,0.550,0.550,0.500,0.500,0.500,0.550,0.550,0.550,462,2
0.500,0.500,0.500,0.500,0.500,0.500,0.510,0.510,0.510,0.500,0.500,0.500,843,1
0.550,0.550,0.550,0.500,0.500,0.500,0.470,0.470,0.470,0.500,0.500,0.500,916,2
0.450,0.450,0.450,0.500,0.500,0.500,0.480,0.480,0.480,0.500,0.500,0.500,103,2
0.500,0.500,0.500,0.500,0.500,0.500,0.500,0.500,0.500,0.490,0.490,0.490,445,1
0.500,0.500,0.500,0.550,0.550,0.550,0.500,0.500,0.500,0.520,0.520,0.520,195,2
0.500,0.500,0.500,0.500,0.500,0.500,0.510,0.510,0.510,0.500,0.500,0.500,480,1
0.500,0.500,0.500,0.500,0.500,0.500,0.540,0.540,0.540,0.500,0.500,0.500,648,1
0.500,0.500,0.500,0.450,0.450,0.450,0.500,0.500,0.500,0.500,0.500,0.500,732,2
0.500,0.500,0.500,0.500,0.500,0.500,0.550,0.550,0.550,0.500,0.500,0.500,220,1
0.500,0.500,0.500,0.500,0.500,0.500,0.500,0.500,0.500,0.540,0.540,0.540,186,2
0.450,0.450,0.450,0.500,0.500,0.500,0.540,0.540,0.540,0.500,0.500,0.500,736,1
0.500,0.500,0.500,0.550,0.550,0.550,0.500,0.500,0.500,0.520,0.520,0.520,987,2
0.500,0.500,0.500,0.500,0.500,0.500,0.500,0.500,0.500,0.480,0.480,0.480,543,1
0.500,0.500,0.500,0.500,0.500,0.500,0.500,0.500,0.500,0.460,0.460,0.460,640,1
0.500,0.500,0.500,0.500,0.500,0.500,0.480,0.480,0.480,0.500,0.500,0.500,81,2
0.500,0.500,0.500,0.500,0.500,0.500,0.500,0.500,0.500,0.540,0.540,0.540,54,2
0.550,0.550,0.550,0.500,0.500,0.500,0.530,0.530,0.530,0.500,0.500,0.500,724,1
0.550,0.550,0.550,0.500,0.500,0.500,0.520,0.520,0.520,0.500,0.500,0.500,591,1
0.450,0.450,0.450,0.500,0.500,0.500,0.520,0.520,0.520,0.500,0.500,0.500,8,1
0.500,0.500,0.500,0.450,0.450,0.450,0.500,0.500,0.500,0.540,0.540,0.540,835,2
0.500,0.500,0.500,0.450,0.450,0.450,0.500,0.500,0.500,0.470,0.470,0.470,597,1
0.500,0.500,0.500,0.450,0.450,0.450,0.500,0.500,0.500,0.480,0.480,0.480,796,1
0.550,0.550,0.550,0.500,0.500,0.500,0.470,0.470,0.470,0.500,0.500,0.500,421,2
0.500,0.500,0.500,0.550,0.550,0.550,0.500,0.500,0.500,0.480,0.480,0.480,455,1
0.500,0.500,0.500,0.500,0.500,0.500,0.500,0.500,0.500,0.550,0.550,0.550,121,2
0.500,0.500,0.500,0.500,0.500,0.500,0.490,0.490,0.490,0.500,0.500,0.500,313,2
0.500,0.500,0.500,0.450,0.450,0.450,0.500,0.500,0.500,0.480,0.480,0.480,466,1
0.500,0.500,0.500,0.500,0.500,0.500,0.500,0.500,0.500,0.500,0.500,0.500,479,2
0.500,0.500,0.500,0.500,0.500,0.500,0.500,0.500,0.500,0.490,0.490,0.490,49,1
0.500,0.500,0.500,0.500,0.500,0.500,0.460,0.460,0.460,0.500,0.500,0.500,145,2
0.500,0.500,0.500,0.450,0.450,0.450,0.500,0.500,0.500,0.550,0.550,0.550,143,2
0.550,0.550,0.550,0.500,0.500,0.500,0.540,0.540,0.540,0.500,0.500,0.500,923,1
0.500,0.500,0.500,0.450,0.450,0.450,0.500,0.500,0.500,0.550,0.550,0.550,473,2
0.550,0.550,0.550,0.500,0.500,0.500,0.540,0.540,0.540,0.500,0.500,0.500,197,1
0.500,0.500,0.500,0.500,0.500,0.500,0.500,0.500,0.500,0.540,0.540,0.540,120,2
0.500,0.500,0.500,0.500,0.500,0.500,0.500,0.500,0.500,0.540,0.540,0.540,450,2
0.500,0.500,0.500,0.450,0.450,0.450,0.500,0.500,0.500,0.530,0.530,0.530,207,2
0.500,0.500,0.500,0.450,0.450,0.450,0.500,0.500,0.500,0.490,0.490,0.490,962,1
0.500,0.500,0.500,0.500,0.500,0.500,0.500,0.500,0.500,0.460,0.460,0.460,607,1
0.550,0.550,0.550,0.500,0.500,0.500,0.510,0.510,0.510,0.500,0.500,0.500,161,1
0.500,0.500,0.500,0.550,0.550,0.550,0.500,0.500,0.500,0.450,0.450,0.450,320,1
0.500,0.500,0.500,0.550,0.550,0.550,0.500,0.500,0.500,0.490,0.490,0.490,951,1
0.500,0.500,0.500,0.500,0.500,0.500,0.510,0.510,0.510,0.500,0.500,0.500,348,1
0.450,0.450,0.450,0.500,0.500,0.500,0.540,0.540,0.540,0.500,0.500,0.500,472,1
0.550,0.550,0.550,0.500,0.500,0.500,0.550,0.550,0.550,0.500,0.500,0.500,528,1
0.500,0.500,0.500,0.550,0.550,0.550,0.500,0.500,0.500,0.460,0.460,0.460,57,1
0.500,0.500,0.500,0.450,0.450,0.450,0.500,0.500,0.500,0.530,0.530,0.530,174,2
0.500,0.500,0.500,0.450,0.450,0.450,0.500,0.500,0.500,0.500,0.500,0.500,633,2
0.500,0.500,0.500,0.500,0.500,0.500,0.510,0.510,0.510,0.500,0.500,0.500,612,1
0.550,0.550,0.550,0.500,0.500,0.500,0.540,0.540,0.540,0.500,0.500,0.500,65,1
0.500,0.500,0.500,0.500,0.500,0.500,0.510,0.510,0.510,0.500,0.500,0.500,744,1
0.500,0.500,0.500,0.500,0.500,0.500,0.500,0.500,0.500,0.500,0.500,0.500,875,1
0.550,0.550,0.550,0.500,0.500,0.500,0.490,0.490,0.490,0.500,0.500,0.500,225,2
0.450,0.450,0.450,0.500,0.500,0.500,0.470,0.470,0.470,0.500,0.500,0.500,399,2
0.500,0.500,0.500,0.550,0.550,0.550,0.500,0.500,0.500,0.460,0.460,0.460,948,1
0.500,0.500,0.500,0.500,0.500,0.500,0.540,0.540,0.540,0.500,0.500,0.500,813,1
0.500,0.500,0.500,0.500,0.500,0.500,0.490,0.490,0.490,0.500,0.500,0.500,775,2
0.500,0.500,0.500,0.550,0.550,0.550,0.500,0.500,0.500,0.450,0.450,0.450,848,1
0.500,0.500,0.500,0.550,0.550,0.550,0.500,0.500,0.500,0.460,0.460,0.460,519,1
0.550,0.550,0.550,0.500,0.500,0.500,0.530,0.530,0.530,0.500,0.500,0.500,823,1
0.450,0.450,0.450,0.500,0.500,0.500,0.520,0.520,0.520,0.500,0.500,0.500,635,1
0.450,0.450,0.450,0.500,0.500,0.500,0.480,0.480,0.480,0.500,0.500,0.500,862,2
0.500,0.500,0.500,0.500,0.500,0.500,0.500,0.500,0.500,0.460,0.460,0.460,673,1
0.450,0.450,0.450,0.500,0.500,0.500,0.450,0.450,0.450,0.500,0.500,0.500,265,2
0.500,0.500,0.500,0.500,0.500,0.500,0.500,0.500,0.500,0.510,0.510,0.510,150,2
0.500,0.500,0.500,0.500,0.500,0.500,0.520,0.520,0.520,0.500,0.500,0.500,646,1
0.500,0.500,0.500,0.450,0.450,0.450,0.500,0.500,0.500,0.470,0.470,0.470,762,1
0.550,0.550,0.550,0.500,0.500,0.500,0.520,0.520,0.520,0.500,0.500,0.500,63,1
0.500,0.500,0.500,0.500,0.500,0.500,0.510,0.510,0.510,0.500,0.500,0.500,546,1
0.500,0.500,0.500,0.550,0.550,0.550,0.500,0.500,0.500,0.480,0.480,0.480,851,1
0.500,0.500,0.500,0.500,0.500,0.500,0.500,0.500,0.500,0.500,0.500,0.500,314,1
0.500,0.500,0.500,0.500,0.500,0.500,0.500,0.500,0.500,0.530,0.530,0.530,350,2
0.500,0.500,0.500,0.450,0.450,0.450,0.500,0.500,0.500,0.480,0.480,0.480,730,1
0.500,0.500,0.500,0.500,0.500,0.500,0.500,0.500,0.500,0.470,0.470,0.470,938,1
0.500,0.500,0.500,0.500,0.500,0.500,0.500,0.500,0.500,0.500,0.500,0.500,215,2
0.500,0.500,0.500,0.500,0.500,0.500,0.450,0.450,0.450,0.500,0.500,0.500,78,2
0.500,0.500,0.500,0.500,0.500,0.500,0.500,0.500,0.500,0.530,0.530,0.530,581,2
0.450,0.450,0.450,0.500,0.500,0.500,0.530,0.530,0.530,0.500,0.500,0.500,603,1
0.500,0.500,0.500,0.550,0.550,0.550,0.500,0.500,0.500,0.500,0.500,0.500,160,2
0.500,0.500,0.500,0.500,0.500,0.500,0.500,0.500,0.500,0.480,0.480,0.480,411,1
0.500,0.500,0.500,0.500,0.500,0.500,0.500,0.500,0.500,0.450,0.450,0.450,639,1
0.500,0.500,0.500,0.450,0.450,0.450,0.500,0.500,0.500,0.480,0.480,0.480,70,1
0.500,0.500,0.500,0.500,0.500,0.500,0.500,0.500,0.500,0.490,0.490,0.490,544,1
0.500,0.500,0.500,0.550,0.550,0.550,0.500,0.500,0.500,0.500,0.500,0.500,28,2
0.500,0.500,0.500,0.500,0.500,0.500,0.530,0.530,0.530,0.500,0.500,0.500,284,1
0.450,0.450,0.450,0.500,0.500,0.500,0.480,0.480,0.480,0.500,0.500,0.500,565,2
0.550,0.550,0.550,0.500,0.500,0.500,0.460,0.460,0.460,0.500,0.500,0.500,717,2
0.550,0.550,0.550,0.500,0.500,0.500,0.480,0.480,0.480,0.500,0.500,0.500,59,2
0.500,0.500,0.500,0.450,0.450,0.450,0.500,0.500,0.500,0.500,0.500,0.500,435,2
0.500,0.500,0.500,0.550,0.550,0.550,0.500,0.500,0.500,0.460,0.460,0.460,255,1
0.500,0.500,0.500,0.500,0.500,0.500,0.470,0.470,0.470,0.500,0.500,0.500,476,2
0.500,0.500,0.500,0.450,0.450,0.450,0.500,0.500,0.500,0.450,0.450,0.450,199,1
0.500,0.500,0.500,0.500,0.500,0.500,0.500,0.500,0.500,0.510,0.510,0.510,414,2
0.450,0.450,0.450,0.500,0.500,0.500,0.530,0.530,0.530,0.500,0.500,0.500,867,1
0.500,0.500,0.500,0.550,0.550,0.550,0.500,0.500,0.500,0.460,0.460,0.460,387,1
0.500,0.500,0.500,0.550,0.550,0.550,0.500,0.500,0.500,0.450,0.450,0.450,254,1
0.500,0.500,0.500,0.550,0.550,0.550,0.500,0.500,0.500,0.540,0.540,0.540,494,2
0.450,0.450,0.450,0.500,0.500,0.500,0.510,0.510,0.510,0.500,0.500,0.500,304,1
0.450,0.450,0.450,0.500,0.500,0.500,0.490,0.490,0.490,0.500,0.500,0.500,434,2
0.500,0.500,0.500,0.450,0.450,0.450,0.500,0.500,0.500,0.480,0.480,0.480,169,1
0.500,0.500,0.500,0.500,0.500,0.500,0.500,0.500,0.500,0.510,0.510,0.510,579,2
0.550,0.550,0.550,0.500,0.500,0.500,0.550,0.550,0.550,0.500,0.500,0.500,924,1
0.450,0.450,0.450,0.500,0.500,0.500,0.550,0.550,0.550,0.500,0.500,0.500,407,1
0.500,0.500,0.500,0.500,0.500,0.500,0.480,0.480,0.480,0.500,0.500,0.500,873,2
0.550,0.550,0.550,0.500,0.500,0.500,0.490,0.490,0.490,0.500,0.500,0.500,324,2
0.500,0.500,0.500,0.450,0.450,0.450,0.500,0.500,0.500,0.520,0.520,0.520,206,2
0.450,0.450,0.450,0.500,0.500,0.500,0.480,0.480,0.480,0.500,0.500,0.500,400,2
0.500,0.500,0.500,0.450,0.450,0.450,0.500,0.500,0.500,0.550,0.550,0.550,275,2
0.550,0.550,0.550,0.500,0.500,0.500,0.500,0.500,0.500,0.500,0.500,0.500,919,1
0.500,0.500,0.500,0.500,0.500,0.500,0.500,0.500,0.500,0.510,0.510,0.510,84,2
0.500,0.500,0.500,0.500,0.500,0.500,0.490,0.490,0.490,0.500,0.500,0.500,940,2
0.450,0.450,0.450,0.500,0.500,0.500,0.490,0.490,0.490,0.500,0.500,0.500,335,2
0.500,0.500,0.500,0.550,0.550,0.550,0.500,0.500,0.500,0.450,0.450,0.450,23,1
0.550,0.550,0.550,0.500,0.500,0.500,0.470,0.470,0.470,0.500,0.500,0.500,586,2
0.500,0.500,0.500,0.450,0.450,0.450,0.500,0.500,0.500,0.530,0.530,0.530,240,2
0.500,0.500,0.500,0.500,0.500,0.500,0.460,0.460,0.460,0.500,0.500,0.500,211,2
0.450,0.450,0.450,0.500,0.500,0.500,0.520,0.520,0.520,0.500,0.500,0.500,437,1
0.500,0.500,0.500,0.500,0.500,0.500,0.510,0.510,0.510,0.500,0.500,0.500,216,1
0.500,0.500,0.500,0.450,0.450,0.450,0.500,0.500,0.500,0.480,0.480,0.480,334,1
0.500,0.500,0.500,0.450,0.450,0.450,0.500,0.500,0.500,0.550,0.550,0.550,803,2
0.550,0.550,0.550,0.500,0.500,0.500,0.450,0.450,0.450,0.500,0.500,0.500,287,2
0.500,0.500,0.500,0.450,0.450,0.450,0.500,0.500,0.500,0.510,0.510,0.510,172,2
0.550,0.550,0.550,0.500,0.500,0.500,0.510,0.510,0.510,0.500,0.500,0.500,623,1
0.500,0.500,0.500,0.550,0.550,0.550,0.500,0.500,0.500,0.480,0.480,0.480,26,1
0.500,0.500,0.500,0.500,0.500,0.500,0.520,0.520,0.520,0.500,0.500,0.500,910,1
0.500,0.500,0.500,0.500,0.500,0.500,0.500,0.500,0.500,0.540,0.540,0.540,318,2
0.500,0.500,0.500,0.550,0.550,0.550,0.500,0.500,0.500,0.550,0.550,0.550,792,2
0.500,0.500,0.500,0.550,0.550,0.550,0.500,0.500,0.500,0.470,0.470,0.470,157,1
0.500,0.500,0.500,0.550,0.550,0.550,0.500,0.500,0.500,0.460,0.460,0.460,651,1
0.550,0.550,0.550,0.500,0.500,0.500,0.510,0.510,0.510,0.500,0.500,0.500,524,1
0.450,0.450,0.450,0.500,0.500,0.500,0.540,0.540,0.540,0.500,0.500,0.500,307,1
0.500,0.500,0.500,0.500,0.500,0.500,0.530,0.530,0.530,0.500,0.500,0.500,845,1
0.500,0.500,0.500,0.550,0.550,0.550,0.500,0.500,0.500,0.500,0.500,0.500,325,2
0.450,0.450,0.450,0.500,0.500,0.500,0.490,0.490,0.490,0.500,0.500,0.500,467,2
0.500,0.500,0.500,0.500,0.500,0.500,0.500,0.500,0.500,0.500,0.500,0.500,380,1
0.500,0.500,0.500,0.450,0.450,0.450,0.500,0.500,0.500,0.470,0.470,0.470,36,1
0.550,0.550,0.550,0.500,0.500,0.500,0.450,0.450,0.450,0.500,0.500,0.500,452,2
0.550,0.550,0.550,0.500,0.500,0.500,0.550,0.550,0.550,0.500,0.500,0.500,693,1
0.450,0.450,0.450,0.500,0.500,0.500,0.530,0.530,0.530,0.500,0.500,0.500,141,1
0.500,0.500,0.500,0.550,0.550,0.550,0.500,0.500,0.500,0.480,0.480,0.480,818,1
0.500,0.500,0.500,0.550,0.550,0.550,0.500,0.500,0.500,0.530,0.530,0.530,163,2
0.450,0.450,0.450,0.500,0.500,0.500,0.500,0.500,0.500,0.500,0.500,0.500,6,1
0.500,0.500,0.500,0.500,0.500,0.500,0.490,0.490,0.490,0.500,0.500,0.500,676,2
0.500,0.500,0.500,0.550,0.550,0.550,0.500,0.500,0.500,0.550,0.550,0.550,627,2
0.500,0.500,0.500,0.500,0.500,0.500,0.500,0.500,0.500,0.530,0.530,0.530,119,2
0.450,0.450,0.450,0.500,0.500,0.500,0.550,0.550,0.550,0.500,0.500,0.500,11,1
0.450,0.450,0.450,0.500,0.500,0.500,0.460,0.460,0.460,0.500,0.500,0.500,233,2
0.450,0.450,0.450,0.500,0.500,0.500,0.490,0.490,0.490,0.500,0.500,0.500,500,2
0.500,0.500,0.500,0.500,0.500,0.500,0.500,0.500,0.500,0.500,0.500,0.500,776,2
0.500,0.500,0.500,0.500,0.500,0.500,0.500,0.500,0.500,0.510,0.510,0.510,942,2
0.500,0.500,0.500,0.500,0.500,0.500,0.500,0.500,0.500,0.500,0.500,0.500,149,2
0.500,0.500,0.500,0.550,0.550,0.550,0.500,0.500,0.500,0.530,0.530,0.530,493,2
0.500,0.500,0.500,0.500,0.500,0.500,0.500,0.500,0.500,0.530,0.530,0.530,713,2
0.450,0.450,0.450,0.500,0.500,0.500,0.510,0.510,0.510,0.500,0.500,0.500,865,1
0.500,0.500,0.500,0.500,0.500,0.500,0.520,0.520,0.520,0.500,0.500,0.500,712,1
0.500,0.500,0.500,0.450,0.450,0.450,0.500,0.500,0.500,0.530,0.530,0.530,801,2
0.450,0.450,0.450,0.500,0.500,0.500,0.460,0.460,0.460,0.500,0.500,0.500,761,2
0.450,0.450,0.450,0.500,0.500,0.500,0.500,0.500,0.500,0.500,0.500,0.500,699,1
0.550,0.550,0.550,0.500,0.500,0.500,0.510,0.510,0.510,0.500,0.500,0.500,293,1
0.550,0.550,0.550,0.500,0.500,0.500,0.470,0.470,0.470,0.500,0.500,0.500,685,2
0.500,0.500,0.500,0.500,0.500,0.500,0.500,0.500,0.500,0.470,0.470,0.470,839,1
0.500,0.500,0.500,0.550,0.550,0.550,0.500,0.500,0.500,0.550,0.550,0.550,891,2
0.500,0.500,0.500,0.500,0.500,0.500,0.550,0.550,0.550,0.500,0.500,0.500,946,1
0.500,0.500,0.500,0.500,0.500,0.500,0.470,0.470,0.470,0.500,0.500,0.500,740,2
0.500,0.500,0.500,0.450,0.450,0.450,0.500,0.500,0.500,0.460,0.460,0.460,596,1
0.500,0.500,0.500,0.500,0.500,0.500,0.490,0.490,0.490,0.500,0.500,0.500,148,2
0.500,0.500,0.500,0.450,0.450,0.450,0.500,0.500,0.500,0.550,0.550,0.550,770,2
0.500,0.500,0.500,0.450,0.450,0.450,0.500,0.500,0.500,0.520,0.520,0.520,602,2
0.500,0.500,0.500,0.500,0.500,0.500,0.530,0.530,0.530,0.500,0.500,0.500,548,1
0.500,0.500,0.500,0.550,0.550,0.550,0.500,0.500,0.500,0.490,0.490,0.490,918,1
0.500,0.500,0.500,0.450,0.450,0.450,0.500,0.500,0.500,0.510,0.510,0.510,403,2
0.450,0.450,0.450,0.500,0.500,0.500,0.460,0.460,0.460,0.500,0.500,0.500,695,2
0.500,0.500,0.500,0.450,0.450,0.450,0.500,0.500,0.500,0.520,0.520,0.520,668,2
0.550,0.550,0.550,0.500,0.500,0.500,0.490,0.490,0.490,0.500,0.500,0.500,555,2
0.550,0.550,0.550,0.500,0.500,0.500,0.500,0.500,0.500,0.500,0.500,0.500,985,1
0.500,0.500,0.500,0.450,0.450,0.450,0.500,0.500,0.500,0.470,0.470,0.470,795,1
0.450,0.450,0.450,0.500,0.500,0.500,0.480,0.480,0.480,0.500,0.500,0.500,37,2
0.500,0.500,0.500,0.500,0.500,0.500,0.500,0.500,0.500,0.450,0.450,0.450,837,1
0.500,0.500,0.500,0.500,0.500,0.500,0.510,0.510,0.510,0.500,0.500,0.500,645,1
0.450,0.450,0.450,0.500,0.500,0.500,0.500,0.500,0.500,0.500,0.500,0.500,666,1
0.500,0.500,0.500,0.500,0.500,0.500,0.500,0.500,0.500,0.480,0.480,0.480,213,1
0.550,0.550,0.550,0.500,0.500,0.500,0.550,0.550,0.550,0.500,0.500,0.500,99,1
0.550,0.550,0.550,0.500,0.500,0.500,0.490,0.490,0.490,0.500,0.500,0.500,192,2
0.550,0.550,0.550,0.500,0.500,0.500,0.470,0.470,0.470,0.500,0.500,0.500,652,2
0.500,0.500,0.500,0.500,0.500,0.500,0.500,0.500,0.500,0.530,0.530,0.530,218,2
0.500,0.500,0.500,0.500,0.500,0.500,0.510,0.510,0.510,0.500,0.500,0.500,183,1
0.500,0.500,0.500,0.500,0.500,0.500,0.500,0.500,0.500,0.520,0.520,0.520,811,2
0.500,0.500,0.500,0.450,0.450,0.450,0.500,0.500,0.500,0.540,0.540,0.540,373,2
0.450,0.450,0.450,0.500,0.500,0.500,0.550,0.550,0.550,0.500,0.500,0.500,704,1
0.500,0.500,0.500,0.500,0.500,0.500,0.500,0.500,0.500,0.550,0.550,0.550,814,2
0.500,0.500,0.500,0.500,0.500,0.500,0.500,0.500,0.500,0.500,0.500,0.500,941,1
0.500,0.500,0.500,0.450,0.450,0.450,0.500,0.500,0.500,0.500,0.500,0.500,39,2
0.500,0.500,0.500,0.500,0.500,0.500,0.500,0.500,0.500,0.540,0.540,0.540,846,2
0.500,0.500,0.500,0.450,0.450,0.450,0.500,0.500,0.500,0.500,0.500,0.500,600,2
0.500,0.500,0.500,0.550,0.550,0.550,0.500,0.500,0.500,0.510,0.510,0.510,260,2
0.500,0.500,0.500,0.550,0.550,0.550,0.500,0.500,0.500,0.530,0.530,0.530,559,2
0.500,0.500,0.500,0.550,0.550,0.550,0.500,0.500,0.500,0.470,0.470,0.470,619,1
0.500,0.500,0.500,0.450,0.450,0.450,0.500,0.500,0.500,0.510,0.510,0.510,535,2
0.500,0.500,0.500,0.500,0.500,0.500,0.480,0.480,0.480,0.500,0.500,0.500,477,2
0.500,0.500,0.500,0.500,0.500,0.500,0.520,0.520,0.520,0.500,0.500,0.500,481,1
0.450,0.450,0.450,0.500,0.500,0.500,0.520,0.520,0.520,0.500,0.500,0.500,701,1
0.500,0.500,0.500,0.550,0.550,0.550,0.500,0.500,0.500,0.450,0.450,0.450,188,1
0.500,0.500,0.500,0.500,0.500,0.500,0.470,0.470,0.470,0.500,0.500,0.500,971,2
0.450,0.450,0.450,0.500,0.500,0.500,0.520,0.520,0.520,0.500,0.500,0.500,371,1
0.450,0.450,0.450,0.500,0.500,0.500,0.540,0.540,0.540,0.500,0.500,0.500,604,1
0.550,0.550,0.550,0.500,0.500,0.500,0.520,0.520,0.520,0.500,0.500,0.500,657,1
0.450,0.450,0.450,0.500,0.500,0.500,0.490,0.490,0.490,0.500,0.500,0.500,731,2
0.500,0.500,0.500,0.450,0.450,0.450,0.500,0.500,0.500,0.540,0.540,0.540,769,2
0.450,0.450,0.450,0.500,0.500,0.500,0.520,0.520,0.520,0.500,0.500,0.500,800,1
0.450,0.450,0.450,0.500,0.500,0.500,0.460,0.460,0.460,0.500,0.500,0.500,926,2
0.500,0.500,0.500,0.550,0.550,0.550,0.500,0.500,0.500,0.470,0.470,0.470,718,1
0.500,0.500,0.500,0.450,0.450,0.450,0.500,0.500,0.500,0.510,0.510,0.510,898,2
0.500,0.500,0.500,0.450,0.450,0.450,0.500,0.500,0.500,0.540,0.540,0.540,637,2
0.500,0.500,0.500,0.500,0.500,0.500,0.480,0.480,0.480,0.500,0.500,0.500,609,2
0.450,0.450,0.450,0.500,0.500,0.500,0.500,0.500,0.500,0.500,0.500,0.500,369,1
0.450,0.450,0.450,0.500,0.500,0.500,0.450,0.450,0.450,0.500,0.500,0.500,925,2
0.450,0.450,0.450,0.500,0.500,0.500,0.530,0.530,0.530,0.500,0.500,0.500,273,1
0.500,0.500,0.500,0.550,0.550,0.550,0.500,0.500,0.500,0.530,0.530,0.530,64,2
0.500,0.500,0.500,0.500,0.500,0.500,0.490,0.490,0.490,0.500,0.500,0.500,709,2
0.500,0.500,0.500,0.500,0.500,0.500,0.540,0.540,0.540,0.500,0.500,0.500,483,1
0.450,0.450,0.450,0.500,0.500,0.500,0.520,0.520,0.520,0.500,0.500,0.500,833,1
0.500,0.500,0.500,0.550,0.550,0.550,0.500,0.500,0.500,0.540,0.540,0.540,824,2
0.500,0.500,0.500,0.550,0.550,0.550,0.500,0.500,0.500,0.480,0.480,0.480,587,1
0.500,0.500,0.500,0.500,0.500,0.500,0.500,0.500,0.500,0.540,0.540,0.540,747,2
0.500,0.500,0.500,0.500,0.500,0.500,0.500,0.500,0.500,0.540,0.540,0.540,879,2
0.500,0.500,0.500,0.450,0.450,0.450,0.500,0.500,0.500,0.460,0.460,0.460,827,1
0.500,0.500,0.500,0.500,0.500,0.500,0.550,0.550,0.550,0.500,0.500,0.500,286,1
0.500,0.500,0.500,0.550,0.550,0.550,0.500,0.500,0.500,0.550,0.550,0.550,990,2
0.500,0.500,0.500,0.500,0.500,0.500,0.500,0.500,0.500,0.550,0.550,0.550,649,2
0.500,0.500,0.500,0.550,0.550,0.550,0.500,0.500,0.500,0.550,0.550,0.550,759,2
0.450,0.450,0.450,0.500,0.500,0.500,0.470,0.470,0.470,0.500,0.500,0.500,300,2
0.500,0.500,0.500,0.550,0.550,0.550,0.500,0.500,0.500,0.520,0.520,0.520,855,2
0.500,0.500,0.500,0.500,0.500,0.500,0.460,0.460,0.460,0.500,0.500,0.500,409,2
0.500,0.500,0.500,0.500,0.500,0.500,0.520,0.520,0.520,0.500,0.500,0.500,85,1
0.450,0.450,0.450,0.500,0.500,0.500,0.490,0.490,0.490,0.500,0.500,0.500,698,2
0.500,0.500,0.500,0.550,0.550,0.550,0.500,0.500,0.500,0.480,0.480,0.480,521,1
0.500,0.500,0.500,0.550,0.550,0.550,0.500,0.500,0.500,0.510,0.510,0.510,887,2
0.500,0.500,0.500,0.500,0.500,0.500,0.490,0.490,0.490,0.500,0.500,0.500,907,2
0.550,0.550,0.550,0.500,0.500,0.500,0.450,0.450,0.450,0.500,0.500,0.500,815,2
0.500,0.500,0.500,0.500,0.500,0.500,0.460,0.460,0.460,0.500,0.500,0.500,277,2
0.500,0.500,0.500,0.450,0.450,0.450,0.500,0.500,0.500,0.550,0.550,0.550,737,2
0.450,0.450,0.450,0.500,0.500,0.500,0.470,0.470,0.470,0.500,0.500,0.500,630,2
0.450,0.450,0.450,0.500,0.500,0.500,0.450,0.450,0.450,0.500,0.500,0.500,958,2
0.500,0.500,0.500,0.500,0.500,0.500,0.530,0.530,0.530,0.500,0.500,0.500,911,1
0.500,0.500,0.500,0.500,0.500,0.500,0.500,0.500,0.500,0.550,0.550,0.550,550,2
0.500,0.500,0.500,0.500,0.500,0.500,0.500,0.500,0.500,0.470,0.470,0.470,608,1
0.500,0.500,0.500,0.450,0.450,0.450,0.500,0.500,0.500,0.540,0.540,0.540,538,2
0.550,0.550,0.550,0.500,0.500,0.500,0.490,0.490,0.490,0.500,0.500,0.500,423,2
0.500,0.500,0.500,0.550,0.550,0.550,0.500,0.500,0.500,0.540,0.540,0.540,32,2
0.550,0.550,0.550,0.500,0.500,0.500,0.490,0.490,0.490,0.500,0.500,0.500,456,2
0.500,0.500,0.500,0.500,0.500,0.500,0.550,0.550,0.550,0.500,0.500,0.500,187,1
0.500,0.500,0.500,0.500,0.500,0.500,0.540,0.540,0.540,0.500,0.500,0.500,87,1
0.500,0.500,0.500,0.500,0.500,0.500,0.500,0.500,0.500,0.490,0.490,0.490,346,1
0.500,0.500,0.500,0.450,0.450,0.450,0.500,0.500,0.500,0.550,0.550,0.550,341,2
0.500,0.500,0.500,0.550,0.550,0.550,0.500,0.500,0.500,0.510,0.510,0.510,194,2
0.500,0.500,0.500,0.500,0.500,0.500,0.500,0.500,0.500,0.480,0.480,0.480,312,1
0.500,0.500,0.500,0.500,0.500,0.500,0.500,0.500,0.500,0.480,0.480,0.480,576,1
0.500,0.500,0.500,0.450,0.450,0.450,0.500,0.500,0.500,0.450,0.450,0.450,232,1
0.450,0.450,0.450,0.500,0.500,0.500,0.470,0.470,0.470,0.500,0.500,0.500,696,2
0.500,0.500,0.500,0.500,0.500,0.500,0.490,0.490,0.490,0.500,0.500,0.500,247,2
0.500,0.500,0.500,0.550,0.550,0.550,0.500,0.500,0.500,0.500,0.500,0.500,886,2
0.450,0.450,0.450,0.500,0.500,0.500,0.510,0.510,0.510,0.500,0.500,0.500,7,1
0.500,0.500,0.500,0.500,0.500,0.500,0.500,0.500,0.500,0.550,0.550,0.550,847,2
0.500,0.500,0.500,0.450,0.450,0.450,0.500,0.500,0.500,0.500,0.500,0.500,171,2
0.450,0.450,0.450,0.500,0.500,0.500,0.470,0.470,0.470,0.500,0.500,0.500,234,2
0.500,0.500,0.500,0.550,0.550,0.550,0.500,0.500,0.500,0.520,0.520,0.520,360,2
0.500,0.500,0.500,0.550,0.550,0.550,0.500,0.500,0.500,0.510,0.510,0.510,326,2
0.500,0.500,0.500,0.500,0.500,0.500,0.500,0.500,0.500,0.490,0.490,0.490,379,1
0.500,0.500,0.500,0.450,0.450,0.450,0.500,0.500,0.500,0.470,0.470,0.470,861,1
0.450,0.450,0.450,0.500,0.500,0.500,0.470,0.470,0.470,0.500,0.500,0.500,102,2
0.550,0.550,0.550,0.500,0.500,0.500,0.500,0.500,0.500,0.500,0.500,0.500,193,1
0.450,0.450,0.450,0.500,0.500,0.500,0.510,0.510,0.510,0.500,0.500,0.500,667,1
0.500,0.500,0.500,0.450,0.450,0.450,0.500,0.500,0.500,0.480,0.480,0.480,895,1
0.450,0.450,0.450,0.500,0.500,0.500,0.500,0.500,0.500,0.500,0.500,0.500,303,1
0.500,0.500,0.500,0.550,0.550,0.550,0.500,0.500,0.500,0.520,0.520,0.520,162,2
0.500,0.500,0.500,0.550,0.550,0.550,0.500,0.500,0.500,0.480,0.480,0.480,554,1
0.500,0.500,0.500,0.450,0.450,0.450,0.500,0.500,0.500,0.470,0.470,0.470,267,1
0.450,0.450,0.450,0.500,0.500,0.500,0.490,0.490,0.490,0.500,0.500,0.500,896,2
0.450,0.450,0.450,0.500,0.500,0.500,0.470,0.470,0.470,0.500,0.500,0.500,168,2
0.500,0.500,0.500,0.500,0.500,0.500,0.500,0.500,0.500,0.510,0.510,0.510,249,2
0.500,0.500,0.500,0.550,0.550,0.550,0.500,0.500,0.500,0.530,0.530,0.530,394,2
0.550,0.550,0.550,0.500,0.500,0.500,0.510,0.510,0.510,0.500,0.500,0.500,722,1
0.500,0.500,0.500,0.500,0.500,0.500,0.500,0.500,0.500,0.460,0.460,0.460,442,1
0.500,0.500,0.500,0.450,0.450,0.450,0.500,0.500,0.500,0.480,0.480,0.480,433,1
0.500,0.500,0.500,0.550,0.550,0.550,0.500,0.500,0.500,0.460,0.460,0.460,816,1
0.500,0.500,0.500,0.450,0.450,0.450,0.500,0.500,0.500,0.550,0.550,0.550,440,2
0.450,0.450,0.450,0.500,0.500,0.500,0.460,0.460,0.460,0.500,0.500,0.500,893,2
0.500,0.500,0.500,0.500,0.500,0.500,0.500,0.500,0.500,0.450,0.450,0.450,738,1
0.500,0.500,0.500,0.500,0.500,0.500,0.500,0.500,0.500,0.460,0.460,0.460,937,1
0.550,0.550,0.550,0.500,0.500,0.500,0.480,0.480,0.480,0.500,0.500,0.500,224,2
0.500,0.500,0.500,0.500,0.500,0.500,0.510,0.510,0.510,0.500,0.500,0.500,777,1
0.500,0.500,0.500,0.550,0.550,0.550,0.500,0.500,0.500,0.460,0.460,0.460,354,1
0.450,0.450,0.450,0.500,0.500,0.500,0.470,0.470,0.470,0.500,0.500,0.500,927,2
0.450,0.450,0.450,0.500,0.500,0.500,0.510,0.510,0.510,0.500,0.500,0.500,139,1
0.500,0.500,0.500,0.500,0.500,0.500,0.510,0.510,0.510,0.500,0.500,0.500,315,1
0.450,0.450,0.450,0.500,0.500,0.500,0.510,0.510,0.510,0.500,0.500,0.500,964,1
0.500,0.500,0.500,0.550,0.550,0.550,0.500,0.500,0.500,0.540,0.540,0.540,164,2
0.450,0.450,0.450,0.500,0.500,0.500,0.510,0.510,0.510,0.500,0.500,0.500,73,1
0.550,0.550,0.550,0.500,0.500,0.500,0.530,0.530,0.530,0.500,0.500,0.500,922,1
0.500,0.500,0.500,0.450,0.450,0.450,0.500,0.500,0.500,0.490,0.490,0.490,38,1
0.450,0.450,0.450,0.500,0.500,0.500,0.500,0.500,0.500,0.500,0.500,0.500,468,1
0.500,0.500,0.500,0.550,0.550,0.550,0.500,0.500,0.500,0.500,0.500,0.500,259,2
0.500,0.500,0.500,0.500,0.500,0.500,0.500,0.500,0.500,0.500,0.500,0.500,644,1
0.500,0.500,0.500,0.550,0.550,0.550,0.500,0.500,0.500,0.540,0.540,0.540,857,2
0.500,0.500,0.500,0.500,0.500,0.500,0.490,0.490,0.490,0.500,0.500,0.500,973,2
0.450,0.450,0.450,0.500,0.500,0.500,0.510,0.510,0.510,0.500,0.500,0.500,766,1
0.450,0.450,0.450,0.500,0.500,0.500,0.450,0.450,0.450,0.500,0.500,0.500,628,2
0.500,0.500,0.500,0.500,0.500,0.500,0.480,0.480,0.480,0.500,0.500,0.500,972,2
0.500,0.500,0.500,0.550,0.550,0.550,0.500,0.500,0.500,0.530,0.530,0.530,31,2
0.500,0.500,0.500,0.500,0.500,0.500,0.470,0.470,0.470,0.500,0.500,0.500,344,2
0.450,0.450,0.450,0.500,0.500,0.500,0.500,0.500,0.500,0.500,0.500,0.500,930,1
0.500,0.500,0.500,0.450,0.450,0.450,0.500,0.500,0.500,0.530,0.530,0.530,372,2
0.550,0.550,0.550,0.500,0.500,0.500,0.450,0.450,0.450,0.500,0.500,0.500,980,2
0.500,0.500,0.500,0.500,0.500,0.500,0.500,0.500,0.500,0.530,0.530,0.530,812,2
0.550,0.550,0.550,0.500,0.500,0.500,0.450,0.450,0.450,0.500,0.500,0.500,89,2
0.450,0.450,0.450,0.500,0.500,0.500,0.460,0.460,0.460,0.500,0.500,0.500,101,2
0.500,0.500,0.500,0.500,0.500,0.500,0.500,0.500,0.500,0.500,0.500,0.500,677,1
0.550,0.550,0.550,0.500,0.500,0.500,0.450,0.450,0.450,0.500,0.500,0.500,419,2
0.450,0.450,0.450,0.500,0.500,0.500,0.520,0.520,0.520,0.500,0.500,0.500,767,1
0.500,0.500,0.500,0.500,0.500,0.500,0.500,0.500,0.500,0.480,0.480,0.480,642,1
0.550,0.550,0.550,0.500,0.500,0.500,0.540,0.540,0.540,0.500,0.500,0.500,98,1
0.550,0.550,0.550,0.500,0.500,0.500,0.530,0.530,0.530,0.500,0.500,0.500,262,1
0.550,0.550,0.550,0.500,0.500,0.500,0.490,0.490,0.490,0.500,0.500,0.500,27,2
0.500,0.500,0.500,0.500,0.500,0.500,0.500,0.500,0.500,0.500,0.500,0.500,116,1
0.500,0.500,0.500,0.500,0.500,0.500,0.490,0.490,0.490,0.500,0.500,0.500,280,2
0.550,0.550,0.550,0.500,0.500,0.500,0.540,0.540,0.540,0.500,0.500,0.500,461,1
0.500,0.500,0.500,0.550,0.550,0.550,0.500,0.500,0.500,0.540,0.540,0.540,527,2
0.550,0.550,0.550,0.500,0.500,0.500,0.450,0.450,0.450,0.500,0.500,0.500,221,2
0.500,0.500,0.500,0.500,0.500,0.500,0.450,0.450,0.450,0.500,0.500,0.500,441,2
0.500,0.500,0.500,0.450,0.450,0.450,0.500,0.500,0.500,0.510,0.510,0.510,370,2
0.500,0.500,0.500,0.500,0.500,0.500,0.500,0.500,0.500,0.520,0.520,0.520,217,2
0.500,0.500,0.500,0.500,0.500,0.500,0.500,0.500,0.500,0.520,0.520,0.520,547,2
0.500,0.500,0.500,0.500,0.500,0.500,0.480,0.480,0.480,0.500,0.500,0.500,774,2
0.550,0.550,0.550,0.500,0.500,0.500,0.460,0.460,0.460,0.500,0.500,0.500,24,2
0.500,0.500,0.500,0.450,0.450,0.450,0.500,0.500,0.500,0.450,0.450,0.450,1,1
0.500,0.500,0.500,0.550,0.550,0.550,0.500,0.500,0.500,0.500,0.500,0.500,853,2
0.500,0.500,0.500,0.550,0.550,0.550,0.500,0.500,0.500,0.530,0.530,0.530,658,2
0.500,0.500,0.500,0.500,0.500,0.500,0.540,0.540,0.540,0.500,0.500,0.500,945,1
0.500,0.500,0.500,0.500,0.500,0.500,0.500,0.500,0.500,0.490,0.490,0.490,181,1
0.450,0.450,0.450,0.500,0.500,0.500,0.500,0.500,0.500,0.500,0.500,0.500,336,1
0.450,0.450,0.450,0.500,0.500,0.500,0.540,0.540,0.540,0.500,0.500,0.500,10,1
0.450,0.450,0.450,0.500,0.500,0.500,0.470,0.470,0.470,0.500,0.500,0.500,894,2
0.500,0.500,0.500,0.500,0.500,0.500,0.500,0.500,0.500,0.450,0.450,0.450,540,1
0.500,0.500,0.500,0.450,0.450,0.450,0.500,0.500,0.500,0.480,0.480,0.480,499,1
0.500,0.500,0.500,0.500,0.500,0.500,0.470,0.470,0.470,0.500,0.500,0.500,14,2
0.550,0.550,0.550,0.500,0.500,0.500,0.490,0.490,0.490,0.500,0.500,0.500,522,2
0.500,0.500,0.500,0.500,0.500,0.500,0.500,0.500,0.500,0.460,0.460,0.460,739,1
0.500,0.500,0.500,0.500,0.500,0.500,0.500,0.500,0.500,0.520,0.520,0.520,877,2
0.550,0.550,0.550,0.500,0.500,0.500,0.530,0.530,0.530,0.500,0.500,0.500,790,1
0.500,0.500,0.500,0.450,0.450,0.450,0.500,0.500,0.500,0.470,0.470,0.470,663,1
0.450,0.450,0.450,0.500,0.500,0.500,0.480,0.480,0.480,0.500,0.500,0.500,532,2
0.500,0.500,0.500,0.550,0.550,0.550,0.500,0.500,0.500,0.470,0.470,0.470,784,1
0.500,0.500,0.500,0.550,0.550,0.550,0.500,0.500,0.500,0.540,0.540,0.540,395,2
0.500,0.500,0.500,0.500,0.500,0.500,0.520,0.520,0.520,0.500,0.500,0.500,943,1
0.550,0.550,0.550,0.500,0.500,0.500,0.500,0.500,0.500,0.500,0.500,0.500,358,1
0.450,0.450,0.450,0.500,0.500,0.500,0.490,0.490,0.490,0.500,0.500,0.500,632,2
0.500,0.500,0.500,0.500,0.500,0.500,0.500,0.500,0.500,0.520,0.520,0.520,976,2
0.500,0.500,0.500,0.450,0.450,0.450,0.500,0.500,0.500,0.510,0.510,0.510,502,2
0.500,0.500,0.500,0.450,0.450,0.450,0.500,0.500,0.500,0.520,0.520,0.520,866,2
0.500,0.500,0.500,0.550,0.550,0.550,0.500,0.500,0.500,0.470,0.470,0.470,751,1
0.550,0.550,0.550,0.500,0.500,0.500,0.520,0.520,0.520,0.500,0.500,0.500,261,1
0.500,0.500,0.500,0.500,0.500,0.500,0.540,0.540,0.540,0.500,0.500,0.500,21,1
0.550,0.550,0.550,0.500,0.500,0.500,0.500,0.500,0.500,0.500,0.500,0.500,655,1
0.500,0.500,0.500,0.500,0.500,0.500,0.480,0.480,0.480,0.500,0.500,0.500,675,2
0.500,0.500,0.500,0.550,0.550,0.550,0.500,0.500,0.500,0.540,0.540,0.540,560,2
0.450,0.450,0.450,0.500,0.500,0.500,0.530,0.530,0.530,0.500,0.500,0.500,75,1
0.500,0.500,0.500,0.450,0.450,0.450,0.500,0.500,0.500,0.540,0.540,0.540,43,2
0.500,0.500,0.500,0.550,0.550,0.550,0.500,0.500,0.500,0.530,0.530,0.530,625,2
0.550,0.550,0.550,0.500,0.500,0.500,0.500,0.500,0.500,0.500,0.500,0.500,754,1
0.450,0.450,0.450,0.500,0.500,0.500,0.460,0.460,0.460,0.500,0.500,0.500,431,2
0.550,0.550,0.550,0.500,0.500,0.500,0.540,0.540,0.540,0.500,0.500,0.500,758,1
0.500,0.500,0.500,0.450,0.450,0.450,0.500,0.500,0.500,0.470,0.470,0.470,498,1
0.500,0.500,0.500,0.550,0.550,0.550,0.500,0.500,0.500,0.550,0.550,0.550,297,2
0.500,0.500,0.500,0.500,0.500,0.500,0.500,0.500,0.500,0.530,0.530,0.530,515,2
0.500,0.500,0.500,0.550,0.550,0.550,0.500,0.500,0.500,0.470,0.470,0.470,553,1
0.500,0.500,0.500,0.550,0.550,0.550,0.500,0.500,0.500,0.520,0.520,0.520,723,2
0.500,0.500,0.500,0.450,0.450,0.450,0.500,0.500,0.500,0.470,0.470,0.470,135,1
0.500,0.500,0.500,0.550,0.550,0.550,0.500,0.500,0.500,0.540,0.540,0.540,989,2
0.500,0.500,0.500,0.500,0.500,0.500,0.500,0.500,0.500,0.470,0.470,0.470,542,1
0.550,0.550,0.550,0.500,0.500,0.500,0.500,0.500,0.500,0.500,0.500,0.500,721,1
0.500,0.500,0.500,0.450,0.450,0.450,0.500,0.500,0.500,0.490,0.490,0.490,830,1
0.500,0.500,0.500,0.500,0.500,0.500,0.520,0.520,0.520,0.500,0.500,0.500,184,1
0.450,0.450,0.450,0.500,0.500,0.500,0.530,0.530,0.530,0.500,0.500,0.500,108,1
0.450,0.450,0.450,0.500,0.500,0.500,0.550,0.550,0.550,0.500,0.500,0.500,836,1
0.450,0.450,0.450,0.500,0.500,0.500,0.520,0.520,0.520,0.500,0.500,0.500,503,1
0.550,0.550,0.550,0.500,0.500,0.500,0.500,0.500,0.500,0.500,0.500,0.500,523,1
0.500,0.500,0.500,0.500,0.500,0.500,0.500,0.500,0.500,0.500,0.500,0.500,17,1
0.500,0.500,0.500,0.500,0.500,0.500,0.530,0.530,0.530,0.500,0.500,0.500,53,1
0.550,0.550,0.550,0.500,0.500,0.500,0.480,0.480,0.480,0.500,0.500,0.500,356,2
0.450,0.450,0.450,0.500,0.500,0.500,0.510,0.510,0.510,0.500,0.500,0.500,832,1
0.500,0.500,0.500,0.500,0.500,0.500,0.500,0.500,0.500,0.550,0.550,0.550,979,2
0.500,0.500,0.500,0.500,0.500,0.500,0.500,0.500,0.500,0.500,0.500,0.500,743,1
0.500,0.500,0.500,0.550,0.550,0.550,0.500,0.500,0.500,0.460,0.460,0.460,321,1
0.500,0.500,0.500,0.500,0.500,0.500,0.500,0.500,0.500,0.530,0.530,0.530,977,2
0.450,0.450,0.450,0.500,0.500,0.500,0.460,0.460,0.460,0.500,0.500,0.500,464,2
0.500,0.500,0.500,0.500,0.500,0.500,0.510,0.510,0.510,0.500,0.500,0.500,18,1
0.500,0.500,0.500,0.500,0.500,0.500,0.500,0.500,0.500,0.550,0.550,0.550,616,2
0.550,0.550,0.550,0.500,0.500,0.500,0.470,0.470,0.470,0.500,0.500,0.500,982,2
0.550,0.550,0.550,0.500,0.500,0.500,0.520,0.520,0.520,0.500,0.500,0.500,492,1
0.500,0.500,0.500,0.500,0.500,0.500,0.530,0.530,0.530,0.500,0.500,0.500,878,1
0.450,0.450,0.450,0.500,0.500,0.500,0.510,0.510,0.510,0.500,0.500,0.500,40,1
0.500,0.500,0.500,0.450,0.450,0.450,0.500,0.500,0.500,0.470,0.470,0.470,828,1
0.450,0.450,0.450,0.500,0.500,0.500,0.510,0.510,0.510,0.500,0.500,0.500,238,1
0.500,0.500,0.500,0.450,0.450,0.450,0.500,0.500,0.500,0.450,0.450,0.450,463,1
0.500,0.500,0.500,0.450,0.450,0.450,0.500,0.500,0.500,0.530,0.530,0.530,339,2
0.450,0.450,0.450,0.500,0.500,0.500,0.530,0.530,0.530,0.500,0.500,0.500,735,1
0.550,0.550,0.550,0.500,0.500,0.500,0.450,0.450,0.450,0.500,0.500,0.500,650,2
0.450,0.450,0.450,0.500,0.500,0.500,0.450,0.450,0.450,0.500,0.500,0.500,331,2
0.500,0.500,0.500,0.550,0.550,0.550,0.500,0.500,0.500,0.480,0.480,0.480,158,1
0.500,0.500,0.500,0.550,0.550,0.550,0.500,0.500,0.500,0.540,0.540,0.540,428,2
0.450,0.450,0.450,0.500,0.500,0.500,0.550,0.550,0.550,0.500,0.500,0.500,638,1
0.500,0.500,0.500,0.500,0.500,0.500,0.530,0.530,0.530,0.500,0.500,0.500,251,1
0.500,0.500,0.500,0.500,0.500,0.500,0.550,0.550,0.550,0.500,0.500,0.500,418,1
0.500,0.500,0.500,0.550,0.550,0.550,0.500,0.500,0.500,0.460,0.460,0.460,222,1
0.500,0.500,0.500,0.500,0.500,0.500,0.500,0.500,0.500,0.460,0.460,0.460,310,1
0.500,0.500,0.500,0.500,0.500,0.500,0.450,0.450,0.450,0.500,0.500,0.500,804,2
0.550,0.550,0.550,0.500,0.500,0.500,0.450,0.450,0.450,0.500,0.500,0.500,485,2
0.500,0.500,0.500,0.500,0.500,0.500,0.550,0.550,0.550,0.500,0.500,0.500,385,1
0.500,0.500,0.500,0.550,0.550,0.550,0.500,0.500,0.500,0.480,0.480,0.480,653,1
0.550,0.550,0.550,0.500,0.500,0.500,0.510,0.510,0.510,0.500,0.500,0.500,821,1
0.500,0.500,0.500,0.450,0.450,0.450,0.500,0.500,0.500,0.500,0.500,0.500,270,2
0.500,0.500,0.500,0.550,0.550,0.550,0.500,0.500,0.500,0.490,0.490,0.490,126,1
0.550,0.550,0.550,0.500,0.500,0.500,0.520,0.520,0.520,0.500,0.500,0.500,690,1
0.500,0.500,0.500,0.500,0.500,0.500,0.500,0.500,0.500,0.510,0.510,0.510,711,2
0.500,0.500,0.500,0.450,0.450,0.450,0.500,0.500,0.500,0.450,0.450,0.450,133,1
0.550,0.550,0.550,0.500,0.500,0.500,0.450,0.450,0.450,0.500,0.500,0.500,914,2
0.550,0.550,0.550,0.500,0.500,0.500,0.510,0.510,0.510,0.500,0.500,0.500,29,1
0.500,0.500,0.500,0.550,0.550,0.550,0.500,0.500,0.500,0.460,0.460,0.460,783,1
0.500,0.500,0.500,0.500,0.500,0.500,0.500,0.500,0.500,0.500,0.500,0.500,578,2
0.550,0.550,0.550,0.500,0.500,0.500,0.550,0.550,0.550,0.500,0.500,0.500,495,1
0.500,0.500,0.500,0.500,0.500,0.500,0.520,0.520,0.520,0.500,0.500,0.500,250,1
0.450,0.450,0.450,0.500,0.500,0.500,0.520,0.520,0.520,0.500,0.500,0.500,173,1
0.500,0.500,0.500,0.550,0.550,0.550,0.500,0.500,0.500,0.520,0.520,0.520,624,2
0.550,0.550,0.550,0.500,0.500,0.500,0.470,0.470,0.470,0.500,0.500,0.500,322,2
0.500,0.500,0.500,0.550,0.550,0.550,0.500,0.500,0.500,0.460,0.460,0.460,420,1
0.450,0.450,0.450,0.500,0.500,0.500,0.510,0.510,0.510,0.500,0.500,0.500,106,1
0.450,0.450,0.450,0.500,0.500,0.500,0.490,0.490,0.490,0.500,0.500,0.500,599,2
0.500,0.500,0.500,0.500,0.500,0.500,0.500,0.500,0.500,0.490,0.490,0.490,478,1
0.500,0.500,0.500,0.500,0.500,0.500,0.500,0.500,0.500,0.520,0.520,0.520,844,2
0.500,0.500,0.500,0.550,0.550,0.550,0.500,0.500,0.500,0.510,0.510,0.510,425,2
0.500,0.500,0.500,0.550,0.550,0.550,0.500,0.500,0.500,0.470,0.470,0.470,520,1
0.500,0.500,0.500,0.550,0.550,0.550,0.500,0.500,0.500,0.480,0.480,0.480,92,1
0.500,0.500,0.500,0.450,0.450,0.450,0.500,0.500,0.500,0.480,0.480,0.480,235,1
0.450,0.450,0.450,0.500,0.500,0.500,0.460,0.460,0.460,0.500,0.500,0.500,629,2
0.450,0.450,0.450,0.500,0.500,0.500,0.490,0.490,0.490,0.500,0.500,0.500,170,2
0.500,0.500,0.500,0.550,0.550,0.550,0.500,0.500,0.500,0.530,0.530,0.530,361,2
0.500,0.500,0.500,0.500,0.500,0.500,0.500,0.500,0.500,0.530,0.530,0.530,152,2
0.550,0.550,0.550,0.500,0.500,0.500,0.450,0.450,0.450,0.500,0.500,0.500,782,2
0.500,0.500,0.500,0.550,0.550,0.550,0.500,0.500,0.500,0.450,0.450,0.450,56,1
0.500,0.500,0.500,0.500,0.500,0.500,0.500,0.500,0.500,0.530,0.530,0.530,383,2
0.500,0.500,0.500,0.550,0.550,0.550,0.500,0.500,0.500,0.510,0.510,0.510,557,2
0.500,0.500,0.500,0.500,0.500,0.500,0.500,0.500,0.500,0.530,0.530,0.530,944,2
0.500,0.500,0.500,0.550,0.550,0.550,0.500,0.500,0.500,0.540,0.540,0.540,296,2
0.500,0.500,0.500,0.500,0.500,0.500,0.530,0.530,0.530,0.500,0.500,0.500,185,1
0.500,0.500,0.500,0.550,0.550,0.550,0.500,0.500,0.500,0.490,0.490,0.490,357,1
0.550,0.550,0.550,0.500,0.500,0.500,0.520,0.520,0.520,0.500,0.500,0.500,525,1
0.500,0.500,0.500,0.450,0.450,0.450,0.500,0.500,0.500,0.530,0.530,0.530,438,2
0.500,0.500,0.500,0.550,0.550,0.550,0.500,0.500,0.500,0.460,0.460,0.460,618,1
0.550,0.550,0.550,0.500,0.500,0.500,0.550,0.550,0.550,0.500,0.500,0.500,660,1
0.500,0.500,0.500,0.500,0.500,0.500,0.520,0.520,0.520,0.500,0.500,0.500,118,1
0.550,0.550,0.550,0.500,0.500,0.500,0.540,0.540,0.540,0.500,0.500,0.500,791,1
0.500,0.500,0.500,0.500,0.500,0.500,0.500,0.500,0.500,0.540,0.540,0.540,582,2
0.450,0.450,0.450,0.500,0.500,0.500,0.540,0.540,0.540,0.500,0.500,0.500,109,1
0.500,0.500,0.500,0.500,0.500,0.500,0.540,0.540,0.540,0.500,0.500,0.500,549,1
0.500,0.500,0.500,0.500,0.500,0.500,0.530,0.530,0.530,0.500,0.500,0.500,482,1
0.500,0.500,0.500,0.450,0.450,0.450,0.500,0.500,0.500,0.450,0.450,0.450,793,1
0.450,0.450,0.450,0.500,0.500,0.500,0.500,0.500,0.500,0.500,0.500,0.500,204,1
0.500,0.500,0.500,0.500,0.500,0.500,0.500,0.500,0.500,0.470,0.470,0.470,641,1
0.500,0.500,0.500,0.450,0.450,0.450,0.500,0.500,0.500,0.530,0.530,0.530,306,2
0.500,0.500,0.500,0.450,0.450,0.450,0.500,0.500,0.500,0.540,0.540,0.540,670,2
0.450,0.450,0.450,0.500,0.500,0.500,0.550,0.550,0.550,0.500,0.500,0.500,869,1
0.550,0.550,0.550,0.500,0.500,0.500,0.450,0.450,0.450,0.500,0.500,0.500,155,2
0.500,0.500,0.500,0.550,0.550,0.550,0.500,0.500,0.500,0.550,0.550,0.550,198,2
0.500,0.500,0.500,0.450,0.450,0.450,0.500,0.500,0.500,0.490,0.490,0.490,137,1
0.500,0.500,0.500,0.550,0.550,0.550,0.500,0.500,0.500,0.470,0.470,0.470,91,1
0.500,0.500,0.500,0.550,0.550,0.550,0.500,0.500,0.500,0.470,0.470,0.470,487,1
0.500,0.500,0.500,0.500,0.500,0.500,0.500,0.500,0.500,0.480,0.480,0.480,807,1
0.500,0.500,0.500,0.450,0.450,0.450,0.500,0.500,0.500,0.450,0.450,0.450,166,1
0.550,0.550,0.550,0.500,0.500,0.500,0.550,0.550,0.550,0.500,0.500,0.500,858,1
0.500,0.500,0.500,0.500,0.500,0.500,0.500,0.500,0.500,0.470,0.470,0.470,410,1
0.450,0.450,0.450,0.500,0.500,0.500,0.550,0.550,0.550,0.500,0.500,0.500,308,1
0.500,0.500,0.500,0.500,0.500,0.500,0.500,0.500,0.500,0.510,0.510,0.510,381,2
0.450,0.450,0.450,0.500,0.500,0.500,0.540,0.540,0.540,0.500,0.500,0.500,175,1
0.500,0.500,0.500,0.450,0.450,0.450,0.500,0.500,0.500,0.550,0.550,0.550,539,2
0.450,0.450,0.450,0.500,0.500,0.500,0.530,0.530,0.530,0.500,0.500,0.500,504,1
0.500,0.500,0.500,0.550,0.550,0.550,0.500,0.500,0.500,0.460,0.460,0.460,156,1
0.500,0.500,0.500,0.550,0.550,0.550,0.500,0.500,0.500,0.500,0.500,0.500,424,2
0.450,0.450,0.450,0.500,0.500,0.500,0.470,0.470,0.470,0.500,0.500,0.500,366,2
0.500,0.500,0.500,0.450,0.450,0.450,0.500,0.500,0.500,0.510,0.510,0.510,931,2
0.500,0.500,0.500,0.550,0.550,0.550,0.500,0.500,0.500,0.480,0.480,0.480,620,1
0.500,0.500,0.500,0.500,0.500,0.500,0.550,0.550,0.550,0.500,0.500,0.500,22,1
0.550,0.550,0.550,0.500,0.500,0.500,0.540,0.540,0.540,0.500,0.500,0.500,131,1
0.500,0.500,0.500,0.500,0.500,0.500,0.500,0.500,0.500,0.450,0.450,0.450,870,1
0.500,0.500,0.500,0.550,0.550,0.550,0.500,0.500,0.500,0.510,0.510,0.510,491,2
0.500,0.500,0.500,0.500,0.500,0.500,0.520,0.520,0.520,0.500,0.500,0.500,580,1
0.550,0.550,0.550,0.500,0.500,0.500,0.530,0.530,0.530,0.500,0.500,0.500,229,1
0.450,0.450,0.450,0.500,0.500,0.500,0.540,0.540,0.540,0.500,0.500,0.500,406,1
0.500,0.500,0.500,0.500,0.500,0.500,0.500,0.500,0.500,0.480,0.480,0.480,15,1
0.500,0.500,0.500,0.500,0.500,0.500,0.500,0.500,0.500,0.520,0.520,0.520,151,2
0.500,0.500,0.500,0.500,0.500,0.500,0.550,0.550,0.550,0.500,0.500,0.500,352,1
0.500,0.500,0.500,0.550,0.550,0.550,0.500,0.500,0.500,0.470,0.470,0.470,949,1
0.450,0.450,0.450,0.500,0.500,0.500,0.540,0.540,0.540,0.500,0.500,0.500,340,1
0.450,0.450,0.450,0.500,0.500,0.500,0.480,0.480,0.480,0.500,0.500,0.500,268,2
0.500,0.500,0.500,0.450,0.450,0.450,0.500,0.500,0.500,0.450,0.450,0.450,496,1
0.550,0.550,0.550,0.500,0.500,0.500,0.540,0.540,0.540,0.500,0.500,0.500,659,1
0.450,0.450,0.450,0.500,0.500,0.500,0.460,0.460,0.460,0.500,0.500,0.500,497,2
0.500,0.500,0.500,0.550,0.550,0.550,0.500,0.500,0.500,0.550,0.550,0.550,957,2
0.500,0.500,0.500,0.500,0.500,0.500,0.500,0.500,0.500,0.500,0.500,0.500,710,1
0.500,0.500,0.500,0.450,0.450,0.450,0.500,0.500,0.500,0.520,0.520,0.520,932,2
0.500,0.500,0.500,0.500,0.500,0.500,0.500,0.500,0.500,0.460,0.460,0.460,46,1
0.550,0.550,0.550,0.500,0.500,0.500,0.490,0.490,0.490,0.500,0.500,0.500,588,2
0.500,0.500,0.500,0.500,0.500,0.500,0.500,0.500,0.500,0.490,0.490,0.490,742,1
0.500,0.500,0.500,0.550,0.550,0.550,0.500,0.500,0.500,0.490,0.490,0.490,654,1
0.550,0.550,0.550,0.500,0.500,0.500,0.530,0.530,0.530,0.500,0.500,0.500,328,1
0.500,0.500,0.500,0.500,0.500,0.500,0.480,0.480,0.480,0.500,0.500,0.500,840,2
0.450,0.450,0.450,0.500,0.500,0.500,0.510,0.510,0.510,0.500,0.500,0.500,469,1
0.450,0.450,0.450,0.500,0.500,0.500,0.500,0.500,0.500,0.500,0.500,0.500,798,1
0.500,0.500,0.500,0.450,0.450,0.450,0.500,0.500,0.500,0.540,0.540,0.540,967,2
0.450,0.450,0.450,0.500,0.500,0.500,0.530,0.530,0.530,0.500,0.500,0.500,537,1
0.500,0.500,0.500,0.550,0.550,0.550,0.500,0.500,0.500,0.520,0.520,0.520,294,2
0.500,0.500,0.500,0.550,0.550,0.550,0.500,0.500,0.500,0.490,0.490,0.490,258,1
0.500,0.500,0.500,0.500,0.500,0.500,0.500,0.500,0.500,0.450,0.450,0.450,144,1
0.450,0.450,0.450,0.500,0.500,0.500,0.470,0.470,0.470,0.500,0.500,0.500,729,2
0.450,0.450,0.450,0.500,0.500,0.500,0.550,0.550,0.550,0.500,0.500,0.500,506,1
0.500,0.500,0.500,0.450,0.450,0.450,0.500,0.500,0.500,0.550,0.550,0.550,968,2
0.500,0.500,0.500,0.450,0.450,0.450,0.500,0.500,0.500,0.520,0.520,0.520,404,2
0.550,0.550,0.550,0.500,0.500,0.500,0.500,0.500,0.500,0.500,0.500,0.500,820,1
0.500,0.500,0.500,0.500,0.500,0.500,0.500,0.500,0.500,0.470,0.470,0.470,212,1
0.500,0.500,0.500,0.550,0.550,0.550,0.500,0.500,0.500,0.550,0.550,0.550,264,2
0.450,0.450,0.450,0.500,0.500,0.500,0.540,0.540,0.540,0.500,0.500,0.500,571,1
0.500,0.500,0.500,0.500,0.500,0.500,0.500,0.500,0.500,0.450,0.450,0.450,111,1
0.500,0.500,0.500,0.500,0.500,0.500,0.500,0.500,0.500,0.500,0.500,0.500,512,2
0.500,0.500,0.500,0.500,0.500,0.500,0.550,0.550,0.550,0.500,0.500,0.500,913,1
0.500,0.500,0.500,0.550,0.550,0.550,0.500,0.500,0.500,0.520,0.520,0.520,96,2
0.500,0.500,0.500,0.550,0.550,0.550,0.500,0.500,0.500,0.490,0.490,0.490,489,1
0.500,0.500,0.500,0.450,0.450,0.450,0.500,0.500,0.500,0.470,0.470,0.470,69,1
0.500,0.500,0.500,0.450,0.450,0.450,0.500,0.500,0.500,0.520,0.520,0.520,536,2
0.500,0.500,0.500,0.550,0.550,0.550,0.500,0.500,0.500,0.450,0.450,0.450,683,1
0.550,0.550,0.550,0.500,0.500,0.500,0.500,0.500,0.500,0.500,0.500,0.500,952,1
0.500,0.500,0.500,0.550,0.550,0.550,0.500,0.500,0.500,0.490,0.490,0.490,291,1
0.500,0.500,0.500,0.550,0.550,0.550,0.500,0.500,0.500,0.550,0.550,0.550,33,2
0.500,0.500,0.500,0.500,0.500,0.500,0.530,0.530,0.530,0.500,0.500,0.500,416,1
0.550,0.550,0.550,0.500,0.500,0.500,0.500,0.500,0.500,0.500,0.500,0.500,490,1
0.450,0.450,0.450,0.500,0.500,0.500,0.510,0.510,0.510,0.500,0.500,0.500,601,1
0.500,0.500,0.500,0.500,0.500,0.500,0.500,0.500,0.500,0.480,0.480,0.480,741,1
0.500,0.500,0.500,0.500,0.500,0.500,0.500,0.500,0.500,0.450,0.450,0.450,903,1
0.500,0.500,0.500,0.450,0.450,0.450,0.500,0.500,0.500,0.520,0.520,0.520,734,2
0.500,0.500,0.500,0.500,0.500,0.500,0.460,0.460,0.460,0.500,0.500,0.500,112,2
0.500,0.500,0.500,0.450,0.450,0.450,0.500,0.500,0.500,0.530,0.530,0.530,405,2
0.500,0.500,0.500,0.500,0.500,0.500,0.540,0.540,0.540,0.500,0.500,0.500,384,1
0.500,0.500,0.500,0.550,0.550,0.550,0.500,0.500,0.500,0.490,0.490,0.490,621,1
0.450,0.450,0.450,0.500,0.500,0.500,0.540,0.540,0.540,0.500,0.500,0.500,241,1
0.500,0.500,0.500,0.500,0.500,0.500,0.500,0.500,0.500,0.500,0.500,0.500,281,2
0.550,0.550,0.550,0.500,0.500,0.500,0.550,0.550,0.550,0.500,0.500,0.500,165,1
0.500,0.500,0.500,0.550,0.550,0.550,0.500,0.500,0.500,0.500,0.500,0.500,391,2
0.500,0.500,0.500,0.550,0.550,0.550,0.500,0.500,0.500,0.510,0.510,0.510,227,2
0.500,0.500,0.500,0.550,0.550,0.550,0.500,0.500,0.500,0.540,0.540,0.540,956,2
0.500,0.500,0.500,0.550,0.550,0.550,0.500,0.500,0.500,0.450,0.450,0.450,386,1
0.500,0.500,0.500,0.550,0.550,0.550,0.500,0.500,0.500,0.460,0.460,0.460,585,1
0.500,0.500,0.500,0.450,0.450,0.450,0.500,0.500,0.500,0.460,0.460,0.460,200,1
0.500,0.500,0.500,0.500,0.500,0.500,0.470,0.470,0.470,0.500,0.500,0.500,377,2
0.450,0.450,0.450,0.500,0.500,0.500,0.500,0.500,0.500,0.500,0.500,0.500,567,1
0.500,0.500,0.500,0.550,0.550,0.550,0.500,0.500,0.500,0.460,0.460,0.460,684,1
0.450,0.450,0.450,0.500,0.500,0.500,0.510,0.510,0.510,0.500,0.500,0.500,799,1
0.450,0.450,0.450,0.500,0.500,0.500,0.470,0.470,0.470,0.500,0.500,0.500,960,2
0.500,0.500,0.500,0.550,0.550,0.550,0.500,0.500,0.500,0.460,0.460,0.460,123,1
0.550,0.550,0.550,0.500,0.500,0.500,0.530,0.530,0.530,0.500,0.500,0.500,97,1
0.450,0.450,0.450,0.500,0.500,0.500,0.540,0.540,0.540,0.500,0.500,0.500,901,1
0.500,0.500,0.500,0.450,0.450,0.450,0.500,0.500,0.500,0.500,0.500,0.500,831,2
0.450,0.450,0.450,0.500,0.500,0.500,0.460,0.460,0.460,0.500,0.500,0.500,794,2
0.550,0.550,0.550,0.500,0.500,0.500,0.520,0.520,0.520,0.500,0.500,0.500,129,1
0.500,0.500,0.500,0.550,0.550,0.550,0.500,0.500,0.500,0.530,0.530,0.530,592,2
0.500,0.500,0.500,0.500,0.500,0.500,0.500,0.500,0.500,0.540,0.540,0.540,912,2
0.550,0.550,0.550,0.500,0.500,0.500,0.530,0.530,0.530,0.500,0.500,0.500,691,1
0.500,0.500,0.500,0.550,0.550,0.550,0.500,0.500,0.500,0.450,0.450,0.450,551,1
0.500,0.500,0.500,0.550,0.550,0.550,0.500,0.500,0.500,0.480,0.480,0.480,257,1
0.500,0.500,0.500,0.500,0.500,0.500,0.500,0.500,0.500,0.510,0.510,0.510,282,2
0.500,0.500,0.500,0.550,0.550,0.550,0.500,0.500,0.500,0.550,0.550,0.550,132,2
0.500,0.500,0.500,0.550,0.550,0.550,0.500,0.500,0.500,0.500,0.500,0.500,226,2
0.450,0.450,0.450,0.500,0.500,0.500,0.500,0.500,0.500,0.500,0.500,0.500,138,1
0.500,0.500,0.500,0.500,0.500,0.500,0.480,0.480,0.480,0.500,0.500,0.500,180,2
0.500,0.500,0.500,0.500,0.500,0.500,0.500,0.500,0.500,0.500,0.500,0.500,248,2
0.500,0.500,0.500,0.500,0.500,0.500,0.540,0.540,0.540,0.500,0.500,0.500,615,1
0.500,0.500,0.500,0.450,0.450,0.450,0.500,0.500,0.500,0.490,0.490,0.490,269,1
0.500,0.500,0.500,0.500,0.500,0.500,0.500,0.500,0.500,0.550,0.550,0.550,715,2
0.550,0.550,0.550,0.500,0.500,0.500,0.530,0.530,0.530,0.500,0.500,0.500,427,1
0.550,0.550,0.550,0.500,0.500,0.500,0.550,0.550,0.550,0.500,0.500,0.500,231,1
0.550,0.550,0.550,0.500,0.500,0.500,0.550,0.550,0.550,0.500,0.500,0.500,363,1
0.500,0.500,0.500,0.500,0.500,0.500,0.500,0.500,0.500,0.500,0.500,0.500,908,1
0.500,0.500,0.500,0.550,0.550,0.550,0.500,0.500,0.500,0.480,0.480,0.480,389,1
0.500,0.500,0.500,0.550,0.550,0.550,0.500,0.500,0.500,0.540,0.540,0.540,230,2
0.500,0.500,0.500,0.500,0.500,0.500,0.500,0.500,0.500,0.470,0.470,0.470,773,1
0.500,0.500,0.500,0.550,0.550,0.550,0.500,0.500,0.500,0.520,0.520,0.520,888,2
0.500,0.500,0.500,0.500,0.500,0.500,0.500,0.500,0.500,0.450,0.450,0.450,45,1
0.550,0.550,0.550,0.500,0.500,0.500,0.550,0.550,0.550,0.500,0.500,0.500,396,1
0.500,0.500,0.500,0.500,0.500,0.500,0.500,0.500,0.500,0.520,0.520,0.520,415,2
0.500,0.500,0.500,0.450,0.450,0.450,0.500,0.500,0.500,0.520,0.520,0.520,338,2
0.450,0.450,0.450,0.500,0.500,0.500,0.490,0.490,0.490,0.500,0.500,0.500,104,2
0.500,0.500,0.500,0.500,0.500,0.500,0.540,0.540,0.540,0.500,0.500,0.500,219,1
0.500,0.500,0.500,0.450,0.450,0.450,0.500,0.500,0.500,0.460,0.460,0.460,299,1
0.450,0.450,0.450,0.500,0.500,0.500,0.490,0.490,0.490,0.500,0.500,0.500,533,2
0.550,0.550,0.550,0.500,0.500,0.500,0.480,0.480,0.480,0.500,0.500,0.500,983,2
0.500,0.500,0.500,0.450,0.450,0.450,0.500,0.500,0.500,0.480,0.480,0.480,202,1
0.450,0.450,0.450,0.500,0.500,0.500,0.530,0.530,0.530,0.500,0.500,0.500,9,1
0.500,0.500,0.500,0.450,0.450,0.450,0.500,0.500,0.500,0.470,0.470,0.470,333,1
0.500,0.500,0.500,0.500,0.500,0.500,0.500,0.500,0.500,0.500,0.500,0.500,347,2
0.500,0.500,0.500,0.500,0.500,0.500,0.480,0.480,0.480,0.500,0.500,0.500,708,2
0.500,0.500,0.500,0.550,0.550,0.550,0.500,0.500,0.500,0.520,0.520,0.520,327,2
0.550,0.550,0.550,0.500,0.500,0.500,0.490,0.490,0.490,0.500,0.500,0.500,885,2
0.500,0.500,0.500,0.550,0.550,0.550,0.500,0.500,0.500,0.490,0.490,0.490,819,1
0.500,0.500,0.500,0.500,0.500,0.500,0.500,0.500,0.500,0.450,0.450,0.450,177,1
0.500,0.500,0.500,0.450,0.450,0.450,0.500,0.500,0.500,0.500,0.500,0.500,963,2
0.500,0.500,0.500,0.450,0.450,0.450,0.500,0.500,0.500,0.550,0.550,0.550,572,2
0.500,0.500,0.500,0.450,0.450,0.450,0.500,0.500,0.500,0.460,0.460,0.460,530,1
0.450,0.450,0.450,0.500,0.500,0.500,0.460,0.460,0.460,0.500,0.500,0.500,860,2
0.500,0.500,0.500,0.550,0.550,0.550,0.500,0.500,0.500,0.480,0.480,0.480,323,1
0.550,0.550,0.550,0.500,0.500,0.500,0.460,0.460,0.460,0.500,0.500,0.500,915,2
0.500,0.500,0.500,0.500,0.500,0.500,0.490,0.490,0.490,0.500,0.500,0.500,841,2
0.500,0.500,0.500,0.450,0.450,0.450,0.500,0.500,0.500,0.530,0.530,0.530,834,2
0.500,0.500,0.500,0.500,0.500,0.500,0.500,0.500,0.500,0.500,0.500,0.500,545,1
0.450,0.450,0.450,0.500,0.500,0.500,0.510,0.510,0.510,0.500,0.500,0.500,436,1
0.450,0.450,0.450,0.500,0.500,0.500,0.510,0.510,0.510,0.500,0.500,0.500,337,1
0.500,0.500,0.500,0.550,0.550,0.550,0.500,0.500,0.500,0.520,0.520,0.520,789,2
0.450,0.450,0.450,0.500,0.500,0.500,0.450,0.450,0.450,0.500,0.500,0.500,826,2
0.500,0.500,0.500,0.450,0.450,0.450,0.500,0.500,0.500,0.520,0.520,0.520,239,2
0.450,0.450,0.450,0.500,0.500,0.500,0.490,0.490,0.490,0.500,0.500,0.500,797,2
0.500,0.500,0.500,0.500,0.500,0.500,0.500,0.500,0.500,0.520,0.520,0.520,316,2
0.500,0.500,0.500,0.550,0.550,0.550,0.500,0.500,0.500,0.510,0.510,0.510,788,2
0.500,0.500,0.500,0.500,0.500,0.500,0.500,0.500,0.500,0.500,0.500,0.500,974,1
0.500,0.500,0.500,0.450,0.450,0.450,0.500,0.500,0.500,0.550,0.550,0.550,605,2
0.550,0.550,0.550,0.500,0.500,0.500,0.530,0.530,0.530,0.500,0.500,0.500,295,1
0.500,0.500,0.500,0.450,0.450,0.450,0.500,0.500,0.500,0.460,0.460,0.460,134,1
0.550,0.550,0.550,0.500,0.500,0.500,0.520,0.520,0.520,0.500,0.500,0.500,921,1
0.500,0.500,0.500,0.550,0.550,0.550,0.500,0.500,0.500,0.550,0.550,0.550,825,2
0.450,0.450,0.450,0.500,0.500,0.500,0.530,0.530,0.530,0.500,0.500,0.500,900,1
0.450,0.450,0.450,0.500,0.500,0.500,0.490,0.490,0.490,0.500,0.500,0.500,71,2
0.500,0.500,0.500,0.500,0.500,0.500,0.500,0.500,0.500,0.500,0.500,0.500,182,1
0.500,0.500,0.500,0.550,0.550,0.550,0.500,0.500,0.500,0.530,0.530,0.530,757,2
0.500,0.500,0.500,0.450,0.450,0.450,0.500,0.500,0.500,0.530,0.530,0.530,702,2
0.500,0.500,0.500,0.550,0.550,0.550,0.500,0.500,0.500,0.470,0.470,0.470,289,1
0.550,0.550,0.550,0.500,0.500,0.500,0.510,0.510,0.510,0.500,0.500,0.500,689,1
0.450,0.450,0.450,0.500,0.500,0.500,0.480,0.480,0.480,0.500,0.500,0.500,136,2
0.500,0.500,0.500,0.500,0.500,0.500,0.550,0.550,0.550,0.500,0.500,0.500,880,1
0.500,0.500,0.500,0.500,0.500,0.500,0.480,0.480,0.480,0.500,0.500,0.500,246,2
0.500,0.500,0.500,0.450,0.450,0.450,0.500,0.500,0.500,0.450,0.450,0.450,892,1
0.500,0.500,0.500,0.550,0.550,0.550,0.500,0.500,0.500,0.510,0.510,0.510,656,2
0.500,0.500,0.500,0.500,0.500,0.500,0.500,0.500,0.500,0.470,0.470,0.470,443,1
0.450,0.450,0.450,0.500,0.500,0.500,0.480,0.480,0.480,0.500,0.500,0.500,763,2
0.500,0.500,0.500,0.550,0.550,0.550,0.500,0.500,0.500,0.490,0.490,0.490,786,1
0.500,0.500,0.500,0.450,0.450,0.450,0.500,0.500,0.500,0.490,0.490,0.490,368,1
0.500,0.500,0.500,0.500,0.500,0.500,0.500,0.500,0.500,0.480,0.480,0.480,147,1
0.500,0.500,0.500,0.450,0.450,0.450,0.500,0.500,0.500,0.450,0.450,0.450,595,1
0.450,0.450,0.450,0.500,0.500,0.500,0.510,0.510,0.510,0.500,0.500,0.500,700,1
0.550,0.550,0.550,0.500,0.500,0.500,0.450,0.450,0.450,0.500,0.500,0.500,947,2
0.500,0.500,0.500,0.450,0.450,0.450,0.500,0.500,0.500,0.550,0.550,0.550,209,2
0.500,0.500,0.500,0.550,0.550,0.550,0.500,0.500,0.500,0.500,0.500,0.500,292,2
0.500,0.500,0.500,0.500,0.500,0.500,0.500,0.500,0.500,0.470,0.470,0.470,509,1
0.500,0.500,0.500,0.550,0.550,0.550,0.500,0.500,0.500,0.480,0.480,0.480,488,1
0.500,0.500,0.500,0.500,0.500,0.500,0.450,0.450,0.450,0.500,0.500,0.500,276,2
0.450,0.450,0.450,0.500,0.500,0.500,0.460,0.460,0.460,0.500,0.500,0.500,68,2
0.500,0.500,0.500,0.500,0.500,0.500,0.500,0.500,0.500,0.460,0.460,0.460,244,1
0.500,0.500,0.500,0.500,0.500,0.500,0.470,0.470,0.470,0.500,0.500,0.500,47,2
0.500,0.500,0.500,0.500,0.500,0.500,0.460,0.460,0.460,0.500,0.500,0.500,706,2
0.550,0.550,0.550,0.500,0.500,0.500,0.460,0.460,0.460,0.500,0.500,0.500,486,2
0.550,0.550,0.550,0.500,0.500,0.500,0.500,0.500,0.500,0.500,0.500,0.500,127,1
0.550,0.550,0.550,0.500,0.500,0.500,0.520,0.520,0.520,0.500,0.500,0.500,558,1
0.500,0.500,0.500,0.550,0.550,0.550,0.500,0.500,0.500,0.470,0.470,0.470,883,1
0.500,0.500,0.500,0.500,0.500,0.500,0.500,0.500,0.500,0.450,0.450,0.450,342,1
0.550,0.550,0.550,0.500,0.500,0.500,0.510,0.510,0.510,0.500,0.500,0.500,62,1
0.500,0.500,0.500,0.550,0.550,0.550,0.500,0.500,0.500,0.530,0.530,0.530,526,2
0.500,0.500,0.500,0.550,0.550,0.550,0.500,0.500,0.500,0.450,0.450,0.450,122,1
0.500,0.500,0.500,0.500,0.500,0.500,0.500,0.500,0.500,0.540,0.540,0.540,153,2
0.550,0.550,0.550,0.500,0.500,0.500,0.510,0.510,0.510,0.500,0.500,0.500,854,1
0.500,0.500,0.500,0.500,0.500,0.500,0.460,0.460,0.460,0.500,0.500,0.500,970,2
0.500,0.500,0.500,0.500,0.500,0.500,0.500,0.500,0.500,0.520,0.520,0.520,679,2
0.500,0.500,0.500,0.500,0.500,0.500,0.510,0.510,0.510,0.500,0.500,0.500,447,1
0.500,0.500,0.500,0.450,0.450,0.450,0.500,0.500,0.500,0.480,0.480,0.480,631,1
0.450,0.450,0.450,0.500,0.500,0.500,0.520,0.520,0.520,0.500,0.500,0.500,41,1
0.500,0.500,0.500,0.450,0.450,0.450,0.500,0.500,0.500,0.490,0.490,0.490,203,1
0.550,0.550,0.550,0.500,0.500,0.500,0.480,0.480,0.480,0.500,0.500,0.500,422,2
0.500,0.500,0.500,0.500,0.500,0.500,0.490,0.490,0.490,0.500,0.500,0.500,511,2
0.500,0.500,0.500,0.500,0.500,0.500,0.500,0.500,0.500,0.490,0.490,0.490,82,1
0.500,0.500,0.500,0.500,0.500,0.500,0.500,0.500,0.500,0.500,0.500,0.500,83,1
0.550,0.550,0.550,0.500,0.500,0.500,0.530,0.530,0.530,0.500,0.500,0.500,955,1
0.500,0.500,0.500,0.550,0.550,0.550,0.500,0.500,0.500,0.510,0.510,0.510,95,2
0.450,0.450,0.450,0.500,0.500,0.500,0.500,0.500,0.500,0.500,0.500,0.500,765,1
0.500,0.500,0.500,0.500,0.500,0.500,0.500,0.500,0.500,0.530,0.530,0.530,614,2
0.500,0.500,0.500,0.450,0.450,0.450,0.500,0.500,0.500,0.510,0.510,0.510,271,2
0.550,0.550,0.550,0.500,0.500,0.500,0.520,0.520,0.520,0.500,0.500,0.500,228,1
0.550,0.550,0.550,0.500,0.500,0.500,0.550,0.550,0.550,0.500,0.500,0.500,330,1
0.550,0.550,0.550,0.500,0.500,0.500,0.500,0.500,0.500,0.500,0.500,0.500,457,1
0.500,0.500,0.500,0.550,0.550,0.550,0.500,0.500,0.500,0.470,0.470,0.470,355,1
0.500,0.500,0.500,0.500,0.500,0.500,0.500,0.500,0.500,0.500,0.500,0.500,809,2
0.500,0.500,0.500,0.500,0.500,0.500,0.500,0.500,0.500,0.460,0.460,0.460,805,1
0.450,0.450,0.450,0.500,0.500,0.500,0.540,0.540,0.540,0.500,0.500,0.500,802,1
0.500,0.500,0.500,0.550,0.550,0.550,0.500,0.500,0.500,0.510,0.510,0.510,755,2
0.500,0.500,0.500,0.500,0.500,0.500,0.500,0.500,0.500,0.450,0.450,0.450,606,1
0.500,0.500,0.500,0.500,0.500,0.500,0.540,0.540,0.540,0.500,0.500,0.500,714,1
0.500,0.500,0.500,0.500,0.500,0.500,0.500,0.500,0.500,0.510,0.510,0.510,909,2
0.500,0.500,0.500,0.500,0.500,0.500,0.500,0.500,0.500,0.460,0.460,0.460,343,1
0.550,0.550,0.550,0.500,0.500,0.500,0.510,0.510,0.510,0.500,0.500,0.500,458,1
0.500,0.500,0.500,0.550,0.550,0.550,0.500,0.500,0.500,0.500,0.500,0.500,94,2
0.500,0.500,0.500,0.450,0.450,0.450,0.500,0.500,0.500,0.550,0.550,0.550,935,2
0.500,0.500,0.500,0.550,0.550,0.550,0.500,0.500,0.500,0.530,0.530,0.530,196,2
0.500,0.500,0.500,0.450,0.450,0.450,0.500,0.500,0.500,0.470,0.470,0.470,432,1
0.500,0.500,0.500,0.500,0.500,0.500,0.500,0.500,0.500,0.490,0.490,0.490,214,1
0.500,0.500,0.500,0.500,0.500,0.500,0.490,0.490,0.490,0.500,0.500,0.500,610,2
0.500,0.500,0.500,0.500,0.500,0.500,0.500,0.500,0.500,0.550,0.550,0.550,517,2
0.500,0.500,0.500,0.550,0.550,0.550,0.500,0.500,0.500,0.540,0.540,0.540,692,2
0.450,0.450,0.450,0.500,0.500,0.500,0.520,0.520,0.520,0.500,0.500,0.500,899,1
0.500,0.500,0.500,0.500,0.500,0.500,0.500,0.500,0.500,0.490,0.490,0.490,412,1
0.450,0.450,0.450,0.500,0.500,0.500,0.500,0.500,0.500,0.500,0.500,0.500,402,1
0.500,0.500,0.500,0.500,0.500,0.500,0.500,0.500,0.500,0.550,0.550,0.550,484,2
0.500,0.500,0.500,0.500,0.500,0.500,0.500,0.500,0.500,0.490,0.490,0.490,643,1
0.500,0.500,0.500,0.450,0.450,0.450,0.500,0.500,0.500,0.460,0.460,0.460,167,1
0.500,0.500,0.500,0.500,0.500,0.500,0.460,0.460,0.460,0.500,0.500,0.500,508,2
0.450,0.450,0.450,0.500,0.500,0.500,0.550,0.550,0.550,0.500,0.500,0.500,671,1
0.500,0.500,0.500,0.550,0.550,0.550,0.500,0.500,0.500,0.520,0.520,0.520,822,2
0.500,0.500,0.500,0.500,0.500,0.500,0.530,0.530,0.530,0.500,0.500,0.500,449,1
0.500,0.500,0.500,0.500,0.500,0.500,0.500,0.500,0.500,0.450,0.450,0.450,474,1
0.500,0.500,0.500,0.550,0.550,0.550,0.500,0.500,0.500,0.520,0.520,0.520,30,2
0.500,0.500,0.500,0.500,0.500,0.500,0.450,0.450,0.450,0.500,0.500,0.500,771,2
0.500,0.500,0.500,0.500,0.500,0.500,0.520,0.520,0.520,0.500,0.500,0.500,19,1
0.550,0.550,0.550,0.500,0.500,0.500,0.490,0.490,0.490,0.500,0.500,0.500,753,2
0.450,0.450,0.450,0.500,0.500,0.500,0.520,0.520,0.520,0.500,0.500,0.500,74,1
0.500,0.500,0.500,0.500,0.500,0.500,0.490,0.490,0.490,0.500,0.500,0.500,874,2
0.550,0.550,0.550,0.500,0.500,0.500,0.450,0.450,0.450,0.500,0.500,0.500,518,2
0.550,0.550,0.550,0.500,0.500,0.500,0.460,0.460,0.460,0.500,0.500,0.500,552,2
0.500,0.500,0.500,0.550,0.550,0.550,0.500,0.500,0.500,0.450,0.450,0.450,716,1
0.500,0.500,0.500,0.450,0.450,0.450,0.500,0.500,0.500,0.460,0.460,0.460,959,1
0.500,0.500,0.500,0.450,0.450,0.450,0.500,0.500,0.500,0.540,0.540,0.540,505,2
0.500,0.500,0.500,0.500,0.500,0.500,0.500,0.500,0.500,0.460,0.460,0.460,178,1
0.450,0.450,0.450,0.500,0.500,0.500,0.550,0.550,0.550,0.500,0.500,0.500,374,1
0.500,0.500,0.500,0.450,0.450,0.450,0.500,0.500,0.500,0.500,0.500,0.500,864,2
0.500,0.500,0.500,0.500,0.500,0.500,0.540,0.540,0.540,0.500,0.500,0.500,780,1
0.550,0.550,0.550,0.500,0.500,0.500,0.450,0.450,0.450,0.500,0.500,0.500,881,2
0.550,0.550,0.550,0.500,0.500,0.500,0.460,0.460,0.460,0.500,0.500,0.500,288,2
0.500,0.500,0.500,0.500,0.500,0.500,0.540,0.540,0.540,0.500,0.500,0.500,417,1
0.550,0.550,0.550,0.500,0.500,0.500,0.500,0.500,0.500,0.500,0.500,0.500,688,1
0.500,0.500,0.500,0.500,0.500,0.500,0.500,0.500,0.500,0.520,0.520,0.520,514,2
0.500,0.500,0.500,0.450,0.450,0.450,0.500,0.500,0.500,0.530,0.530,0.530,636,2
0.450,0.450,0.450,0.500,0.500,0.500,0.460,0.460,0.460,0.500,0.500,0.500,365,2
0.550,0.550,0.550,0.500,0.500,0.500,0.480,0.480,0.480,0.500,0.500,0.500,686,2
0.500,0.500,0.500,0.500,0.500,0.500,0.500,0.500,0.500,0.470,0.470,0.470,278,1
0.500,0.500,0.500,0.500,0.500,0.500,0.500,0.500,0.500,0.450,0.450,0.450,408,1
0.550,0.550,0.550,0.500,0.500,0.500,0.550,0.550,0.550,0.500,0.500,0.500,561,1
0.450,0.450,0.450,0.500,0.500,0.500,0.480,0.480,0.480,0.500,0.500,0.500,664,2
0.500,0.500,0.500,0.450,0.450,0.450,0.500,0.500,0.500,0.450,0.450,0.450,529,1
0.500,0.500,0.500,0.500,0.500,0.500,0.500,0.500,0.500,0.450,0.450,0.450,705,1
0.500,0.500,0.500,0.500,0.500,0.500,0.500,0.500,0.500,0.520,0.520,0.520,52,2
0.450,0.450,0.450,0.500,0.500,0.500,0.500,0.500,0.500,0.500,0.500,0.500,237,1
0.500,0.500,0.500,0.500,0.500,0.500,0.500,0.500,0.500,0.550,0.550,0.550,319,2
0.500,0.500,0.500,0.500,0.500,0.500,0.450,0.450,0.450,0.500,0.500,0.500,243,2
0.500,0.500,0.500,0.500,0.500,0.500,0.460,0.460,0.460,0.500,0.500,0.500,475,2
0.500,0.500,0.500,0.500,0.500,0.500,0.500,0.500,0.500,0.550,0.550,0.550,682,2
0.500,0.500,0.500,0.550,0.550,0.550,0.500,0.500,0.500,0.490,0.490,0.490,687,1
0.550,0.550,0.550,0.500,0.500,0.500,0.460,0.460,0.460,0.500,0.500,0.500,453,2
0.500,0.500,0.500,0.500,0.500,0.500,0.500,0.500,0.500,0.520,0.520,0.520,613,2
0.550,0.550,0.550,0.500,0.500,0.500,0.500,0.500,0.500,0.500,0.500,0.500,589,1
0.500,0.500,0.500,0.500,0.500,0.500,0.500,0.500,0.500,0.490,0.490,0.490,115,1
0.450,0.450,0.450,0.500,0.500,0.500,0.450,0.450,0.450,0.500,0.500,0.500,760,2
0.500,0.500,0.500,0.500,0.500,0.500,0.500,0.500,0.500,0.550,0.550,0.550,781,2
0.500,0.500,0.500,0.550,0.550,0.550,0.500,0.500,0.500,0.530,0.530,0.530,130,2
0.500,0.500,0.500,0.500,0.500,0.500,0.500,0.500,0.500,0.490,0.490,0.490,16,1
0.550,0.550,0.550,0.500,0.500,0.500,0.520,0.520,0.520,0.500,0.500,0.500,393,1
0.500,0.500,0.500,0.500,0.500,0.500,0.500,0.500,0.500,0.460,0.460,0.460,376,1
0.500,0.500,0.500,0.500,0.500,0.500,0.460,0.460,0.460,0.500,0.500,0.500,541,2
0.450,0.450,0.450,0.500,0.500,0.500,0.530,0.530,0.530,0.500,0.500,0.500,471,1
0.450,0.450,0.450,0.500,0.500,0.500,0.480,0.480,0.480,0.500,0.500,0.500,598,2
0.500,0.500,0.500,0.550,0.550,0.550,0.500,0.500,0.500,0.450,0.450,0.450,584,1
0.500,0.500,0.500,0.500,0.500,0.500,0.520,0.520,0.520,0.500,0.500,0.500,778,1
0.550,0.550,0.550,0.500,0.500,0.500,0.490,0.490,0.490,0.500,0.500,0.500,852,2
0.500,0.500,0.500,0.550,0.550,0.550,0.500,0.500,0.500,0.460,0.460,0.460,882,1
0.450,0.450,0.450,0.500,0.500,0.500,0.450,0.450,0.450,0.500,0.500,0.500,562,2
0.500,0.500,0.500,0.500,0.500,0.500,0.500,0.500,0.500,0.500,0.500,0.500,413,1
0.550,0.550,0.550,0.500,0.500,0.500,0.550,0.550,0.550,0.500,0.500,0.500,66,1
0.450,0.450,0.450,0.500,0.500,0.500,0.450,0.450,0.450,0.500,0.500,0.500,859,2
0.450,0.450,0.450,0.500,0.500,0.500,0.450,0.450,0.450,0.500,0.500,0.500,694,2
0.500,0.500,0.500,0.550,0.550,0.550,0.500,0.500,0.500,0.500,0.500,0.500,61,2
0.550,0.550,0.550,0.500,0.500,0.500,0.460,0.460,0.460,0.500,0.500,0.500,849,2
0.550,0.550,0.550,0.500,0.500,0.500,0.510,0.510,0.510,0.500,0.500,0.500,986,1
0.500,0.500,0.500,0.450,0.450,0.450,0.500,0.500,0.500,0.520,0.520,0.520,470,2
0.500,0.500,0.500,0.500,0.500,0.500,0.480,0.480,0.480,0.500,0.500,0.500,378,2
0.500,0.500,0.500,0.500,0.500,0.500,0.500,0.500,0.500,0.550,0.550,0.550,88,2
0.500,0.500,0.500,0.550,0.550,0.550,0.500,0.500,0.500,0.480,0.480,0.480,950,1
0.500,0.500,0.500,0.500,0.500,0.500,0.500,0.500,0.500,0.470,0.470,0.470,872,1
0.500,0.500,0.500,0.500,0.500,0.500,0.500,0.500,0.500,0.470,0.470,0.470,113,1
0.450,0.450,0.450,0.500,0.500,0.500,0.500,0.500,0.500,0.500,0.500,0.500,501,1
0.450,0.450,0.450,0.500,0.500,0.500,0.470,0.470,0.470,0.500,0.500,0.500,531,2
0.500,0.500,0.500,0.500,0.500,0.500,0.520,0.520,0.520,0.500,0.500,0.500,448,1
0.450,0.450,0.450,0.500,0.500,0.500,0.540,0.540,0.540,0.500,0.500,0.500,703,1
0.450,0.450,0.450,0.500,0.500,0.500,0.450,0.450,0.450,0.500,0.500,0.500,727,2
0.500,0.500,0.500,0.450,0.450,0.450,0.500,0.500,0.500,0.450,0.450,0.450,67,1
0.500,0.500,0.500,0.500,0.500,0.500,0.530,0.530,0.530,0.500,0.500,0.500,746,1
0.500,0.500,0.500,0.550,0.550,0.550,0.500,0.500,0.500,0.470,0.470,0.470,454,1
0.500,0.500,0.500,0.500,0.500,0.500,0.500,0.500,0.500,0.500,0.500,0.500,611,1
0.500,0.500,0.500,0.450,0.450,0.450,0.500,0.500,0.500,0.500,0.500,0.500,534,2
0.500,0.500,0.500,0.550,0.550,0.550,0.500,0.500,0.500,0.470,0.470,0.470,256,1
0.500,0.500,0.500,0.500,0.500,0.500,0.530,0.530,0.530,0.500,0.500,0.500,317,1
0.500,0.500,0.500,0.500,0.500,0.500,0.500,0.500,0.500,0.520,0.520,0.520,283,2
0.500,0.500,0.500,0.500,0.500,0.500,0.500,0.500,0.500,0.550,0.550,0.550,154,2
0.500,0.500,0.500,0.550,0.550,0.550,0.500,0.500,0.500,0.470,0.470,0.470,58,1
0.500,0.500,0.500,0.500,0.500,0.500,0.450,0.450,0.450,0.500,0.500,0.500,375,2
0.500,0.500,0.500,0.500,0.500,0.500,0.480,0.480,0.480,0.500,0.500,0.500,444,2
0.450,0.450,0.450,0.500,0.500,0.500,0.550,0.550,0.550,0.500,0.500,0.500,242,1
0.500,0.500,0.500,0.450,0.450,0.450,0.500,0.500,0.500,0.480,0.480,0.480,301,1
0.450,0.450,0.450,0.500,0.500,0.500,0.510,0.510,0.510,0.500,0.500,0.500,205,1
0.550,0.550,0.550,0.500,0.500,0.500,0.490,0.490,0.490,0.500,0.500,0.500,93,2
0.500,0.500,0.500,0.500,0.500,0.500,0.500,0.500,0.500,0.480,0.480,0.480,114,1
0.500,0.500,0.500,0.450,0.450,0.450,0.500,0.500,0.500,0.460,0.460,0.460,563,1
0.450,0.450,0.450,0.500,0.500,0.500,0.460,0.460,0.460,0.500,0.500,0.500,35,2
0.500,0.500,0.500,0.450,0.450,0.450,0.500,0.500,0.500,0.480,0.480,0.480,961,1
0.500,0.500,0.500,0.450,0.450,0.450,0.500,0.500,0.500,0.540,0.540,0.540,439,2
0.450,0.450,0.450,0.500,0.500,0.500,0.450,0.450,0.450,0.500,0.500,0.500,364,2
0.500,0.500,0.500,0.550,0.550,0.550,0.500,0.500,0.500,0.480,0.480,0.480,191,1
0.450,0.450,0.450,0.500,0.500,0.500,0.480,0.480,0.480,0.500,0.500,0.500,4,2
0.500,0.500,0.500,0.450,0.450,0.450,0.500,0.500,0.500,0.520,0.520,0.520,965,2
0.500,0.500,0.500,0.500,0.500,0.500,0.500,0.500,0.500,0.520,0.520,0.520,382,2
0.500,0.500,0.500,0.500,0.500,0.500,0.460,0.460,0.460,0.500,0.500,0.500,574,2
0.500,0.500,0.500,0.450,0.450,0.450,0.500,0.500,0.500,0.530,0.530,0.530,570,2
0.500,0.500,0.500,0.500,0.500,0.500,0.500,0.500,0.500,0.470,0.470,0.470,575,1
0.450,0.450,0.450,0.500,0.500,0.500,0.490,0.490,0.490,0.500,0.500,0.500,236,2
0.450,0.450,0.450,0.500,0.500,0.500,0.520,0.520,0.520,0.500,0.500,0.500,272,1
0.500,0.500,0.500,0.450,0.450,0.450,0.500,0.500,0.500,0.490,0.490,0.490,566,1
0.550,0.550,0.550,0.500,0.500,0.500,0.450,0.450,0.450,0.500,0.500,0.500,353,2
0.550,0.550,0.550,0.500,0.500,0.500,0.520,0.520,0.520,0.500,0.500,0.500,756,1
0.500,0.500,0.500,0.500,0.500,0.500,0.470,0.470,0.470,0.500,0.500,0.500,80,2
0.500,0.500,0.500,0.500,0.500,0.500,0.490,0.490,0.490,0.500,0.500,0.500,808,2
0.450,0.450,0.450,0.500,0.500,0.500,0.500,0.500,0.500,0.500,0.500,0.500,897,1
0.500,0.500,0.500,0.500,0.500,0.500,0.470,0.470,0.470,0.500,0.500,0.500,146,2
0.500,0.500,0.500,0.500,0.500,0.500,0.500,0.500,0.500,0.530,0.530,0.530,647,2
0.450,0.450,0.450,0.500,0.500,0.500,0.540,0.540,0.540,0.500,0.500,0.500,868,1
0.500,0.500,0.500,0.500,0.500,0.500,0.500,0.500,0.500,0.470,0.470,0.470,179,1
0.500,0.500,0.500,0.500,0.500,0.500,0.500,0.500,0.500,0.450,0.450,0.450,210,1
0.500,0.500,0.500,0.550,0.550,0.550,0.500,0.500,0.500,0.550,0.550,0.550,726,2
0.550,0.550,0.550,0.500,0.500,0.500,0.490,0.490,0.490,0.500,0.500,0.500,159,2
0.550,0.550,0.550,0.500,0.500,0.500,0.460,0.460,0.460,0.500,0.500,0.500,189,2
0.550,0.550,0.550,0.500,0.500,0.500,0.530,0.530,0.530,0.500,0.500,0.500,856,1
0.500,0.500,0.500,0.550,0.550,0.550,0.500,0.500,0.500,0.520,0.520,0.520,459,2
0.500,0.500,0.500,0.550,0.550,0.550,0.500,0.500,0.500,0.480,0.480,0.480,884,1
0.500,0.500,0.500,0.450,0.450,0.450,0.500,0.500,0.500,0.490,0.490,0.490,302,1
0.550,0.550,0.550,0.500,0.500,0.500,0.510,0.510,0.510,0.500,0.500,0.500,590,1
0.500,0.500,0.500,0.550,0.550,0.550,0.500,0.500,0.500,0.480,0.480,0.480,719,1
0.450,0.450,0.450,0.500,0.500,0.500,0.510,0.510,0.510,0.500,0.500,0.500,568,1
0.500,0.500,0.500,0.550,0.550,0.550,0.500,0.500,0.500,0.510,0.510,0.510,392,2
0.500,0.500,0.500,0.450,0.450,0.450,0.500,0.500,0.500,0.530,0.530,0.530,768,2
0.450,0.450,0.450,0.500,0.500,0.500,0.460,0.460,0.460,0.500,0.500,0.500,2,2
0.450,0.450,0.450,0.500,0.500,0.500,0.540,0.540,0.540,0.500,0.500,0.500,274,1
0.500,0.500,0.500,0.500,0.500,0.500,0.510,0.510,0.510,0.500,0.500,0.500,975,1
0.500,0.500,0.500,0.450,0.450,0.450,0.500,0.500,0.500,0.550,0.550,0.550,77,2
0.550,0.550,0.550,0.500,0.500,0.500,0.490,0.490,0.490,0.500,0.500,0.500,60,2
0.550,0.550,0.550,0.500,0.500,0.500,0.520,0.520,0.520,0.500,0.500,0.500,954,1
0.550,0.550,0.550,0.500,0.500,0.500,0.490,0.490,0.490,0.500,0.500,0.500,390,2
0.500,0.500,0.500,0.450,0.450,0.450,0.500,0.500,0.500,0.490,0.490,0.490,665,1
0.450,0.450,0.450,0.500,0.500,0.500,0.490,0.490,0.490,0.500,0.500,0.500,764,2
0.500,0.500,0.500,0.450,0.450,0.450,0.500,0.500,0.500,0.540,0.540,0.540,76,2
0.450,0.450,0.450,0.500,0.500,0.500,0.550,0.550,0.550,0.500,0.500,0.500,176,1
0.500,0.500,0.500,0.550,0.550,0.550,0.500,0.500,0.500,0.470,0.470,0.470,190,1
0.500,0.500,0.500,0.450,0.450,0.450,0.500,0.500,0.500,0.550,0.550,0.550,44,2
0.450,0.450,0.450,0.500,0.500,0.500,0.470,0.470,0.470,0.500,0.500,0.500,201,2
0.500,0.500,0.500,0.450,0.450,0.450,0.500,0.500,0.500,0.550,0.550,0.550,110,2
0.500,0.500,0.500,0.450,0.450,0.450,0.500,0.500,0.500,0.470,0.470,0.470,465,1
0.550,0.550,0.550,0.500,0.500,0.500,0.500,0.500,0.500,0.500,0.500,0.500,556,1
0.500,0.500,0.500,0.500,0.500,0.500,0.500,0.500,0.500,0.530,0.530,0.530,680,2
0.500,0.500,0.500,0.500,0.500,0.500,0.450,0.450,0.450,0.500,0.500,0.500,936,2
0.450,0.450,0.450,0.500,0.500,0.500,0.450,0.450,0.450,0.500,0.500,0.500,298,2
0.500,0.500,0.500,0.450,0.450,0.450,0.500,0.500,0.500,0.450,0.450,0.450,397,1
0.450,0.450,0.450,0.500,0.500,0.500,0.520,0.520,0.520,0.500,0.500,0.500,140,1
0.500,0.500,0.500,0.550,0.550,0.550,0.500,0.500,0.500,0.500,0.500,0.500,622,2
0.450,0.450,0.450,0.500,0.500,0.500,0.460,0.460,0.460,0.500,0.500,0.500,332,2
0.500,0.500,0.500,0.550,0.550,0.550,0.500,0.500,0.500,0.540,0.540,0.540,263,2
0.500,0.500,0.500,0.500,0.500,0.500,0.480,0.480,0.480,0.500,0.500,0.500,510,2
0.500,0.500,0.500,0.500,0.500,0.500,0.500,0.500,0.500,0.510,0.510,0.510,678,2
0.500,0.500,0.500,0.500,0.500,0.500,0.500,0.500,0.500,0.470,0.470,0.470,707,1
0.500,0.500,0.500,0.500,0.500,0.500,0.510,0.510,0.510,0.500,0.500,0.500,51,1
0.500,0.500,0.500,0.550,0.550,0.550,0.500,0.500,0.500,0.470,0.470,0.470,223,1
0.500,0.500,0.500,0.550,0.550,0.550,0.500,0.500,0.500,0.480,0.480,0.480,752,1
0.500,0.500,0.500,0.500,0.500,0.500,0.500,0.500,0.500,0.470,0.470,0.470,905,1
0.500,0.500,0.500,0.450,0.450,0.450,0.500,0.500,0.500,0.470,0.470,0.470,564,1
0.500,0.500,0.500,0.500,0.500,0.500,0.480,0.480,0.480,0.500,0.500,0.500,345,2
0.550,0.550,0.550,0.500,0.500,0.500,0.480,0.480,0.480,0.500,0.500,0.500,917,2
0.450,0.450,0.450,0.500,0.500,0.500,0.520,0.520,0.520,0.500,0.500,0.500,107,1
0.550,0.550,0.550,0.500,0.500,0.500,0.540,0.540,0.540,0.500,0.500,0.500,362,1
0.550,0.550,0.550,0.500,0.500,0.500,0.540,0.540,0.540,0.500,0.500,0.500,593,1
0.500,0.500,0.500,0.550,0.550,0.550,0.500,0.500,0.500,0.510,0.510,0.510,128,2
0.450,0.450,0.450,0.500,0.500,0.500,0.530,0.530,0.530,0.500,0.500,0.500,966,1
0.500,0.500,0.500,0.450,0.450,0.450,0.500,0.500,0.500,0.490,0.490,0.490,863,1
0.450,0.450,0.450,0.500,0.500,0.500,0.460,0.460,0.460,0.500,0.500,0.500,728,2
0.450,0.450,0.450,0.500,0.500,0.500,0.480,0.480,0.480,0.500,0.500,0.500,697,2
0.500,0.500,0.500,0.500,0.500,0.500,0.500,0.500,0.500,0.500,0.500,0.500,842,1
0.500,0.500,0.500,0.450,0.450,0.450,0.500,0.500,0.500,0.450,0.450,0.450,430,1
0.500,0.500,0.500,0.500,0.500,0.500,0.500,0.500,0.500,0.460,0.460,0.460,79,1
0.500,0.500,0.500,0.500,0.500,0.500,0.520,0.520,0.520,0.500,0.500,0.500,745,1
0.450,0.450,0.450,0.500,0.500,0.500,0.530,0.530,0.530,0.500,0.500,0.500,669,1
0.500,0.500,0.500,0.500,0.500,0.500,0.500,0.500,0.500,0.540,0.540,0.540,516,2
0.500,0.500,0.500,0.450,0.450,0.450,0.500,0.500,0.500,0.450,0.450,0.450,661,1
0.500,0.500,0.500,0.500,0.500,0.500,0.550,0.550,0.550,0.500,0.500,0.500,253,1
0.500,0.500,0.500,0.450,0.450,0.450,0.500,0.500,0.500,0.510,0.510,0.510,634,2
0.550,0.550,0.550,0.500,0.500,0.500,0.540,0.540,0.540,0.500,0.500,0.500,890,1
0.500,0.500,0.500,0.500,0.500,0.500,0.500,0.500,0.500,0.500,0.500,0.500,50,1
0.500,0.500,0.500,0.500,0.500,0.500,0.450,0.450,0.450,0.500,0.500,0.500,573,2
0.500,0.500,0.500,0.500,0.500,0.500,0.500,0.500,0.500,0.540,0.540,0.540,351,2
0.500,0.500,0.500,0.500,0.500,0.500,0.470,0.470,0.470,0.500,0.500,0.500,311,2
0.500,0.500,0.500,0.550,0.550,0.550,0.500,0.500,0.500,0.510,0.510,0.510,953,2
0.500,0.500,0.500,0.500,0.500,0.500,0.500,0.500,0.500,0.530,0.530,0.530,86,2
0.500,0.500,0.500,0.500,0.500,0.500,0.500,0.500,0.500,0.520,0.520,0.520,349,2
0.500,0.500,0.500,0.450,0.450,0.450,0.500,0.500,0.500,0.530,0.530,0.530,42,2
0.500,0.500,0.500,0.500,0.500,0.500,0.500,0.500,0.500,0.550,0.550,0.550,583,2
0.500,0.500,0.500,0.500,0.500,0.500,0.500,0.500,0.500,0.500,0.500,0.500,446,1
0.500,0.500,0.500,0.450,0.450,0.450,0.500,0.500,0.500,0.460,0.460,0.460,662,1
0.450,0.450,0.450,0.500,0.500,0.500,0.450,0.450,0.450,0.500,0.500,0.500,100,2
0.450,0.450,0.450,0.500,0.500,0.500,0.540,0.540,0.540,0.500,0.500,0.500,934,1
0.550,0.550,0.550,0.500,0.500,0.500,0.550,0.550,0.550,0.500,0.500,0.500,429,1
0.500,0.500,0.500,0.500,0.500,0.500,0.500,0.500,0.500,0.480,0.480,0.480,939,1
0.500,0.500,0.500,0.550,0.550,0.550,0.500,0.500,0.500,0.480,0.480,0.480,290,1
0.500,0.500,0.500,0.450,0.450,0.450,0.500,0.500,0.500,0.530,0.530,0.530,933,2
0.500,0.500,0.500,0.500,0.500,0.500,0.500,0.500,0.500,0.460,0.460,0.460,13,1
0.500,0.500,0.500,0.500,0.500,0.500,0.540,0.540,0.540,0.500,0.500,0.500,252,1
0.450,0.450,0.450,0.500,0.500,0.500,0.550,0.550,0.550,0.500,0.500,0.500,902,1
0.450,0.450,0.450,0.500,0.500,0.500,0.500,0.500,0.500,0.500,0.500,0.500,72,1
0.500,0.500,0.500,0.550,0.550,0.550,0.500,0.500,0.500,0.470,0.470,0.470,388,1
0.500,0.500,0.500,0.500,0.500,0.500,0.540,0.540,0.540,0.500,0.500,0.500,285,1
0.500,0.500,0.500,0.500,0.500,0.500,0.500,0.500,0.500,0.460,0.460,0.460,871,1
0.500,0.500,0.500,0.550,0.550,0.550,0.500,0.500,0.500,0.540,0.540,0.540,725,2
0.500,0.500,0.500,0.500,0.500,0.500,0.500,0.500,0.500,0.470,0.470,0.470,245,1
0.550,0.550,0.550,0.500,0.500,0.500,0.500,0.500,0.500,0.500,0.500,0.500,787,1
0.500,0.500,0.500,0.550,0.550,0.550,0.500,0.500,0.500,0.530,0.530,0.530,889,2
0.450,0.450,0.450,0.500,0.500,0.500,0.450,0.450,0.450,0.500,0.500,0.500,34,2
0.500,0.500,0.500,0.500,0.500,0.500,0.470,0.470,0.470,0.500,0.500,0.500,806,2
0.500,0.500,0.500,0.500,0.500,0.500,0.450,0.450,0.450,0.500,0.500,0.500,969,2
0.500,0.500,0.500,0.450,0.450,0.450,0.500,0.500,0.500,0.480,0.480,0.480,928,1
0.450,0.450,0.450,0.500,0.500,0.500,0.520,0.520,0.520,0.500,0.500,0.500,569,1
0.500,0.500,0.500,0.500,0.500,0.500,0.500,0.500,0.500,0.550,0.550,0.550,748,2
0.450,0.450,0.450,0.500,0.500,0.500,0.510,0.510,0.510,0.500,0.500,0.500,733,1
0.500,0.500,0.500,0.500,0.500,0.500,0.510,0.510,0.510,0.500,0.500,0.500,876,1
0.450,0.450,0.450,0.500,0.500,0.500,0.500,0.500,0.500,0.500,0.500,0.500,105,1
0.450,0.450,0.450,0.500,0.500,0.500,0.520,0.520,0.520,0.500,0.500,0.500,305,1
0.500,0.500,0.500,0.500,0.500,0.500,0.460,0.460,0.460,0.500,0.500,0.500,904,2
0.550,0.550,0.550,0.500,0.500,0.500,0.480,0.480,0.480,0.500,0.500,0.500,125,2
0.500,0.500,0.500,0.500,0.500,0.500,0.480,0.480,0.480,0.500,0.500,0.500,906,2
0.500,0.500,0.500,0.500,0.500,0.500,0.450,0.450,0.450,0.500,0.500,0.500,12,2
0.500,0.500,0.500,0.500,0.500,0.500,0.530,0.530,0.530,0.500,0.500,0.500,779,1
0.500,0.500,0.500,0.550,0.550,0.550,0.500,0.500,0.500,0.470,0.470,0.470,124,1
0.550,0.550,0.550,0.500,0.500,0.500,0.470,0.470,0.470,0.500,0.500,0.500,850,2
0.450,0.450,0.450,0.500,0.500,0.500,0.540,0.540,0.540,0.500,0.500,0.500,142,1
0.500,0.500,0.500,0.500,0.500,0.500,0.510,0.510,0.510,0.500,0.500,0.500,810,1
0.500,0.500,0.500,0.550,0.550,0.550,0.500,0.500,0.500,0.530,0.530,0.530,988,2
0.500,0.500,0.500,0.500,0.500,0.500,0.540,0.540,0.540,0.500,0.500,0.500,681,1
0.450,0.450,0.450,0.500,0.500,0.500,0.540,0.540,0.540,0.500,0.500,0.500,208,1
0.550,0.550,0.550,0.500,0.500,0.500,0.460,0.460,0.460,0.500,0.500,0.500,750,2
0.500,0.500,0.500,0.500,0.500,0.500,0.500,0.500,0.500,0.510,0.510,0.510,513,2
0.550,0.550,0.550,0.500,0.500,0.500,0.540,0.540,0.540,0.500,0.500,0.500,329,1
0.450,0.450,0.450,0.500,0.500,0.500,0.460,0.460,0.460,0.500,0.500,0.500,398,2
0.500,0.500,0.500,0.500,0.500,0.500,0.480,0.480,0.480,0.500,0.500,0.500,279,2
0.500,0.500,0.500,0.450,0.450,0.450,0.500,0.500,0.500,0.480,0.480,0.480,829,1
0.500,0.500,0.500,0.550,0.550,0.550,0.500,0.500,0.500,0.480,0.480,0.480,785,1
0.500,0.500,0.500,0.500,0.500,0.500,0.500,0.500,0.500,0.550,0.550,0.550,55,2
0.500,0.500,0.500,0.550,0.550,0.550,0.500,0.500,0.500,0.450,0.450,0.450,749,1
0.500,0.500,0.500,0.500,0.500,0.500,0.500,0.500,0.500,0.450,0.450,0.450,507,1
0.500,0.500,0.500,0.500,0.500,0.500,0.450,0.450,0.450,0.500,0.500,0.500,672,2
0.450,0.450,0.450,0.500,0.500,0.500,0.480,0.480,0.480,0.500,0.500,0.500,367,2
0.500,0.500,0.500,0.500,0.500,0.500,0.490,0.490,0.490,0.500,0.500,0.500,577,2
0.500,0.500,0.500,0.550,0.550,0.550,0.500,0.500,0.500,0.510,0.510,0.510,359,2
0.500,0.500,0.500,0.500,0.500,0.500,0.460,0.460,0.460,0.500,0.500,0.500,772,2
0.500,0.500,0.500,0.500,0.500,0.500,0.500,0.500,0.500,0.480,0.480,0.480,48,1
0.550,0.550,0.550,0.500,0.500,0.500,0.530,0.530,0.530,0.500,0.500,0.500,460,1
0.500,0.500,0.500,0.550,0.550,0.550,0.500,0.500,0.500,0.510,0.510,0.510,920,2
0.500,0.500,0.500,0.550,0.550,0.550,0.500,0.500,0.500,0.460,0.460,0.460,981,1
0.500,0.500,0.500,0.450,0.450,0.450,0.500,0.500,0.500,0.490,0.490,0.490,401,1
0.500,0.500,0.500,0.450,0.450,0.450,0.500,0.500,0.500,0.470,0.470,0.470,3,1
0.450,0.450,0.450,0.500,0.500,0.500,0.490,0.490,0.490,0.500,0.500,0.500,929,2
0.500,0.500,0.500,0.450,0.450,0.450,0.500,0.500,0.500,0.460,0.460,0.460,266,1
0.500,0.500,0.500,0.500,0.500,0.500,0.550,0.550,0.550,0.500,0.500,0.500,451,1
0.500,0.500,0.500,0.500,0.500,0.500,0.500,0.500,0.500,0.540,0.540,0.540,978,2
