0.450,0.450,0.450,0.500,0.500,0.500,0.530,0.530,0.530,0.500,0.500,0.500,768,1
0.500,0.500,0.500,0.500,0.500,0.500,0.500,0.500,0.500,0.520,0.520,0.520,679,2
0.500,0.500,0.500,0.500,0.500,0.500,0.500,0.500,0.500,0.500,0.500,0.500,710,1
0.500,0.500,0.500,0.450,0.450,0.450,0.500,0.500,0.500,0.530,0.530,0.530,504,2
0.500,0.500,0.500,0.500,0.500,0.500,0.500,0.500,0.500,0.480,0.480,0.480,741,1
0.500,0.500,0.500,0.500,0.500,0.500,0.500,0.500,0.500,0.490,0.490,0.490,313,1
0.500,0.500,0.500,0.450,0.450,0.450,0.500,0.500,0.500,0.450,0.450,0.450,529,1
0.550,0.550,0.550,0.500,0.500,0.500,0.540,0.540,0.540,0.500,0.500,0.500,989,1
0.550,0.550,0.550,0.500,0.500,0.500,0.490,0.490,0.490,0.500,0.500,0.500,852,2
0.450,0.450,0.450,0.500,0.500,0.500,0.520,0.520,0.520,0.500,0.500,0.500,899,1
0.500,0.500,0.500,0.500,0.500,0.500,0.530,0.530,0.530,0.500,0.500,0.500,845,1
0.500,0.500,0.500,0.550,0.550,0.550,0.500,0.500,0.500,0.510,0.510,0.510,161,2
0.550,0.550,0.550,0.500,0.500,0.500,0.460,0.460,0.460,0.500,0.500,0.500,552,2
0.450,0.450,0.450,0.500,0.500,0.500,0.460,0.460,0.460,0.500,0.500,0.500,464,2
0.500,0.500,0.500,0.500,0.500,0.500,0.500,0.500,0.500,0.540,0.540,0.540,318,2
0.500,0.500,0.500,0.450,0.450,0.450,0.500,0.500,0.500,0.490,0.490,0.490,896,1
0.500,0.500,0.500,0.500,0.500,0.500,0.490,0.490,0.490,0.500,0.500,0.500,907,2
0.500,0.500,0.500,0.550,0.550,0.550,0.500,0.500,0.500,0.500,0.500,0.500,226,2
0.500,0.500,0.500,0.450,0.450,0.450,0.500,0.500,0.500,0.530,0.530,0.530,537,2
0.500,0.500,0.500,0.500,0.500,0.500,0.520,0.520,0.520,0.500,0.500,0.500,151,1
0.500,0.500,0.500,0.450,0.450,0.450,0.500,0.500,0.500,0.520,0.520,0.520,833,2
0.550,0.550,0.550,0.500,0.500,0.500,0.510,0.510,0.510,0.500,0.500,0.500,293,1
0.450,0.450,0.450,0.500,0.500,0.500,0.520,0.520,0.520,0.500,0.500,0.500,305,1
0.500,0.500,0.500,0.500,0.500,0.500,0.550,0.550,0.550,0.500,0.500,0.500,913,1
0.550,0.550,0.550,0.500,0.500,0.500,0.490,0.490,0.490,0.500,0.500,0.500,423,2
0.500,0.500,0.500,0.500,0.500,0.500,0.490,0.490,0.490,0.500,0.500,0.500,280,2
0.500,0.500,0.500,0.500,0.500,0.500,0.500,0.500,0.500,0.500,0.500,0.500,908,1
0.450,0.450,0.450,0.500,0.500,0.500,0.550,0.550,0.550,0.500,0.500,0.500,935,1
0.500,0.500,0.500,0.500,0.500,0.500,0.500,0.500,0.500,0.470,0.470,0.470,575,1
0.500,0.500,0.500,0.500,0.500,0.500,0.470,0.470,0.470,0.500,0.500,0.500,344,2
0.500,0.500,0.500,0.500,0.500,0.500,0.500,0.500,0.500,0.550,0.550,0.550,484,2
0.450,0.450,0.450,0.500,0.500,0.500,0.510,0.510,0.510,0.500,0.500,0.500,535,1
0.500,0.500,0.500,0.500,0.500,0.500,0.500,0.500,0.500,0.530,0.530,0.530,218,2
0.500,0.500,0.500,0.500,0.500,0.500,0.460,0.460,0.460,0.500,0.500,0.500,277,2
0.550,0.550,0.550,0.500,0.500,0.500,0.460,0.460,0.460,0.500,0.500,0.500,321,2
0.500,0.500,0.500,0.450,0.450,0.450,0.500,0.500,0.500,0.470,0.470,0.470,927,1
0.500,0.500,0.500,0.500,0.500,0.500,0.530,0.530,0.530,0.500,0.500,0.500,812,1
0.450,0.450,0.450,0.500,0.500,0.500,0.500,0.500,0.500,0.500,0.500,0.500,369,1
0.500,0.500,0.500,0.500,0.500,0.500,0.500,0.500,0.500,0.520,0.520,0.520,613,2
0.500,0.500,0.500,0.500,0.500,0.500,0.480,0.480,0.480,0.500,0.500,0.500,576,2
0.450,0.450,0.450,0.500,0.500,0.500,0.480,0.480,0.480,0.500,0.500,0.500,169,2
0.500,0.500,0.500,0.550,0.550,0.550,0.500,0.500,0.500,0.550,0.550,0.550,495,2
0.500,0.500,0.500,0.500,0.500,0.500,0.500,0.500,0.500,0.500,0.500,0.500,743,1
0.500,0.500,0.500,0.550,0.550,0.550,0.500,0.500,0.500,0.450,0.450,0.450,584,1
0.550,0.550,0.550,0.500,0.500,0.500,0.450,0.450,0.450,0.500,0.500,0.500,749,2
0.500,0.500,0.500,0.500,0.500,0.500,0.530,0.530,0.530,0.500,0.500,0.500,284,1
0.550,0.550,0.550,0.500,0.500,0.500,0.520,0.520,0.520,0.500,0.500,0.500,327,1
0.500,0.500,0.500,0.450,0.450,0.450,0.500,0.500,0.500,0.540,0.540,0.540,10,2
0.500,0.500,0.500,0.500,0.500,0.500,0.510,0.510,0.510,0.500,0.500,0.500,744,1
0.550,0.550,0.550,0.500,0.500,0.500,0.460,0.460,0.460,0.500,0.500,0.500,882,2
0.500,0.500,0.500,0.450,0.450,0.450,0.500,0.500,0.500,0.550,0.550,0.550,110,2
0.500,0.500,0.500,0.500,0.500,0.500,0.500,0.500,0.500,0.450,0.450,0.450,441,1
0.550,0.550,0.550,0.500,0.500,0.500,0.480,0.480,0.480,0.500,0.500,0.500,257,2
0.550,0.550,0.550,0.500,0.500,0.500,0.500,0.500,0.500,0.500,0.500,0.500,787,1
0.500,0.500,0.500,0.550,0.550,0.550,0.500,0.500,0.500,0.490,0.490,0.490,918,1
0.500,0.500,0.500,0.450,0.450,0.450,0.500,0.500,0.500,0.530,0.530,0.530,207,2
0.500,0.500,0.500,0.500,0.500,0.500,0.500,0.500,0.500,0.510,0.510,0.510,546,2
0.450,0.450,0.450,0.500,0.500,0.500,0.480,0.480,0.480,0.500,0.500,0.500,631,2
0.450,0.450,0.450,0.500,0.500,0.500,0.500,0.500,0.500,0.500,0.500,0.500,534,1
0.550,0.550,0.550,0.500,0.500,0.500,0.450,0.450,0.450,0.500,0.500,0.500,980,2
0.500,0.500,0.500,0.500,0.500,0.500,0.480,0.480,0.480,0.500,0.500,0.500,774,2
0.500,0.500,0.500,0.550,0.550,0.550,0.500,0.500,0.500,0.480,0.480,0.480,26,1
0.450,0.450,0.450,0.500,0.500,0.500,0.530,0.530,0.530,0.500,0.500,0.500,9,1
0.500,0.500,0.500,0.500,0.500,0.500,0.500,0.500,0.500,0.530,0.530,0.530,713,2
0.500,0.500,0.500,0.500,0.500,0.500,0.480,0.480,0.480,0.500,0.500,0.500,444,2
0.450,0.450,0.450,0.500,0.500,0.500,0.510,0.510,0.510,0.500,0.500,0.500,601,1
0.500,0.500,0.500,0.550,0.550,0.550,0.500,0.500,0.500,0.530,0.530,0.530,394,2
0.500,0.500,0.500,0.550,0.550,0.550,0.500,0.500,0.500,0.470,0.470,0.470,190,1
0.500,0.500,0.500,0.500,0.500,0.500,0.500,0.500,0.500,0.520,0.520,0.520,184,2
0.500,0.500,0.500,0.500,0.500,0.500,0.510,0.510,0.510,0.500,0.500,0.500,711,1
0.450,0.450,0.450,0.500,0.500,0.500,0.510,0.510,0.510,0.500,0.500,0.500,403,1
0.500,0.500,0.500,0.550,0.550,0.550,0.500,0.500,0.500,0.470,0.470,0.470,487,1
0.550,0.550,0.550,0.500,0.500,0.500,0.550,0.550,0.550,0.500,0.500,0.500,231,1
0.450,0.450,0.450,0.500,0.500,0.500,0.540,0.540,0.540,0.500,0.500,0.500,142,1
0.500,0.500,0.500,0.500,0.500,0.500,0.500,0.500,0.500,0.500,0.500,0.500,347,2
0.500,0.500,0.500,0.450,0.450,0.450,0.500,0.500,0.500,0.450,0.450,0.450,67,1
0.500,0.500,0.500,0.550,0.550,0.550,0.500,0.500,0.500,0.500,0.500,0.500,259,2
0.500,0.500,0.500,0.450,0.450,0.450,0.500,0.500,0.500,0.520,0.520,0.520,668,2
0.550,0.550,0.550,0.500,0.500,0.500,0.540,0.540,0.540,0.500,0.500,0.500,131,1
0.500,0.500,0.500,0.500,0.500,0.500,0.490,0.490,0.490,0.500,0.500,0.500,808,2
0.500,0.500,0.500,0.500,0.500,0.500,0.500,0.500,0.500,0.460,0.460,0.460,970,1
0.500,0.500,0.500,0.500,0.500,0.500,0.500,0.500,0.500,0.530,0.530,0.530,944,2
0.500,0.500,0.500,0.500,0.500,0.500,0.500,0.500,0.500,0.490,0.490,0.490,577,1
0.500,0.500,0.500,0.500,0.500,0.500,0.500,0.500,0.500,0.450,0.450,0.450,903,1
0.550,0.550,0.550,0.500,0.500,0.500,0.450,0.450,0.450,0.500,0.500,0.500,320,2
0.500,0.500,0.500,0.550,0.550,0.550,0.500,0.500,0.500,0.480,0.480,0.480,191,1
0.550,0.550,0.550,0.500,0.500,0.500,0.460,0.460,0.460,0.500,0.500,0.500,651,2
0.450,0.450,0.450,0.500,0.500,0.500,0.510,0.510,0.510,0.500,0.500,0.500,436,1
0.500,0.500,0.500,0.500,0.500,0.500,0.500,0.500,0.500,0.480,0.480,0.480,147,1
0.500,0.500,0.500,0.500,0.500,0.500,0.550,0.550,0.550,0.500,0.500,0.500,781,1
0.500,0.500,0.500,0.550,0.550,0.550,0.500,0.500,0.500,0.550,0.550,0.550,825,2
0.550,0.550,0.550,0.500,0.500,0.500,0.520,0.520,0.520,0.500,0.500,0.500,954,1
0.450,0.450,0.450,0.500,0.500,0.500,0.450,0.450,0.450,0.500,0.500,0.500,100,2
0.500,0.500,0.500,0.500,0.500,0.500,0.500,0.500,0.500,0.450,0.450,0.450,375,1
0.500,0.500,0.500,0.450,0.450,0.450,0.500,0.500,0.500,0.470,0.470,0.470,102,1
0.550,0.550,0.550,0.500,0.500,0.500,0.450,0.450,0.450,0.500,0.500,0.500,287,2
0.500,0.500,0.500,0.500,0.500,0.500,0.500,0.500,0.500,0.500,0.500,0.500,941,1
0.550,0.550,0.550,0.500,0.500,0.500,0.540,0.540,0.540,0.500,0.500,0.500,824,1
0.450,0.450,0.450,0.500,0.500,0.500,0.490,0.490,0.490,0.500,0.500,0.500,203,2
0.500,0.500,0.500,0.450,0.450,0.450,0.500,0.500,0.500,0.470,0.470,0.470,69,1
0.500,0.500,0.500,0.500,0.500,0.500,0.500,0.500,0.500,0.530,0.530,0.530,317,2
0.500,0.500,0.500,0.500,0.500,0.500,0.500,0.500,0.500,0.490,0.490,0.490,643,1
0.500,0.500,0.500,0.500,0.500,0.500,0.500,0.500,0.500,0.530,0.530,0.530,383,2
0.550,0.550,0.550,0.500,0.500,0.500,0.460,0.460,0.460,0.500,0.500,0.500,618,2
0.450,0.450,0.450,0.500,0.500,0.500,0.470,0.470,0.470,0.500,0.500,0.500,234,2
0.500,0.500,0.500,0.500,0.500,0.500,0.500,0.500,0.500,0.460,0.460,0.460,145,1
0.450,0.450,0.450,0.500,0.500,0.500,0.460,0.460,0.460,0.500,0.500,0.500,497,2
0.450,0.450,0.450,0.500,0.500,0.500,0.520,0.520,0.520,0.500,0.500,0.500,701,1
0.450,0.450,0.450,0.500,0.500,0.500,0.540,0.540,0.540,0.500,0.500,0.500,802,1
0.500,0.500,0.500,0.450,0.450,0.450,0.500,0.500,0.500,0.450,0.450,0.450,694,1
0.500,0.500,0.500,0.450,0.450,0.450,0.500,0.500,0.500,0.480,0.480,0.480,598,1
0.450,0.450,0.450,0.500,0.500,0.500,0.520,0.520,0.520,0.500,0.500,0.500,173,1
0.500,0.500,0.500,0.450,0.450,0.450,0.500,0.500,0.500,0.520,0.520,0.520,8,2
0.550,0.550,0.550,0.500,0.500,0.500,0.480,0.480,0.480,0.500,0.500,0.500,983,2
0.500,0.500,0.500,0.500,0.500,0.500,0.500,0.500,0.500,0.520,0.520,0.520,250,2
0.500,0.500,0.500,0.450,0.450,0.450,0.500,0.500,0.500,0.460,0.460,0.460,2,1
0.450,0.450,0.450,0.500,0.500,0.500,0.450,0.450,0.450,0.500,0.500,0.500,793,2
0.500,0.500,0.500,0.550,0.550,0.550,0.500,0.500,0.500,0.500,0.500,0.500,160,2
0.500,0.500,0.500,0.550,0.550,0.550,0.500,0.500,0.500,0.470,0.470,0.470,718,1
0.500,0.500,0.500,0.550,0.550,0.550,0.500,0.500,0.500,0.520,0.520,0.520,987,2
0.500,0.500,0.500,0.550,0.550,0.550,0.500,0.500,0.500,0.450,0.450,0.450,89,1
0.500,0.500,0.500,0.550,0.550,0.550,0.500,0.500,0.500,0.500,0.500,0.500,193,2
0.450,0.450,0.450,0.500,0.500,0.500,0.510,0.510,0.510,0.500,0.500,0.500,469,1
0.500,0.500,0.500,0.550,0.550,0.550,0.500,0.500,0.500,0.500,0.500,0.500,952,2
0.450,0.450,0.450,0.500,0.500,0.500,0.530,0.530,0.530,0.500,0.500,0.500,570,1
0.500,0.500,0.500,0.500,0.500,0.500,0.510,0.510,0.510,0.500,0.500,0.500,348,1
0.500,0.500,0.500,0.500,0.500,0.500,0.470,0.470,0.470,0.500,0.500,0.500,278,2
0.450,0.450,0.450,0.500,0.500,0.500,0.490,0.490,0.490,0.500,0.500,0.500,533,2
0.500,0.500,0.500,0.500,0.500,0.500,0.500,0.500,0.500,0.550,0.550,0.550,583,2
0.500,0.500,0.500,0.550,0.550,0.550,0.500,0.500,0.500,0.450,0.450,0.450,782,1
0.500,0.500,0.500,0.500,0.500,0.500,0.510,0.510,0.510,0.500,0.500,0.500,315,1
0.500,0.500,0.500,0.500,0.500,0.500,0.500,0.500,0.500,0.550,0.550,0.550,352,2
0.500,0.500,0.500,0.500,0.500,0.500,0.500,0.500,0.500,0.550,0.550,0.550,451,2
0.450,0.450,0.450,0.500,0.500,0.500,0.490,0.490,0.490,0.500,0.500,0.500,170,2
0.500,0.500,0.500,0.500,0.500,0.500,0.500,0.500,0.500,0.450,0.450,0.450,111,1
0.500,0.500,0.500,0.450,0.450,0.450,0.500,0.500,0.500,0.490,0.490,0.490,401,1
0.550,0.550,0.550,0.500,0.500,0.500,0.530,0.530,0.530,0.500,0.500,0.500,757,1
0.500,0.500,0.500,0.550,0.550,0.550,0.500,0.500,0.500,0.490,0.490,0.490,885,1
0.500,0.500,0.500,0.450,0.450,0.450,0.500,0.500,0.500,0.500,0.500,0.500,897,2
0.500,0.500,0.500,0.450,0.450,0.450,0.500,0.500,0.500,0.450,0.450,0.450,661,1
0.450,0.450,0.450,0.500,0.500,0.500,0.450,0.450,0.450,0.500,0.500,0.500,727,2
0.550,0.550,0.550,0.500,0.500,0.500,0.520,0.520,0.520,0.500,0.500,0.500,921,1
0.500,0.500,0.500,0.500,0.500,0.500,0.460,0.460,0.460,0.500,0.500,0.500,244,2
0.450,0.450,0.450,0.500,0.500,0.500,0.550,0.550,0.550,0.500,0.500,0.500,407,1
0.500,0.500,0.500,0.550,0.550,0.550,0.500,0.500,0.500,0.480,0.480,0.480,851,1
0.500,0.500,0.500,0.500,0.500,0.500,0.500,0.500,0.500,0.500,0.500,0.500,842,2
0.500,0.500,0.500,0.450,0.450,0.450,0.500,0.500,0.500,0.550,0.550,0.550,539,2
0.500,0.500,0.500,0.500,0.500,0.500,0.500,0.500,0.500,0.500,0.500,0.500,545,1
0.500,0.500,0.500,0.550,0.550,0.550,0.500,0.500,0.500,0.550,0.550,0.550,99,2
0.500,0.500,0.500,0.550,0.550,0.550,0.500,0.500,0.500,0.490,0.490,0.490,720,1
0.550,0.550,0.550,0.500,0.500,0.500,0.530,0.530,0.530,0.500,0.500,0.500,163,1
0.500,0.500,0.500,0.500,0.500,0.500,0.500,0.500,0.500,0.500,0.500,0.500,446,2
0.500,0.500,0.500,0.500,0.500,0.500,0.500,0.500,0.500,0.500,0.500,0.500,281,2
0.500,0.500,0.500,0.500,0.500,0.500,0.500,0.500,0.500,0.550,0.550,0.550,946,2
0.450,0.450,0.450,0.500,0.500,0.500,0.460,0.460,0.460,0.500,0.500,0.500,860,2
0.550,0.550,0.550,0.500,0.500,0.500,0.470,0.470,0.470,0.500,0.500,0.500,124,2
0.500,0.500,0.500,0.500,0.500,0.500,0.500,0.500,0.500,0.500,0.500,0.500,644,2
0.550,0.550,0.550,0.500,0.500,0.500,0.550,0.550,0.550,0.500,0.500,0.500,693,1
0.550,0.550,0.550,0.500,0.500,0.500,0.530,0.530,0.530,0.500,0.500,0.500,328,1
0.500,0.500,0.500,0.500,0.500,0.500,0.500,0.500,0.500,0.540,0.540,0.540,516,2
0.450,0.450,0.450,0.500,0.500,0.500,0.520,0.520,0.520,0.500,0.500,0.500,338,1
0.500,0.500,0.500,0.500,0.500,0.500,0.500,0.500,0.500,0.450,0.450,0.450,210,1
0.500,0.500,0.500,0.500,0.500,0.500,0.530,0.530,0.530,0.500,0.500,0.500,878,1
0.550,0.550,0.550,0.500,0.500,0.500,0.540,0.540,0.540,0.500,0.500,0.500,329,1
0.500,0.500,0.500,0.500,0.500,0.500,0.530,0.530,0.530,0.500,0.500,0.500,977,1
0.550,0.550,0.550,0.500,0.500,0.500,0.550,0.550,0.550,0.500,0.500,0.500,594,1
0.500,0.500,0.500,0.500,0.500,0.500,0.450,0.450,0.450,0.500,0.500,0.500,243,2
0.500,0.500,0.500,0.500,0.500,0.500,0.500,0.500,0.500,0.530,0.530,0.530,581,2
0.500,0.500,0.500,0.550,0.550,0.550,0.500,0.500,0.500,0.530,0.530,0.530,559,2
0.500,0.500,0.500,0.500,0.500,0.500,0.500,0.500,0.500,0.450,0.450,0.450,276,1
0.500,0.500,0.500,0.550,0.550,0.550,0.500,0.500,0.500,0.480,0.480,0.480,323,1
0.450,0.450,0.450,0.500,0.500,0.500,0.500,0.500,0.500,0.500,0.500,0.500,600,1
0.500,0.500,0.500,0.500,0.500,0.500,0.500,0.500,0.500,0.500,0.500,0.500,50,2
0.500,0.500,0.500,0.500,0.500,0.500,0.500,0.500,0.500,0.490,0.490,0.490,940,1
0.550,0.550,0.550,0.500,0.500,0.500,0.510,0.510,0.510,0.500,0.500,0.500,623,1
0.500,0.500,0.500,0.550,0.550,0.550,0.500,0.500,0.500,0.510,0.510,0.510,359,2
0.450,0.450,0.450,0.500,0.500,0.500,0.480,0.480,0.480,0.500,0.500,0.500,532,2
0.500,0.500,0.500,0.550,0.550,0.550,0.500,0.500,0.500,0.540,0.540,0.540,494,2
0.500,0.500,0.500,0.500,0.500,0.500,0.500,0.500,0.500,0.520,0.520,0.520,118,2
0.500,0.500,0.500,0.550,0.550,0.550,0.500,0.500,0.500,0.460,0.460,0.460,816,1
0.550,0.550,0.550,0.500,0.500,0.500,0.540,0.540,0.540,0.500,0.500,0.500,164,1
0.500,0.500,0.500,0.500,0.500,0.500,0.500,0.500,0.500,0.480,0.480,0.480,81,1
0.450,0.450,0.450,0.500,0.500,0.500,0.510,0.510,0.510,0.500,0.500,0.500,799,1
0.500,0.500,0.500,0.550,0.550,0.550,0.500,0.500,0.500,0.520,0.520,0.520,261,2
0.500,0.500,0.500,0.500,0.500,0.500,0.470,0.470,0.470,0.500,0.500,0.500,80,2
0.500,0.500,0.500,0.550,0.550,0.550,0.500,0.500,0.500,0.550,0.550,0.550,264,2
0.500,0.500,0.500,0.500,0.500,0.500,0.530,0.530,0.530,0.500,0.500,0.500,20,1
0.500,0.500,0.500,0.500,0.500,0.500,0.500,0.500,0.500,0.470,0.470,0.470,509,1
0.500,0.500,0.500,0.500,0.500,0.500,0.500,0.500,0.500,0.460,0.460,0.460,607,1
0.500,0.500,0.500,0.550,0.550,0.550,0.500,0.500,0.500,0.510,0.510,0.510,95,2
0.500,0.500,0.500,0.500,0.500,0.500,0.520,0.520,0.520,0.500,0.500,0.500,349,1
0.500,0.500,0.500,0.500,0.500,0.500,0.510,0.510,0.510,0.500,0.500,0.500,447,1
0.500,0.500,0.500,0.450,0.450,0.450,0.500,0.500,0.500,0.510,0.510,0.510,865,2
0.450,0.450,0.450,0.500,0.500,0.500,0.460,0.460,0.460,0.500,0.500,0.500,200,2
0.500,0.500,0.500,0.500,0.500,0.500,0.530,0.530,0.530,0.500,0.500,0.500,350,1
0.500,0.500,0.500,0.500,0.500,0.500,0.500,0.500,0.500,0.480,0.480,0.480,807,1
0.450,0.450,0.450,0.500,0.500,0.500,0.470,0.470,0.470,0.500,0.500,0.500,135,2
0.500,0.500,0.500,0.450,0.450,0.450,0.500,0.500,0.500,0.520,0.520,0.520,965,2
0.500,0.500,0.500,0.500,0.500,0.500,0.490,0.490,0.490,0.500,0.500,0.500,742,2
0.450,0.450,0.450,0.500,0.500,0.500,0.510,0.510,0.510,0.500,0.500,0.500,271,1
0.500,0.500,0.500,0.500,0.500,0.500,0.550,0.550,0.550,0.500,0.500,0.500,55,1
0.500,0.500,0.500,0.450,0.450,0.450,0.500,0.500,0.500,0.450,0.450,0.450,859,1
0.500,0.500,0.500,0.500,0.500,0.500,0.500,0.500,0.500,0.500,0.500,0.500,182,1
0.500,0.500,0.500,0.550,0.550,0.550,0.500,0.500,0.500,0.480,0.480,0.480,620,1
0.500,0.500,0.500,0.500,0.500,0.500,0.500,0.500,0.500,0.470,0.470,0.470,707,1
0.500,0.500,0.500,0.450,0.450,0.450,0.500,0.500,0.500,0.490,0.490,0.490,731,1
0.500,0.500,0.500,0.500,0.500,0.500,0.470,0.470,0.470,0.500,0.500,0.500,971,2
0.550,0.550,0.550,0.500,0.500,0.500,0.550,0.550,0.550,0.500,0.500,0.500,330,1
0.500,0.500,0.500,0.500,0.500,0.500,0.490,0.490,0.490,0.500,0.500,0.500,346,2
0.500,0.500,0.500,0.550,0.550,0.550,0.500,0.500,0.500,0.540,0.540,0.540,527,2
0.550,0.550,0.550,0.500,0.500,0.500,0.450,0.450,0.450,0.500,0.500,0.500,914,2
0.500,0.500,0.500,0.500,0.500,0.500,0.500,0.500,0.500,0.450,0.450,0.450,474,1
0.500,0.500,0.500,0.500,0.500,0.500,0.540,0.540,0.540,0.500,0.500,0.500,417,1
0.550,0.550,0.550,0.500,0.500,0.500,0.540,0.540,0.540,0.500,0.500,0.500,791,1
0.500,0.500,0.500,0.450,0.450,0.450,0.500,0.500,0.500,0.540,0.540,0.540,373,2
0.500,0.500,0.500,0.500,0.500,0.500,0.480,0.480,0.480,0.500,0.500,0.500,642,2
0.550,0.550,0.550,0.500,0.500,0.500,0.540,0.540,0.540,0.500,0.500,0.500,857,1
0.500,0.500,0.500,0.500,0.500,0.500,0.500,0.500,0.500,0.450,0.450,0.450,78,1
0.500,0.500,0.500,0.500,0.500,0.500,0.480,0.480,0.480,0.500,0.500,0.500,708,2
0.550,0.550,0.550,0.500,0.500,0.500,0.490,0.490,0.490,0.500,0.500,0.500,951,2
0.550,0.550,0.550,0.500,0.500,0.500,0.470,0.470,0.470,0.500,0.500,0.500,949,2
0.500,0.500,0.500,0.500,0.500,0.500,0.500,0.500,0.500,0.540,0.540,0.540,714,2
0.450,0.450,0.450,0.500,0.500,0.500,0.530,0.530,0.530,0.500,0.500,0.500,174,1
0.450,0.450,0.450,0.500,0.500,0.500,0.510,0.510,0.510,0.500,0.500,0.500,964,1
0.500,0.500,0.500,0.500,0.500,0.500,0.500,0.500,0.500,0.470,0.470,0.470,476,1
0.450,0.450,0.450,0.500,0.500,0.500,0.500,0.500,0.500,0.500,0.500,0.500,72,1
0.500,0.500,0.500,0.550,0.550,0.550,0.500,0.500,0.500,0.510,0.510,0.510,557,2
0.500,0.500,0.500,0.500,0.500,0.500,0.500,0.500,0.500,0.460,0.460,0.460,739,1
0.500,0.500,0.500,0.500,0.500,0.500,0.500,0.500,0.500,0.510,0.510,0.510,18,2
0.450,0.450,0.450,0.500,0.500,0.500,0.490,0.490,0.490,0.500,0.500,0.500,71,2
0.450,0.450,0.450,0.500,0.500,0.500,0.530,0.530,0.530,0.500,0.500,0.500,933,1
0.450,0.450,0.450,0.500,0.500,0.500,0.540,0.540,0.540,0.500,0.500,0.500,868,1
0.500,0.500,0.500,0.550,0.550,0.550,0.500,0.500,0.500,0.500,0.500,0.500,589,2
0.500,0.500,0.500,0.500,0.500,0.500,0.500,0.500,0.500,0.520,0.520,0.520,382,2
0.500,0.500,0.500,0.450,0.450,0.450,0.500,0.500,0.500,0.520,0.520,0.520,239,2
0.500,0.500,0.500,0.550,0.550,0.550,0.500,0.500,0.500,0.510,0.510,0.510,227,2
0.500,0.500,0.500,0.500,0.500,0.500,0.500,0.500,0.500,0.450,0.450,0.450,705,1
0.450,0.450,0.450,0.500,0.500,0.500,0.530,0.530,0.530,0.500,0.500,0.500,372,1
0.450,0.450,0.450,0.500,0.500,0.500,0.540,0.540,0.540,0.500,0.500,0.500,934,1
0.450,0.450,0.450,0.500,0.500,0.500,0.450,0.450,0.450,0.500,0.500,0.500,892,2
0.550,0.550,0.550,0.500,0.500,0.500,0.550,0.550,0.550,0.500,0.500,0.500,924,1
0.550,0.550,0.550,0.500,0.500,0.500,0.490,0.490,0.490,0.500,0.500,0.500,159,2
0.500,0.500,0.500,0.550,0.550,0.550,0.500,0.500,0.500,0.450,0.450,0.450,353,1
0.550,0.550,0.550,0.500,0.500,0.500,0.530,0.530,0.530,0.500,0.500,0.500,493,1
0.500,0.500,0.500,0.500,0.500,0.500,0.500,0.500,0.500,0.460,0.460,0.460,805,1
0.500,0.500,0.500,0.500,0.500,0.500,0.500,0.500,0.500,0.500,0.500,0.500,248,2
0.500,0.500,0.500,0.500,0.500,0.500,0.490,0.490,0.490,0.500,0.500,0.500,16,2
0.500,0.500,0.500,0.500,0.500,0.500,0.500,0.500,0.500,0.550,0.550,0.550,715,2
0.500,0.500,0.500,0.450,0.450,0.450,0.500,0.500,0.500,0.450,0.450,0.450,34,1
0.450,0.450,0.450,0.500,0.500,0.500,0.500,0.500,0.500,0.500,0.500,0.500,732,1
0.500,0.500,0.500,0.550,0.550,0.550,0.500,0.500,0.500,0.490,0.490,0.490,621,1
0.500,0.500,0.500,0.500,0.500,0.500,0.480,0.480,0.480,0.500,0.500,0.500,213,2
0.500,0.500,0.500,0.500,0.500,0.500,0.500,0.500,0.500,0.530,0.530,0.530,614,2
0.450,0.450,0.450,0.500,0.500,0.500,0.520,0.520,0.520,0.500,0.500,0.500,503,1
0.500,0.500,0.500,0.500,0.500,0.500,0.500,0.500,0.500,0.520,0.520,0.520,52,2
0.500,0.500,0.500,0.550,0.550,0.550,0.500,0.500,0.500,0.490,0.490,0.490,126,1
0.550,0.550,0.550,0.500,0.500,0.500,0.540,0.540,0.540,0.500,0.500,0.500,197,1
0.550,0.550,0.550,0.500,0.500,0.500,0.450,0.450,0.450,0.500,0.500,0.500,716,2
0.500,0.500,0.500,0.500,0.500,0.500,0.540,0.540,0.540,0.500,0.500,0.500,21,1
0.500,0.500,0.500,0.500,0.500,0.500,0.500,0.500,0.500,0.480,0.480,0.480,510,1
0.500,0.500,0.500,0.450,0.450,0.450,0.500,0.500,0.500,0.550,0.550,0.550,242,2
0.550,0.550,0.550,0.500,0.500,0.500,0.490,0.490,0.490,0.500,0.500,0.500,291,2
0.500,0.500,0.500,0.450,0.450,0.450,0.500,0.500,0.500,0.510,0.510,0.510,766,2
0.500,0.500,0.500,0.500,0.500,0.500,0.500,0.500,0.500,0.500,0.500,0.500,578,1
0.450,0.450,0.450,0.500,0.500,0.500,0.500,0.500,0.500,0.500,0.500,0.500,666,1
0.500,0.500,0.500,0.500,0.500,0.500,0.500,0.500,0.500,0.490,0.490,0.490,247,1
0.500,0.500,0.500,0.550,0.550,0.550,0.500,0.500,0.500,0.490,0.490,0.490,456,1
0.500,0.500,0.500,0.550,0.550,0.550,0.500,0.500,0.500,0.520,0.520,0.520,96,2
0.500,0.500,0.500,0.500,0.500,0.500,0.450,0.450,0.450,0.500,0.500,0.500,837,2
0.550,0.550,0.550,0.500,0.500,0.500,0.470,0.470,0.470,0.500,0.500,0.500,817,2
0.550,0.550,0.550,0.500,0.500,0.500,0.450,0.450,0.450,0.500,0.500,0.500,188,2
0.500,0.500,0.500,0.500,0.500,0.500,0.450,0.450,0.450,0.500,0.500,0.500,738,2
0.500,0.500,0.500,0.550,0.550,0.550,0.500,0.500,0.500,0.460,0.460,0.460,222,1
0.500,0.500,0.500,0.450,0.450,0.450,0.500,0.500,0.500,0.500,0.500,0.500,105,2
0.500,0.500,0.500,0.450,0.450,0.450,0.500,0.500,0.500,0.550,0.550,0.550,968,2
0.500,0.500,0.500,0.450,0.450,0.450,0.500,0.500,0.500,0.540,0.540,0.540,208,2
0.500,0.500,0.500,0.550,0.550,0.550,0.500,0.500,0.500,0.530,0.530,0.530,31,2
0.500,0.500,0.500,0.550,0.550,0.550,0.500,0.500,0.500,0.520,0.520,0.520,789,2
0.500,0.500,0.500,0.550,0.550,0.550,0.500,0.500,0.500,0.550,0.550,0.550,132,2
0.500,0.500,0.500,0.550,0.550,0.550,0.500,0.500,0.500,0.550,0.550,0.550,528,2
0.450,0.450,0.450,0.500,0.500,0.500,0.480,0.480,0.480,0.500,0.500,0.500,862,2
0.500,0.500,0.500,0.550,0.550,0.550,0.500,0.500,0.500,0.450,0.450,0.450,551,1
0.550,0.550,0.550,0.500,0.500,0.500,0.500,0.500,0.500,0.500,0.500,0.500,523,1
0.500,0.500,0.500,0.500,0.500,0.500,0.510,0.510,0.510,0.500,0.500,0.500,612,1
0.500,0.500,0.500,0.450,0.450,0.450,0.500,0.500,0.500,0.550,0.550,0.550,44,2
0.500,0.500,0.500,0.450,0.450,0.450,0.500,0.500,0.500,0.470,0.470,0.470,663,1
0.500,0.500,0.500,0.450,0.450,0.450,0.500,0.500,0.500,0.530,0.530,0.530,801,2
0.450,0.450,0.450,0.500,0.500,0.500,0.460,0.460,0.460,0.500,0.500,0.500,662,2
0.500,0.500,0.500,0.500,0.500,0.500,0.500,0.500,0.500,0.500,0.500,0.500,611,1
0.500,0.500,0.500,0.550,0.550,0.550,0.500,0.500,0.500,0.470,0.470,0.470,454,1
0.550,0.550,0.550,0.500,0.500,0.500,0.450,0.450,0.450,0.500,0.500,0.500,23,2
0.450,0.450,0.450,0.500,0.500,0.500,0.470,0.470,0.470,0.500,0.500,0.500,960,2
0.550,0.550,0.550,0.500,0.500,0.500,0.470,0.470,0.470,0.500,0.500,0.500,223,2
0.500,0.500,0.500,0.500,0.500,0.500,0.480,0.480,0.480,0.500,0.500,0.500,906,2
0.500,0.500,0.500,0.450,0.450,0.450,0.500,0.500,0.500,0.500,0.500,0.500,567,2
0.500,0.500,0.500,0.450,0.450,0.450,0.500,0.500,0.500,0.460,0.460,0.460,695,1
0.500,0.500,0.500,0.550,0.550,0.550,0.500,0.500,0.500,0.460,0.460,0.460,783,1
0.500,0.500,0.500,0.550,0.550,0.550,0.500,0.500,0.500,0.510,0.510,0.510,953,2
0.500,0.500,0.500,0.450,0.450,0.450,0.500,0.500,0.500,0.510,0.510,0.510,106,2
0.500,0.500,0.500,0.500,0.500,0.500,0.510,0.510,0.510,0.500,0.500,0.500,975,1
0.500,0.500,0.500,0.500,0.500,0.500,0.500,0.500,0.500,0.540,0.540,0.540,285,2
0.500,0.500,0.500,0.500,0.500,0.500,0.540,0.540,0.540,0.500,0.500,0.500,681,1
0.550,0.550,0.550,0.500,0.500,0.500,0.540,0.540,0.540,0.500,0.500,0.500,98,1
0.500,0.500,0.500,0.550,0.550,0.550,0.500,0.500,0.500,0.460,0.460,0.460,453,1
0.450,0.450,0.450,0.500,0.500,0.500,0.480,0.480,0.480,0.500,0.500,0.500,301,2
0.500,0.500,0.500,0.550,0.550,0.550,0.500,0.500,0.500,0.500,0.500,0.500,28,2
0.500,0.500,0.500,0.550,0.550,0.550,0.500,0.500,0.500,0.480,0.480,0.480,950,1
0.500,0.500,0.500,0.500,0.500,0.500,0.500,0.500,0.500,0.450,0.450,0.450,639,1
0.550,0.550,0.550,0.500,0.500,0.500,0.540,0.540,0.540,0.500,0.500,0.500,659,1
0.500,0.500,0.500,0.450,0.450,0.450,0.500,0.500,0.500,0.480,0.480,0.480,268,1
0.500,0.500,0.500,0.550,0.550,0.550,0.500,0.500,0.500,0.550,0.550,0.550,561,2
0.500,0.500,0.500,0.500,0.500,0.500,0.490,0.490,0.490,0.500,0.500,0.500,82,2
0.500,0.500,0.500,0.450,0.450,0.450,0.500,0.500,0.500,0.470,0.470,0.470,201,1
0.500,0.500,0.500,0.550,0.550,0.550,0.500,0.500,0.500,0.510,0.510,0.510,524,2
0.500,0.500,0.500,0.450,0.450,0.450,0.500,0.500,0.500,0.520,0.520,0.520,404,2
0.550,0.550,0.550,0.500,0.500,0.500,0.530,0.530,0.530,0.500,0.500,0.500,196,1
0.500,0.500,0.500,0.500,0.500,0.500,0.540,0.540,0.540,0.500,0.500,0.500,912,1
0.500,0.500,0.500,0.500,0.500,0.500,0.500,0.500,0.500,0.490,0.490,0.490,379,1
0.500,0.500,0.500,0.550,0.550,0.550,0.500,0.500,0.500,0.550,0.550,0.550,759,2
0.500,0.500,0.500,0.450,0.450,0.450,0.500,0.500,0.500,0.460,0.460,0.460,893,1
0.500,0.500,0.500,0.550,0.550,0.550,0.500,0.500,0.500,0.450,0.450,0.450,683,1
0.500,0.500,0.500,0.500,0.500,0.500,0.500,0.500,0.500,0.480,0.480,0.480,609,1
0.550,0.550,0.550,0.500,0.500,0.500,0.500,0.500,0.500,0.500,0.500,0.500,886,1
0.500,0.500,0.500,0.500,0.500,0.500,0.500,0.500,0.500,0.520,0.520,0.520,19,2
0.500,0.500,0.500,0.550,0.550,0.550,0.500,0.500,0.500,0.450,0.450,0.450,254,1
0.500,0.500,0.500,0.500,0.500,0.500,0.500,0.500,0.500,0.460,0.460,0.460,508,1
0.500,0.500,0.500,0.450,0.450,0.450,0.500,0.500,0.500,0.460,0.460,0.460,332,1
0.500,0.500,0.500,0.550,0.550,0.550,0.500,0.500,0.500,0.460,0.460,0.460,387,1
0.500,0.500,0.500,0.500,0.500,0.500,0.500,0.500,0.500,0.490,0.490,0.490,544,1
0.450,0.450,0.450,0.500,0.500,0.500,0.530,0.530,0.530,0.500,0.500,0.500,141,1
0.450,0.450,0.450,0.500,0.500,0.500,0.520,0.520,0.520,0.500,0.500,0.500,206,1
0.500,0.500,0.500,0.500,0.500,0.500,0.500,0.500,0.500,0.460,0.460,0.460,376,1
0.450,0.450,0.450,0.500,0.500,0.500,0.530,0.530,0.530,0.500,0.500,0.500,735,1
0.500,0.500,0.500,0.450,0.450,0.450,0.500,0.500,0.500,0.540,0.540,0.540,241,2
0.500,0.500,0.500,0.550,0.550,0.550,0.500,0.500,0.500,0.530,0.530,0.530,262,2
0.500,0.500,0.500,0.550,0.550,0.550,0.500,0.500,0.500,0.500,0.500,0.500,985,2
0.500,0.500,0.500,0.550,0.550,0.550,0.500,0.500,0.500,0.450,0.450,0.450,122,1
0.500,0.500,0.500,0.550,0.550,0.550,0.500,0.500,0.500,0.460,0.460,0.460,948,1
0.500,0.500,0.500,0.550,0.550,0.550,0.500,0.500,0.500,0.470,0.470,0.470,586,1
0.450,0.450,0.450,0.500,0.500,0.500,0.510,0.510,0.510,0.500,0.500,0.500,7,1
0.500,0.500,0.500,0.450,0.450,0.450,0.500,0.500,0.500,0.530,0.530,0.530,339,2
0.500,0.500,0.500,0.450,0.450,0.450,0.500,0.500,0.500,0.550,0.550,0.550,506,2
0.500,0.500,0.500,0.450,0.450,0.450,0.500,0.500,0.500,0.550,0.550,0.550,275,2
0.500,0.500,0.500,0.450,0.450,0.450,0.500,0.500,0.500,0.480,0.480,0.480,499,1
0.450,0.450,0.450,0.500,0.500,0.500,0.550,0.550,0.550,0.500,0.500,0.500,704,1
0.500,0.500,0.500,0.500,0.500,0.500,0.500,0.500,0.500,0.540,0.540,0.540,186,2
0.500,0.500,0.500,0.450,0.450,0.450,0.500,0.500,0.500,0.460,0.460,0.460,266,1
0.500,0.500,0.500,0.550,0.550,0.550,0.500,0.500,0.500,0.550,0.550,0.550,726,2
0.450,0.450,0.450,0.500,0.500,0.500,0.450,0.450,0.450,0.500,0.500,0.500,133,2
0.500,0.500,0.500,0.500,0.500,0.500,0.460,0.460,0.460,0.500,0.500,0.500,112,2
0.500,0.500,0.500,0.550,0.550,0.550,0.500,0.500,0.500,0.510,0.510,0.510,194,2
0.550,0.550,0.550,0.500,0.500,0.500,0.480,0.480,0.480,0.500,0.500,0.500,158,2
0.550,0.550,0.550,0.500,0.500,0.500,0.520,0.520,0.520,0.500,0.500,0.500,657,1
0.500,0.500,0.500,0.500,0.500,0.500,0.500,0.500,0.500,0.550,0.550,0.550,88,2
0.450,0.450,0.450,0.500,0.500,0.500,0.540,0.540,0.540,0.500,0.500,0.500,769,1
0.550,0.550,0.550,0.500,0.500,0.500,0.480,0.480,0.480,0.500,0.500,0.500,521,2
0.500,0.500,0.500,0.450,0.450,0.450,0.500,0.500,0.500,0.480,0.480,0.480,70,1
0.500,0.500,0.500,0.500,0.500,0.500,0.470,0.470,0.470,0.500,0.500,0.500,146,2
0.450,0.450,0.450,0.500,0.500,0.500,0.550,0.550,0.550,0.500,0.500,0.500,374,1
0.450,0.450,0.450,0.500,0.500,0.500,0.520,0.520,0.520,0.500,0.500,0.500,74,1
0.450,0.450,0.450,0.500,0.500,0.500,0.450,0.450,0.450,0.500,0.500,0.500,826,2
0.500,0.500,0.500,0.550,0.550,0.550,0.500,0.500,0.500,0.450,0.450,0.450,56,1
0.500,0.500,0.500,0.450,0.450,0.450,0.500,0.500,0.500,0.450,0.450,0.450,199,1
0.500,0.500,0.500,0.550,0.550,0.550,0.500,0.500,0.500,0.520,0.520,0.520,393,2
0.500,0.500,0.500,0.500,0.500,0.500,0.550,0.550,0.550,0.500,0.500,0.500,121,1
0.450,0.450,0.450,0.500,0.500,0.500,0.530,0.530,0.530,0.500,0.500,0.500,702,1
0.500,0.500,0.500,0.550,0.550,0.550,0.500,0.500,0.500,0.530,0.530,0.530,64,2
0.550,0.550,0.550,0.500,0.500,0.500,0.530,0.530,0.530,0.500,0.500,0.500,856,1
0.500,0.500,0.500,0.450,0.450,0.450,0.500,0.500,0.500,0.530,0.530,0.530,867,2
0.450,0.450,0.450,0.500,0.500,0.500,0.550,0.550,0.550,0.500,0.500,0.500,77,1
0.500,0.500,0.500,0.550,0.550,0.550,0.500,0.500,0.500,0.500,0.500,0.500,721,2
0.500,0.500,0.500,0.500,0.500,0.500,0.500,0.500,0.500,0.500,0.500,0.500,512,2
0.500,0.500,0.500,0.450,0.450,0.450,0.500,0.500,0.500,0.520,0.520,0.520,800,2
0.500,0.500,0.500,0.500,0.500,0.500,0.500,0.500,0.500,0.530,0.530,0.530,548,2
0.500,0.500,0.500,0.500,0.500,0.500,0.500,0.500,0.500,0.510,0.510,0.510,150,2
0.500,0.500,0.500,0.550,0.550,0.550,0.500,0.500,0.500,0.460,0.460,0.460,420,1
0.500,0.500,0.500,0.550,0.550,0.550,0.500,0.500,0.500,0.460,0.460,0.460,750,1
0.450,0.450,0.450,0.500,0.500,0.500,0.510,0.510,0.510,0.500,0.500,0.500,337,1
0.500,0.500,0.500,0.450,0.450,0.450,0.500,0.500,0.500,0.490,0.490,0.490,5,1
0.550,0.550,0.550,0.500,0.500,0.500,0.550,0.550,0.550,0.500,0.500,0.500,858,1
0.500,0.500,0.500,0.500,0.500,0.500,0.500,0.500,0.500,0.550,0.550,0.550,682,2
0.500,0.500,0.500,0.500,0.500,0.500,0.470,0.470,0.470,0.500,0.500,0.500,839,2
0.500,0.500,0.500,0.450,0.450,0.450,0.500,0.500,0.500,0.480,0.480,0.480,202,1
0.450,0.450,0.450,0.500,0.500,0.500,0.490,0.490,0.490,0.500,0.500,0.500,599,2
0.500,0.500,0.500,0.500,0.500,0.500,0.520,0.520,0.520,0.500,0.500,0.500,811,1
0.500,0.500,0.500,0.450,0.450,0.450,0.500,0.500,0.500,0.480,0.480,0.480,895,1
0.450,0.450,0.450,0.500,0.500,0.500,0.540,0.540,0.540,0.500,0.500,0.500,736,1
0.500,0.500,0.500,0.500,0.500,0.500,0.500,0.500,0.500,0.540,0.540,0.540,978,2
0.500,0.500,0.500,0.500,0.500,0.500,0.520,0.520,0.520,0.500,0.500,0.500,910,1
0.500,0.500,0.500,0.550,0.550,0.550,0.500,0.500,0.500,0.460,0.460,0.460,90,1
0.450,0.450,0.450,0.500,0.500,0.500,0.490,0.490,0.490,0.500,0.500,0.500,137,2
0.500,0.500,0.500,0.450,0.450,0.450,0.500,0.500,0.500,0.490,0.490,0.490,566,1
0.550,0.550,0.550,0.500,0.500,0.500,0.490,0.490,0.490,0.500,0.500,0.500,60,2
0.500,0.500,0.500,0.550,0.550,0.550,0.500,0.500,0.500,0.470,0.470,0.470,850,1
0.550,0.550,0.550,0.500,0.500,0.500,0.540,0.540,0.540,0.500,0.500,0.500,65,1
0.500,0.500,0.500,0.500,0.500,0.500,0.450,0.450,0.450,0.500,0.500,0.500,12,2
0.500,0.500,0.500,0.500,0.500,0.500,0.500,0.500,0.500,0.490,0.490,0.490,115,1
0.550,0.550,0.550,0.500,0.500,0.500,0.530,0.530,0.530,0.500,0.500,0.500,889,1
0.500,0.500,0.500,0.500,0.500,0.500,0.470,0.470,0.470,0.500,0.500,0.500,113,2
0.500,0.500,0.500,0.550,0.550,0.550,0.500,0.500,0.500,0.450,0.450,0.450,518,1
0.500,0.500,0.500,0.500,0.500,0.500,0.500,0.500,0.500,0.480,0.480,0.480,48,1
0.500,0.500,0.500,0.500,0.500,0.500,0.450,0.450,0.450,0.500,0.500,0.500,408,2
0.500,0.500,0.500,0.550,0.550,0.550,0.500,0.500,0.500,0.450,0.450,0.450,221,1
0.500,0.500,0.500,0.500,0.500,0.500,0.500,0.500,0.500,0.480,0.480,0.480,543,1
0.450,0.450,0.450,0.500,0.500,0.500,0.550,0.550,0.550,0.500,0.500,0.500,440,1
0.550,0.550,0.550,0.500,0.500,0.500,0.510,0.510,0.510,0.500,0.500,0.500,656,1
0.500,0.500,0.500,0.500,0.500,0.500,0.550,0.550,0.550,0.500,0.500,0.500,616,1
0.500,0.500,0.500,0.500,0.500,0.500,0.500,0.500,0.500,0.460,0.460,0.460,211,1
0.500,0.500,0.500,0.500,0.500,0.500,0.510,0.510,0.510,0.500,0.500,0.500,51,1
0.500,0.500,0.500,0.550,0.550,0.550,0.500,0.500,0.500,0.490,0.490,0.490,555,1
0.500,0.500,0.500,0.450,0.450,0.450,0.500,0.500,0.500,0.550,0.550,0.550,143,2
0.500,0.500,0.500,0.500,0.500,0.500,0.490,0.490,0.490,0.500,0.500,0.500,973,2
0.500,0.500,0.500,0.500,0.500,0.500,0.500,0.500,0.500,0.510,0.510,0.510,249,2
0.500,0.500,0.500,0.550,0.550,0.550,0.500,0.500,0.500,0.490,0.490,0.490,984,1
0.500,0.500,0.500,0.450,0.450,0.450,0.500,0.500,0.500,0.490,0.490,0.490,434,1
0.500,0.500,0.500,0.450,0.450,0.450,0.500,0.500,0.500,0.540,0.540,0.540,109,2
0.500,0.500,0.500,0.450,0.450,0.450,0.500,0.500,0.500,0.530,0.530,0.530,273,2
0.550,0.550,0.550,0.500,0.500,0.500,0.510,0.510,0.510,0.500,0.500,0.500,458,1
0.500,0.500,0.500,0.500,0.500,0.500,0.500,0.500,0.500,0.480,0.480,0.480,378,1
0.500,0.500,0.500,0.450,0.450,0.450,0.500,0.500,0.500,0.480,0.480,0.480,961,1
0.500,0.500,0.500,0.500,0.500,0.500,0.500,0.500,0.500,0.550,0.550,0.550,286,2
0.500,0.500,0.500,0.550,0.550,0.550,0.500,0.500,0.500,0.540,0.540,0.540,461,2
0.500,0.500,0.500,0.550,0.550,0.550,0.500,0.500,0.500,0.450,0.450,0.450,881,1
0.500,0.500,0.500,0.500,0.500,0.500,0.500,0.500,0.500,0.490,0.490,0.490,874,1
0.500,0.500,0.500,0.500,0.500,0.500,0.530,0.530,0.530,0.500,0.500,0.500,185,1
0.500,0.500,0.500,0.500,0.500,0.500,0.490,0.490,0.490,0.500,0.500,0.500,181,2
0.500,0.500,0.500,0.500,0.500,0.500,0.500,0.500,0.500,0.500,0.500,0.500,83,1
0.500,0.500,0.500,0.500,0.500,0.500,0.500,0.500,0.500,0.480,0.480,0.480,180,1
0.550,0.550,0.550,0.500,0.500,0.500,0.530,0.530,0.530,0.500,0.500,0.500,955,1
0.500,0.500,0.500,0.550,0.550,0.550,0.500,0.500,0.500,0.520,0.520,0.520,723,2
0.550,0.550,0.550,0.500,0.500,0.500,0.480,0.480,0.480,0.500,0.500,0.500,554,2
0.550,0.550,0.550,0.500,0.500,0.500,0.480,0.480,0.480,0.500,0.500,0.500,752,2
0.500,0.500,0.500,0.500,0.500,0.500,0.500,0.500,0.500,0.460,0.460,0.460,13,1
0.500,0.500,0.500,0.500,0.500,0.500,0.490,0.490,0.490,0.500,0.500,0.500,445,2
0.450,0.450,0.450,0.500,0.500,0.500,0.510,0.510,0.510,0.500,0.500,0.500,568,1
0.450,0.450,0.450,0.500,0.500,0.500,0.480,0.480,0.480,0.500,0.500,0.500,928,2
0.500,0.500,0.500,0.500,0.500,0.500,0.500,0.500,0.500,0.520,0.520,0.520,646,2
0.450,0.450,0.450,0.500,0.500,0.500,0.450,0.450,0.450,0.500,0.500,0.500,1,2
0.500,0.500,0.500,0.450,0.450,0.450,0.500,0.500,0.500,0.490,0.490,0.490,632,1
0.550,0.550,0.550,0.500,0.500,0.500,0.540,0.540,0.540,0.500,0.500,0.500,956,1
0.500,0.500,0.500,0.550,0.550,0.550,0.500,0.500,0.500,0.480,0.480,0.480,290,1
0.450,0.450,0.450,0.500,0.500,0.500,0.470,0.470,0.470,0.500,0.500,0.500,300,2
0.450,0.450,0.450,0.500,0.500,0.500,0.540,0.540,0.540,0.500,0.500,0.500,967,1
0.500,0.500,0.500,0.500,0.500,0.500,0.510,0.510,0.510,0.500,0.500,0.500,282,1
0.500,0.500,0.500,0.550,0.550,0.550,0.500,0.500,0.500,0.500,0.500,0.500,688,2
0.450,0.450,0.450,0.500,0.500,0.500,0.470,0.470,0.470,0.500,0.500,0.500,795,2
0.500,0.500,0.500,0.500,0.500,0.500,0.490,0.490,0.490,0.500,0.500,0.500,709,2
0.550,0.550,0.550,0.500,0.500,0.500,0.530,0.530,0.530,0.500,0.500,0.500,130,1
0.450,0.450,0.450,0.500,0.500,0.500,0.530,0.530,0.530,0.500,0.500,0.500,603,1
0.550,0.550,0.550,0.500,0.500,0.500,0.530,0.530,0.530,0.500,0.500,0.500,922,1
0.500,0.500,0.500,0.450,0.450,0.450,0.500,0.500,0.500,0.520,0.520,0.520,569,2
0.500,0.500,0.500,0.500,0.500,0.500,0.470,0.470,0.470,0.500,0.500,0.500,311,2
0.500,0.500,0.500,0.500,0.500,0.500,0.500,0.500,0.500,0.450,0.450,0.450,309,1
0.550,0.550,0.550,0.500,0.500,0.500,0.460,0.460,0.460,0.500,0.500,0.500,24,2
0.500,0.500,0.500,0.500,0.500,0.500,0.500,0.500,0.500,0.500,0.500,0.500,479,1
0.450,0.450,0.450,0.500,0.500,0.500,0.520,0.520,0.520,0.500,0.500,0.500,932,1
0.450,0.450,0.450,0.500,0.500,0.500,0.470,0.470,0.470,0.500,0.500,0.500,597,2
0.500,0.500,0.500,0.550,0.550,0.550,0.500,0.500,0.500,0.480,0.480,0.480,719,1
0.500,0.500,0.500,0.550,0.550,0.550,0.500,0.500,0.500,0.510,0.510,0.510,128,2
0.450,0.450,0.450,0.500,0.500,0.500,0.540,0.540,0.540,0.500,0.500,0.500,670,1
0.500,0.500,0.500,0.550,0.550,0.550,0.500,0.500,0.500,0.540,0.540,0.540,395,2
0.500,0.500,0.500,0.550,0.550,0.550,0.500,0.500,0.500,0.490,0.490,0.490,324,1
0.500,0.500,0.500,0.500,0.500,0.500,0.530,0.530,0.530,0.500,0.500,0.500,515,1
0.500,0.500,0.500,0.500,0.500,0.500,0.450,0.450,0.450,0.500,0.500,0.500,540,2
0.500,0.500,0.500,0.500,0.500,0.500,0.500,0.500,0.500,0.550,0.550,0.550,847,2
0.500,0.500,0.500,0.550,0.550,0.550,0.500,0.500,0.500,0.530,0.530,0.530,625,2
0.500,0.500,0.500,0.450,0.450,0.450,0.500,0.500,0.500,0.510,0.510,0.510,667,2
0.500,0.500,0.500,0.500,0.500,0.500,0.510,0.510,0.510,0.500,0.500,0.500,183,1
0.500,0.500,0.500,0.500,0.500,0.500,0.510,0.510,0.510,0.500,0.500,0.500,579,1
0.450,0.450,0.450,0.500,0.500,0.500,0.540,0.540,0.540,0.500,0.500,0.500,43,1
0.500,0.500,0.500,0.450,0.450,0.450,0.500,0.500,0.500,0.500,0.500,0.500,270,2
0.500,0.500,0.500,0.550,0.550,0.550,0.500,0.500,0.500,0.550,0.550,0.550,957,2
0.500,0.500,0.500,0.500,0.500,0.500,0.460,0.460,0.460,0.500,0.500,0.500,310,2
0.500,0.500,0.500,0.500,0.500,0.500,0.520,0.520,0.520,0.500,0.500,0.500,976,1
0.550,0.550,0.550,0.500,0.500,0.500,0.540,0.540,0.540,0.500,0.500,0.500,428,1
0.500,0.500,0.500,0.500,0.500,0.500,0.450,0.450,0.450,0.500,0.500,0.500,936,2
0.500,0.500,0.500,0.550,0.550,0.550,0.500,0.500,0.500,0.490,0.490,0.490,357,1
0.500,0.500,0.500,0.450,0.450,0.450,0.500,0.500,0.500,0.530,0.530,0.530,834,2
0.500,0.500,0.500,0.550,0.550,0.550,0.500,0.500,0.500,0.550,0.550,0.550,297,2
0.450,0.450,0.450,0.500,0.500,0.500,0.530,0.530,0.530,0.500,0.500,0.500,900,1
0.500,0.500,0.500,0.450,0.450,0.450,0.500,0.500,0.500,0.460,0.460,0.460,959,1
0.500,0.500,0.500,0.500,0.500,0.500,0.460,0.460,0.460,0.500,0.500,0.500,475,2
0.500,0.500,0.500,0.500,0.500,0.500,0.490,0.490,0.490,0.500,0.500,0.500,511,2
0.550,0.550,0.550,0.500,0.500,0.500,0.490,0.490,0.490,0.500,0.500,0.500,93,2
0.550,0.550,0.550,0.500,0.500,0.500,0.500,0.500,0.500,0.500,0.500,0.500,391,1
0.500,0.500,0.500,0.450,0.450,0.450,0.500,0.500,0.500,0.480,0.480,0.480,103,1
0.500,0.500,0.500,0.450,0.450,0.450,0.500,0.500,0.500,0.510,0.510,0.510,370,2
0.500,0.500,0.500,0.550,0.550,0.550,0.500,0.500,0.500,0.500,0.500,0.500,292,2
0.500,0.500,0.500,0.450,0.450,0.450,0.500,0.500,0.500,0.550,0.550,0.550,605,2
0.550,0.550,0.550,0.500,0.500,0.500,0.530,0.530,0.530,0.500,0.500,0.500,691,1
0.450,0.450,0.450,0.500,0.500,0.500,0.490,0.490,0.490,0.500,0.500,0.500,698,2
0.500,0.500,0.500,0.450,0.450,0.450,0.500,0.500,0.500,0.470,0.470,0.470,3,1
0.500,0.500,0.500,0.450,0.450,0.450,0.500,0.500,0.500,0.450,0.450,0.450,331,1
0.500,0.500,0.500,0.450,0.450,0.450,0.500,0.500,0.500,0.530,0.530,0.530,966,2
0.450,0.450,0.450,0.500,0.500,0.500,0.550,0.550,0.550,0.500,0.500,0.500,572,1
0.500,0.500,0.500,0.450,0.450,0.450,0.500,0.500,0.500,0.460,0.460,0.460,299,1
0.550,0.550,0.550,0.500,0.500,0.500,0.510,0.510,0.510,0.500,0.500,0.500,788,1
0.500,0.500,0.500,0.450,0.450,0.450,0.500,0.500,0.500,0.460,0.460,0.460,596,1
0.500,0.500,0.500,0.450,0.450,0.450,0.500,0.500,0.500,0.490,0.490,0.490,104,1
0.450,0.450,0.450,0.500,0.500,0.500,0.550,0.550,0.550,0.500,0.500,0.500,341,1
0.450,0.450,0.450,0.500,0.500,0.500,0.480,0.480,0.480,0.500,0.500,0.500,367,2
0.500,0.500,0.500,0.500,0.500,0.500,0.500,0.500,0.500,0.450,0.450,0.450,177,1
0.450,0.450,0.450,0.500,0.500,0.500,0.490,0.490,0.490,0.500,0.500,0.500,764,2
0.500,0.500,0.500,0.500,0.500,0.500,0.540,0.540,0.540,0.500,0.500,0.500,351,1
0.550,0.550,0.550,0.500,0.500,0.500,0.550,0.550,0.550,0.500,0.500,0.500,33,1
0.450,0.450,0.450,0.500,0.500,0.500,0.460,0.460,0.460,0.500,0.500,0.500,728,2
0.550,0.550,0.550,0.500,0.500,0.500,0.530,0.530,0.530,0.500,0.500,0.500,295,1
0.550,0.550,0.550,0.500,0.500,0.500,0.460,0.460,0.460,0.500,0.500,0.500,156,2
0.500,0.500,0.500,0.550,0.550,0.550,0.500,0.500,0.500,0.550,0.550,0.550,429,2
0.500,0.500,0.500,0.450,0.450,0.450,0.500,0.500,0.500,0.480,0.480,0.480,235,1
0.450,0.450,0.450,0.500,0.500,0.500,0.510,0.510,0.510,0.500,0.500,0.500,931,1
0.500,0.500,0.500,0.500,0.500,0.500,0.500,0.500,0.500,0.460,0.460,0.460,673,1
0.450,0.450,0.450,0.500,0.500,0.500,0.500,0.500,0.500,0.500,0.500,0.500,864,1
0.500,0.500,0.500,0.450,0.450,0.450,0.500,0.500,0.500,0.450,0.450,0.450,562,1
0.500,0.500,0.500,0.450,0.450,0.450,0.500,0.500,0.500,0.460,0.460,0.460,134,1
0.500,0.500,0.500,0.500,0.500,0.500,0.520,0.520,0.520,0.500,0.500,0.500,712,1
0.500,0.500,0.500,0.450,0.450,0.450,0.500,0.500,0.500,0.520,0.520,0.520,734,2
0.450,0.450,0.450,0.500,0.500,0.500,0.500,0.500,0.500,0.500,0.500,0.500,237,1
0.550,0.550,0.550,0.500,0.500,0.500,0.500,0.500,0.500,0.500,0.500,0.500,556,1
0.500,0.500,0.500,0.500,0.500,0.500,0.500,0.500,0.500,0.470,0.470,0.470,773,1
0.500,0.500,0.500,0.550,0.550,0.550,0.500,0.500,0.500,0.490,0.490,0.490,786,1
0.500,0.500,0.500,0.500,0.500,0.500,0.540,0.540,0.540,0.500,0.500,0.500,846,1
0.450,0.450,0.450,0.500,0.500,0.500,0.540,0.540,0.540,0.500,0.500,0.500,538,1
0.550,0.550,0.550,0.500,0.500,0.500,0.480,0.480,0.480,0.500,0.500,0.500,356,2
0.500,0.500,0.500,0.500,0.500,0.500,0.550,0.550,0.550,0.500,0.500,0.500,550,1
0.450,0.450,0.450,0.500,0.500,0.500,0.510,0.510,0.510,0.500,0.500,0.500,832,1
0.450,0.450,0.450,0.500,0.500,0.500,0.450,0.450,0.450,0.500,0.500,0.500,430,2
0.500,0.500,0.500,0.500,0.500,0.500,0.530,0.530,0.530,0.500,0.500,0.500,647,1
0.550,0.550,0.550,0.500,0.500,0.500,0.540,0.540,0.540,0.500,0.500,0.500,890,1
0.450,0.450,0.450,0.500,0.500,0.500,0.500,0.500,0.500,0.500,0.500,0.500,930,1
0.500,0.500,0.500,0.500,0.500,0.500,0.500,0.500,0.500,0.510,0.510,0.510,216,2
0.500,0.500,0.500,0.500,0.500,0.500,0.540,0.540,0.540,0.500,0.500,0.500,780,1
0.500,0.500,0.500,0.500,0.500,0.500,0.500,0.500,0.500,0.530,0.530,0.530,416,2
0.500,0.500,0.500,0.500,0.500,0.500,0.550,0.550,0.550,0.500,0.500,0.500,517,1
0.500,0.500,0.500,0.500,0.500,0.500,0.520,0.520,0.520,0.500,0.500,0.500,943,1
0.450,0.450,0.450,0.500,0.500,0.500,0.480,0.480,0.480,0.500,0.500,0.500,829,2
0.500,0.500,0.500,0.500,0.500,0.500,0.500,0.500,0.500,0.450,0.450,0.450,804,1
0.500,0.500,0.500,0.500,0.500,0.500,0.500,0.500,0.500,0.520,0.520,0.520,316,2
0.500,0.500,0.500,0.500,0.500,0.500,0.540,0.540,0.540,0.500,0.500,0.500,87,1
0.500,0.500,0.500,0.500,0.500,0.500,0.500,0.500,0.500,0.460,0.460,0.460,409,1
0.500,0.500,0.500,0.550,0.550,0.550,0.500,0.500,0.500,0.530,0.530,0.530,526,2
0.500,0.500,0.500,0.550,0.550,0.550,0.500,0.500,0.500,0.490,0.490,0.490,753,1
0.550,0.550,0.550,0.500,0.500,0.500,0.530,0.530,0.530,0.500,0.500,0.500,658,1
0.500,0.500,0.500,0.500,0.500,0.500,0.500,0.500,0.500,0.500,0.500,0.500,17,2
0.450,0.450,0.450,0.500,0.500,0.500,0.490,0.490,0.490,0.500,0.500,0.500,962,2
0.500,0.500,0.500,0.550,0.550,0.550,0.500,0.500,0.500,0.480,0.480,0.480,224,1
0.500,0.500,0.500,0.450,0.450,0.450,0.500,0.500,0.500,0.550,0.550,0.550,803,2
0.500,0.500,0.500,0.450,0.450,0.450,0.500,0.500,0.500,0.460,0.460,0.460,35,1
0.500,0.500,0.500,0.500,0.500,0.500,0.530,0.530,0.530,0.500,0.500,0.500,746,1
0.500,0.500,0.500,0.500,0.500,0.500,0.500,0.500,0.500,0.550,0.550,0.550,253,2
0.500,0.500,0.500,0.500,0.500,0.500,0.470,0.470,0.470,0.500,0.500,0.500,179,2
0.450,0.450,0.450,0.500,0.500,0.500,0.550,0.550,0.550,0.500,0.500,0.500,770,1
0.500,0.500,0.500,0.450,0.450,0.450,0.500,0.500,0.500,0.520,0.520,0.520,371,2
0.500,0.500,0.500,0.500,0.500,0.500,0.500,0.500,0.500,0.540,0.540,0.540,219,2
0.550,0.550,0.550,0.500,0.500,0.500,0.550,0.550,0.550,0.500,0.500,0.500,891,1
0.500,0.500,0.500,0.450,0.450,0.450,0.500,0.500,0.500,0.470,0.470,0.470,531,1
0.500,0.500,0.500,0.500,0.500,0.500,0.500,0.500,0.500,0.480,0.480,0.480,873,1
0.500,0.500,0.500,0.550,0.550,0.550,0.500,0.500,0.500,0.460,0.460,0.460,189,1
0.500,0.500,0.500,0.450,0.450,0.450,0.500,0.500,0.500,0.490,0.490,0.490,500,1
0.550,0.550,0.550,0.500,0.500,0.500,0.540,0.540,0.540,0.500,0.500,0.500,626,1
0.550,0.550,0.550,0.500,0.500,0.500,0.520,0.520,0.520,0.500,0.500,0.500,492,1
0.500,0.500,0.500,0.500,0.500,0.500,0.500,0.500,0.500,0.550,0.550,0.550,154,2
0.450,0.450,0.450,0.500,0.500,0.500,0.460,0.460,0.460,0.500,0.500,0.500,761,2
0.500,0.500,0.500,0.500,0.500,0.500,0.500,0.500,0.500,0.530,0.530,0.530,680,2
0.500,0.500,0.500,0.550,0.550,0.550,0.500,0.500,0.500,0.460,0.460,0.460,288,1
0.500,0.500,0.500,0.500,0.500,0.500,0.500,0.500,0.500,0.460,0.460,0.460,904,1
0.550,0.550,0.550,0.500,0.500,0.500,0.490,0.490,0.490,0.500,0.500,0.500,390,2
0.450,0.450,0.450,0.500,0.500,0.500,0.450,0.450,0.450,0.500,0.500,0.500,496,2
0.500,0.500,0.500,0.450,0.450,0.450,0.500,0.500,0.500,0.500,0.500,0.500,204,2
0.500,0.500,0.500,0.500,0.500,0.500,0.500,0.500,0.500,0.520,0.520,0.520,547,2
0.450,0.450,0.450,0.500,0.500,0.500,0.510,0.510,0.510,0.500,0.500,0.500,73,1
0.450,0.450,0.450,0.500,0.500,0.500,0.540,0.540,0.540,0.500,0.500,0.500,175,1
0.500,0.500,0.500,0.450,0.450,0.450,0.500,0.500,0.500,0.470,0.470,0.470,696,1
0.500,0.500,0.500,0.500,0.500,0.500,0.500,0.500,0.500,0.530,0.530,0.530,251,2
0.500,0.500,0.500,0.500,0.500,0.500,0.500,0.500,0.500,0.540,0.540,0.540,747,2
0.500,0.500,0.500,0.550,0.550,0.550,0.500,0.500,0.500,0.510,0.510,0.510,491,2
0.500,0.500,0.500,0.500,0.500,0.500,0.550,0.550,0.550,0.500,0.500,0.500,187,1
0.500,0.500,0.500,0.550,0.550,0.550,0.500,0.500,0.500,0.530,0.530,0.530,724,2
0.450,0.450,0.450,0.500,0.500,0.500,0.500,0.500,0.500,0.500,0.500,0.500,336,1
0.500,0.500,0.500,0.500,0.500,0.500,0.500,0.500,0.500,0.550,0.550,0.550,418,2
0.500,0.500,0.500,0.550,0.550,0.550,0.500,0.500,0.500,0.480,0.480,0.480,422,1
0.450,0.450,0.450,0.500,0.500,0.500,0.530,0.530,0.530,0.500,0.500,0.500,471,1
0.500,0.500,0.500,0.550,0.550,0.550,0.500,0.500,0.500,0.490,0.490,0.490,192,1
0.550,0.550,0.550,0.500,0.500,0.500,0.520,0.520,0.520,0.500,0.500,0.500,855,1
0.450,0.450,0.450,0.500,0.500,0.500,0.490,0.490,0.490,0.500,0.500,0.500,335,2
0.500,0.500,0.500,0.500,0.500,0.500,0.550,0.550,0.550,0.500,0.500,0.500,748,1
0.450,0.450,0.450,0.500,0.500,0.500,0.500,0.500,0.500,0.500,0.500,0.500,963,1
0.550,0.550,0.550,0.500,0.500,0.500,0.470,0.470,0.470,0.500,0.500,0.500,322,2
0.500,0.500,0.500,0.450,0.450,0.450,0.500,0.500,0.500,0.550,0.550,0.550,902,2
0.450,0.450,0.450,0.500,0.500,0.500,0.480,0.480,0.480,0.500,0.500,0.500,4,2
0.500,0.500,0.500,0.550,0.550,0.550,0.500,0.500,0.500,0.480,0.480,0.480,818,1
0.500,0.500,0.500,0.500,0.500,0.500,0.460,0.460,0.460,0.500,0.500,0.500,640,2
0.550,0.550,0.550,0.500,0.500,0.500,0.460,0.460,0.460,0.500,0.500,0.500,915,2
0.500,0.500,0.500,0.550,0.550,0.550,0.500,0.500,0.500,0.460,0.460,0.460,354,1
0.500,0.500,0.500,0.550,0.550,0.550,0.500,0.500,0.500,0.520,0.520,0.520,63,2
0.550,0.550,0.550,0.500,0.500,0.500,0.510,0.510,0.510,0.500,0.500,0.500,986,1
0.450,0.450,0.450,0.500,0.500,0.500,0.450,0.450,0.450,0.500,0.500,0.500,925,2
0.500,0.500,0.500,0.550,0.550,0.550,0.500,0.500,0.500,0.490,0.490,0.490,819,1
0.500,0.500,0.500,0.550,0.550,0.550,0.500,0.500,0.500,0.510,0.510,0.510,260,2
0.500,0.500,0.500,0.500,0.500,0.500,0.500,0.500,0.500,0.520,0.520,0.520,415,2
0.500,0.500,0.500,0.450,0.450,0.450,0.500,0.500,0.500,0.500,0.500,0.500,402,2
0.500,0.500,0.500,0.550,0.550,0.550,0.500,0.500,0.500,0.540,0.540,0.540,725,2
0.500,0.500,0.500,0.450,0.450,0.450,0.500,0.500,0.500,0.510,0.510,0.510,40,2
0.450,0.450,0.450,0.500,0.500,0.500,0.480,0.480,0.480,0.500,0.500,0.500,136,2
0.500,0.500,0.500,0.550,0.550,0.550,0.500,0.500,0.500,0.470,0.470,0.470,553,1
0.550,0.550,0.550,0.500,0.500,0.500,0.500,0.500,0.500,0.500,0.500,0.500,127,1
0.500,0.500,0.500,0.500,0.500,0.500,0.500,0.500,0.500,0.470,0.470,0.470,245,1
0.500,0.500,0.500,0.500,0.500,0.500,0.500,0.500,0.500,0.470,0.470,0.470,905,1
0.450,0.450,0.450,0.500,0.500,0.500,0.470,0.470,0.470,0.500,0.500,0.500,564,2
0.500,0.500,0.500,0.500,0.500,0.500,0.480,0.480,0.480,0.500,0.500,0.500,939,2
0.550,0.550,0.550,0.500,0.500,0.500,0.520,0.520,0.520,0.500,0.500,0.500,459,1
0.500,0.500,0.500,0.450,0.450,0.450,0.500,0.500,0.500,0.490,0.490,0.490,38,1
0.550,0.550,0.550,0.500,0.500,0.500,0.470,0.470,0.470,0.500,0.500,0.500,784,2
0.500,0.500,0.500,0.450,0.450,0.450,0.500,0.500,0.500,0.450,0.450,0.450,958,1
0.500,0.500,0.500,0.500,0.500,0.500,0.500,0.500,0.500,0.550,0.550,0.550,814,2
0.500,0.500,0.500,0.450,0.450,0.450,0.500,0.500,0.500,0.550,0.550,0.550,638,2
0.550,0.550,0.550,0.500,0.500,0.500,0.550,0.550,0.550,0.500,0.500,0.500,990,1
0.500,0.500,0.500,0.500,0.500,0.500,0.500,0.500,0.500,0.530,0.530,0.530,911,2
0.450,0.450,0.450,0.500,0.500,0.500,0.460,0.460,0.460,0.500,0.500,0.500,926,2
0.550,0.550,0.550,0.500,0.500,0.500,0.470,0.470,0.470,0.500,0.500,0.500,25,2
0.500,0.500,0.500,0.500,0.500,0.500,0.540,0.540,0.540,0.500,0.500,0.500,483,1
0.500,0.500,0.500,0.500,0.500,0.500,0.550,0.550,0.550,0.500,0.500,0.500,220,1
0.500,0.500,0.500,0.500,0.500,0.500,0.500,0.500,0.500,0.450,0.450,0.450,771,1
0.550,0.550,0.550,0.500,0.500,0.500,0.480,0.480,0.480,0.500,0.500,0.500,884,2
0.500,0.500,0.500,0.500,0.500,0.500,0.500,0.500,0.500,0.530,0.530,0.530,152,2
0.500,0.500,0.500,0.500,0.500,0.500,0.500,0.500,0.500,0.470,0.470,0.470,608,1
0.450,0.450,0.450,0.500,0.500,0.500,0.540,0.540,0.540,0.500,0.500,0.500,604,1
0.500,0.500,0.500,0.500,0.500,0.500,0.500,0.500,0.500,0.470,0.470,0.470,542,1
0.500,0.500,0.500,0.450,0.450,0.450,0.500,0.500,0.500,0.500,0.500,0.500,798,2
0.550,0.550,0.550,0.500,0.500,0.500,0.450,0.450,0.450,0.500,0.500,0.500,419,2
0.450,0.450,0.450,0.500,0.500,0.500,0.550,0.550,0.550,0.500,0.500,0.500,473,1
0.450,0.450,0.450,0.500,0.500,0.500,0.480,0.480,0.480,0.500,0.500,0.500,697,2
0.450,0.450,0.450,0.500,0.500,0.500,0.450,0.450,0.450,0.500,0.500,0.500,760,2
0.450,0.450,0.450,0.500,0.500,0.500,0.450,0.450,0.450,0.500,0.500,0.500,232,2
0.500,0.500,0.500,0.450,0.450,0.450,0.500,0.500,0.500,0.480,0.480,0.480,400,1
0.450,0.450,0.450,0.500,0.500,0.500,0.540,0.540,0.540,0.500,0.500,0.500,835,1
0.500,0.500,0.500,0.450,0.450,0.450,0.500,0.500,0.500,0.550,0.550,0.550,869,2
0.500,0.500,0.500,0.500,0.500,0.500,0.500,0.500,0.500,0.510,0.510,0.510,678,2
0.500,0.500,0.500,0.450,0.450,0.450,0.500,0.500,0.500,0.530,0.530,0.530,669,2
0.450,0.450,0.450,0.500,0.500,0.500,0.500,0.500,0.500,0.500,0.500,0.500,633,1
0.500,0.500,0.500,0.450,0.450,0.450,0.500,0.500,0.500,0.480,0.480,0.480,796,1
0.500,0.500,0.500,0.500,0.500,0.500,0.500,0.500,0.500,0.510,0.510,0.510,513,2
0.500,0.500,0.500,0.500,0.500,0.500,0.520,0.520,0.520,0.500,0.500,0.500,85,1
0.500,0.500,0.500,0.550,0.550,0.550,0.500,0.500,0.500,0.520,0.520,0.520,228,2
0.500,0.500,0.500,0.500,0.500,0.500,0.490,0.490,0.490,0.500,0.500,0.500,148,2
0.450,0.450,0.450,0.500,0.500,0.500,0.510,0.510,0.510,0.500,0.500,0.500,700,1
0.550,0.550,0.550,0.500,0.500,0.500,0.490,0.490,0.490,0.500,0.500,0.500,258,2
0.450,0.450,0.450,0.500,0.500,0.500,0.510,0.510,0.510,0.500,0.500,0.500,238,1
0.500,0.500,0.500,0.500,0.500,0.500,0.500,0.500,0.500,0.540,0.540,0.540,384,2
0.500,0.500,0.500,0.500,0.500,0.500,0.500,0.500,0.500,0.500,0.500,0.500,314,1
0.500,0.500,0.500,0.450,0.450,0.450,0.500,0.500,0.500,0.500,0.500,0.500,831,2
0.500,0.500,0.500,0.450,0.450,0.450,0.500,0.500,0.500,0.540,0.540,0.540,340,2
0.550,0.550,0.550,0.500,0.500,0.500,0.460,0.460,0.460,0.500,0.500,0.500,519,2
0.500,0.500,0.500,0.500,0.500,0.500,0.500,0.500,0.500,0.500,0.500,0.500,380,1
0.500,0.500,0.500,0.500,0.500,0.500,0.500,0.500,0.500,0.550,0.550,0.550,649,2
0.500,0.500,0.500,0.500,0.500,0.500,0.510,0.510,0.510,0.500,0.500,0.500,876,1
0.500,0.500,0.500,0.500,0.500,0.500,0.450,0.450,0.450,0.500,0.500,0.500,144,2
0.500,0.500,0.500,0.550,0.550,0.550,0.500,0.500,0.500,0.510,0.510,0.510,689,2
0.500,0.500,0.500,0.500,0.500,0.500,0.500,0.500,0.500,0.520,0.520,0.520,217,2
0.500,0.500,0.500,0.550,0.550,0.550,0.500,0.500,0.500,0.470,0.470,0.470,652,1
0.500,0.500,0.500,0.450,0.450,0.450,0.500,0.500,0.500,0.470,0.470,0.470,729,1
0.500,0.500,0.500,0.550,0.550,0.550,0.500,0.500,0.500,0.480,0.480,0.480,785,1
0.450,0.450,0.450,0.500,0.500,0.500,0.450,0.450,0.450,0.500,0.500,0.500,628,2
0.500,0.500,0.500,0.500,0.500,0.500,0.500,0.500,0.500,0.470,0.470,0.470,674,1
0.500,0.500,0.500,0.550,0.550,0.550,0.500,0.500,0.500,0.540,0.540,0.540,593,2
0.450,0.450,0.450,0.500,0.500,0.500,0.490,0.490,0.490,0.500,0.500,0.500,302,2
0.550,0.550,0.550,0.500,0.500,0.500,0.510,0.510,0.510,0.500,0.500,0.500,62,1
0.500,0.500,0.500,0.450,0.450,0.450,0.500,0.500,0.500,0.470,0.470,0.470,894,1
0.500,0.500,0.500,0.450,0.450,0.450,0.500,0.500,0.500,0.520,0.520,0.520,140,2
0.550,0.550,0.550,0.500,0.500,0.500,0.490,0.490,0.490,0.500,0.500,0.500,225,2
0.450,0.450,0.450,0.500,0.500,0.500,0.470,0.470,0.470,0.500,0.500,0.500,366,2
0.500,0.500,0.500,0.450,0.450,0.450,0.500,0.500,0.500,0.470,0.470,0.470,168,1
0.500,0.500,0.500,0.500,0.500,0.500,0.500,0.500,0.500,0.460,0.460,0.460,541,1
0.550,0.550,0.550,0.500,0.500,0.500,0.530,0.530,0.530,0.500,0.500,0.500,229,1
0.500,0.500,0.500,0.500,0.500,0.500,0.500,0.500,0.500,0.520,0.520,0.520,778,2
0.500,0.500,0.500,0.550,0.550,0.550,0.500,0.500,0.500,0.480,0.480,0.480,686,1
0.550,0.550,0.550,0.500,0.500,0.500,0.460,0.460,0.460,0.500,0.500,0.500,981,2
0.500,0.500,0.500,0.500,0.500,0.500,0.470,0.470,0.470,0.500,0.500,0.500,443,2
0.500,0.500,0.500,0.500,0.500,0.500,0.470,0.470,0.470,0.500,0.500,0.500,47,2
0.500,0.500,0.500,0.450,0.450,0.450,0.500,0.500,0.500,0.480,0.480,0.480,565,1
0.500,0.500,0.500,0.450,0.450,0.450,0.500,0.500,0.500,0.530,0.530,0.530,42,2
0.500,0.500,0.500,0.500,0.500,0.500,0.480,0.480,0.480,0.500,0.500,0.500,840,2
0.450,0.450,0.450,0.500,0.500,0.500,0.550,0.550,0.550,0.500,0.500,0.500,671,1
0.450,0.450,0.450,0.500,0.500,0.500,0.520,0.520,0.520,0.500,0.500,0.500,602,1
0.500,0.500,0.500,0.450,0.450,0.450,0.500,0.500,0.500,0.470,0.470,0.470,399,1
0.450,0.450,0.450,0.500,0.500,0.500,0.480,0.480,0.480,0.500,0.500,0.500,664,2
0.550,0.550,0.550,0.500,0.500,0.500,0.470,0.470,0.470,0.500,0.500,0.500,256,2
0.450,0.450,0.450,0.500,0.500,0.500,0.550,0.550,0.550,0.500,0.500,0.500,176,1
0.500,0.500,0.500,0.500,0.500,0.500,0.480,0.480,0.480,0.500,0.500,0.500,972,2
0.500,0.500,0.500,0.500,0.500,0.500,0.480,0.480,0.480,0.500,0.500,0.500,345,2
0.550,0.550,0.550,0.500,0.500,0.500,0.500,0.500,0.500,0.500,0.500,0.500,94,1
0.500,0.500,0.500,0.500,0.500,0.500,0.500,0.500,0.500,0.500,0.500,0.500,149,2
0.500,0.500,0.500,0.450,0.450,0.450,0.500,0.500,0.500,0.510,0.510,0.510,139,2
0.500,0.500,0.500,0.550,0.550,0.550,0.500,0.500,0.500,0.470,0.470,0.470,58,1
0.500,0.500,0.500,0.500,0.500,0.500,0.520,0.520,0.520,0.500,0.500,0.500,580,1
0.450,0.450,0.450,0.500,0.500,0.500,0.540,0.540,0.540,0.500,0.500,0.500,571,1
0.550,0.550,0.550,0.500,0.500,0.500,0.540,0.540,0.540,0.500,0.500,0.500,296,1
0.500,0.500,0.500,0.450,0.450,0.450,0.500,0.500,0.500,0.480,0.480,0.480,466,1
0.500,0.500,0.500,0.500,0.500,0.500,0.550,0.550,0.550,0.500,0.500,0.500,385,1
0.500,0.500,0.500,0.550,0.550,0.550,0.500,0.500,0.500,0.490,0.490,0.490,27,1
0.500,0.500,0.500,0.550,0.550,0.550,0.500,0.500,0.500,0.540,0.540,0.540,362,2
0.500,0.500,0.500,0.500,0.500,0.500,0.500,0.500,0.500,0.460,0.460,0.460,46,1
0.550,0.550,0.550,0.500,0.500,0.500,0.510,0.510,0.510,0.500,0.500,0.500,887,1
0.500,0.500,0.500,0.500,0.500,0.500,0.480,0.480,0.480,0.500,0.500,0.500,411,2
0.500,0.500,0.500,0.450,0.450,0.450,0.500,0.500,0.500,0.470,0.470,0.470,498,1
0.500,0.500,0.500,0.500,0.500,0.500,0.470,0.470,0.470,0.500,0.500,0.500,410,2
0.550,0.550,0.550,0.500,0.500,0.500,0.490,0.490,0.490,0.500,0.500,0.500,588,2
0.500,0.500,0.500,0.500,0.500,0.500,0.500,0.500,0.500,0.540,0.540,0.540,813,2
0.500,0.500,0.500,0.550,0.550,0.550,0.500,0.500,0.500,0.500,0.500,0.500,457,2
0.500,0.500,0.500,0.500,0.500,0.500,0.490,0.490,0.490,0.500,0.500,0.500,610,2
0.500,0.500,0.500,0.500,0.500,0.500,0.530,0.530,0.530,0.500,0.500,0.500,119,1
0.500,0.500,0.500,0.500,0.500,0.500,0.520,0.520,0.520,0.500,0.500,0.500,514,1
0.500,0.500,0.500,0.500,0.500,0.500,0.500,0.500,0.500,0.510,0.510,0.510,843,2
0.550,0.550,0.550,0.500,0.500,0.500,0.520,0.520,0.520,0.500,0.500,0.500,690,1
0.500,0.500,0.500,0.550,0.550,0.550,0.500,0.500,0.500,0.470,0.470,0.470,388,1
0.550,0.550,0.550,0.500,0.500,0.500,0.550,0.550,0.550,0.500,0.500,0.500,627,1
0.500,0.500,0.500,0.550,0.550,0.550,0.500,0.500,0.500,0.550,0.550,0.550,396,2
0.500,0.500,0.500,0.500,0.500,0.500,0.460,0.460,0.460,0.500,0.500,0.500,706,2
0.500,0.500,0.500,0.500,0.500,0.500,0.500,0.500,0.500,0.480,0.480,0.480,246,1
0.500,0.500,0.500,0.500,0.500,0.500,0.480,0.480,0.480,0.500,0.500,0.500,279,2
0.450,0.450,0.450,0.500,0.500,0.500,0.470,0.470,0.470,0.500,0.500,0.500,432,2
0.550,0.550,0.550,0.500,0.500,0.500,0.540,0.540,0.540,0.500,0.500,0.500,560,1
0.450,0.450,0.450,0.500,0.500,0.500,0.490,0.490,0.490,0.500,0.500,0.500,467,2
0.450,0.450,0.450,0.500,0.500,0.500,0.460,0.460,0.460,0.500,0.500,0.500,794,2
0.500,0.500,0.500,0.450,0.450,0.450,0.500,0.500,0.500,0.510,0.510,0.510,898,2
0.500,0.500,0.500,0.550,0.550,0.550,0.500,0.500,0.500,0.460,0.460,0.460,486,1
0.500,0.500,0.500,0.550,0.550,0.550,0.500,0.500,0.500,0.530,0.530,0.530,823,2
0.500,0.500,0.500,0.550,0.550,0.550,0.500,0.500,0.500,0.470,0.470,0.470,619,1
0.450,0.450,0.450,0.500,0.500,0.500,0.450,0.450,0.450,0.500,0.500,0.500,265,2
0.450,0.450,0.450,0.500,0.500,0.500,0.460,0.460,0.460,0.500,0.500,0.500,68,2
0.550,0.550,0.550,0.500,0.500,0.500,0.450,0.450,0.450,0.500,0.500,0.500,452,2
0.550,0.550,0.550,0.500,0.500,0.500,0.470,0.470,0.470,0.500,0.500,0.500,157,2
0.500,0.500,0.500,0.500,0.500,0.500,0.550,0.550,0.550,0.500,0.500,0.500,319,1
0.450,0.450,0.450,0.500,0.500,0.500,0.530,0.530,0.530,0.500,0.500,0.500,405,1
0.500,0.500,0.500,0.450,0.450,0.450,0.500,0.500,0.500,0.540,0.540,0.540,703,2
0.500,0.500,0.500,0.450,0.450,0.450,0.500,0.500,0.500,0.490,0.490,0.490,269,1
0.500,0.500,0.500,0.450,0.450,0.450,0.500,0.500,0.500,0.460,0.460,0.460,827,1
0.500,0.500,0.500,0.500,0.500,0.500,0.500,0.500,0.500,0.470,0.470,0.470,377,1
0.500,0.500,0.500,0.500,0.500,0.500,0.500,0.500,0.500,0.530,0.530,0.530,779,2
0.500,0.500,0.500,0.550,0.550,0.550,0.500,0.500,0.500,0.500,0.500,0.500,754,2
0.550,0.550,0.550,0.500,0.500,0.500,0.500,0.500,0.500,0.500,0.500,0.500,622,1
0.500,0.500,0.500,0.500,0.500,0.500,0.460,0.460,0.460,0.500,0.500,0.500,79,2
0.500,0.500,0.500,0.550,0.550,0.550,0.500,0.500,0.500,0.540,0.540,0.540,230,2
0.550,0.550,0.550,0.500,0.500,0.500,0.520,0.520,0.520,0.500,0.500,0.500,129,1
0.450,0.450,0.450,0.500,0.500,0.500,0.530,0.530,0.530,0.500,0.500,0.500,108,1
0.500,0.500,0.500,0.550,0.550,0.550,0.500,0.500,0.500,0.450,0.450,0.450,815,1
0.550,0.550,0.550,0.500,0.500,0.500,0.510,0.510,0.510,0.500,0.500,0.500,722,1
0.500,0.500,0.500,0.450,0.450,0.450,0.500,0.500,0.500,0.460,0.460,0.460,563,1
0.550,0.550,0.550,0.500,0.500,0.500,0.520,0.520,0.520,0.500,0.500,0.500,360,1
0.500,0.500,0.500,0.450,0.450,0.450,0.500,0.500,0.500,0.500,0.500,0.500,501,2
0.500,0.500,0.500,0.500,0.500,0.500,0.500,0.500,0.500,0.460,0.460,0.460,937,1
0.550,0.550,0.550,0.500,0.500,0.500,0.460,0.460,0.460,0.500,0.500,0.500,57,2
0.500,0.500,0.500,0.500,0.500,0.500,0.500,0.500,0.500,0.500,0.500,0.500,809,1
0.500,0.500,0.500,0.500,0.500,0.500,0.510,0.510,0.510,0.500,0.500,0.500,480,1
0.500,0.500,0.500,0.450,0.450,0.450,0.500,0.500,0.500,0.510,0.510,0.510,634,2
0.500,0.500,0.500,0.450,0.450,0.450,0.500,0.500,0.500,0.480,0.480,0.480,763,1
0.500,0.500,0.500,0.450,0.450,0.450,0.500,0.500,0.500,0.460,0.460,0.460,530,1
0.550,0.550,0.550,0.500,0.500,0.500,0.460,0.460,0.460,0.500,0.500,0.500,849,2
0.500,0.500,0.500,0.450,0.450,0.450,0.500,0.500,0.500,0.500,0.500,0.500,435,2
0.450,0.450,0.450,0.500,0.500,0.500,0.470,0.470,0.470,0.500,0.500,0.500,465,2
0.500,0.500,0.500,0.550,0.550,0.550,0.500,0.500,0.500,0.490,0.490,0.490,687,1
0.550,0.550,0.550,0.500,0.500,0.500,0.450,0.450,0.450,0.500,0.500,0.500,485,2
0.500,0.500,0.500,0.450,0.450,0.450,0.500,0.500,0.500,0.450,0.450,0.450,463,1
0.500,0.500,0.500,0.450,0.450,0.450,0.500,0.500,0.500,0.500,0.500,0.500,699,2
0.500,0.500,0.500,0.450,0.450,0.450,0.500,0.500,0.500,0.480,0.480,0.480,37,1
0.500,0.500,0.500,0.550,0.550,0.550,0.500,0.500,0.500,0.500,0.500,0.500,424,2
0.550,0.550,0.550,0.500,0.500,0.500,0.510,0.510,0.510,0.500,0.500,0.500,590,1
0.500,0.500,0.500,0.450,0.450,0.450,0.500,0.500,0.500,0.480,0.480,0.480,433,1
0.500,0.500,0.500,0.450,0.450,0.450,0.500,0.500,0.500,0.500,0.500,0.500,138,2
0.500,0.500,0.500,0.550,0.550,0.550,0.500,0.500,0.500,0.450,0.450,0.450,155,1
0.500,0.500,0.500,0.500,0.500,0.500,0.500,0.500,0.500,0.490,0.490,0.490,478,1
0.500,0.500,0.500,0.500,0.500,0.500,0.500,0.500,0.500,0.490,0.490,0.490,676,1
0.500,0.500,0.500,0.450,0.450,0.450,0.500,0.500,0.500,0.520,0.520,0.520,536,2
0.550,0.550,0.550,0.500,0.500,0.500,0.530,0.530,0.530,0.500,0.500,0.500,592,1
0.500,0.500,0.500,0.450,0.450,0.450,0.500,0.500,0.500,0.540,0.540,0.540,472,2
0.500,0.500,0.500,0.450,0.450,0.450,0.500,0.500,0.500,0.460,0.460,0.460,101,1
0.500,0.500,0.500,0.550,0.550,0.550,0.500,0.500,0.500,0.510,0.510,0.510,920,2
0.500,0.500,0.500,0.500,0.500,0.500,0.480,0.480,0.480,0.500,0.500,0.500,114,2
0.500,0.500,0.500,0.450,0.450,0.450,0.500,0.500,0.500,0.530,0.530,0.530,438,2
0.500,0.500,0.500,0.500,0.500,0.500,0.500,0.500,0.500,0.470,0.470,0.470,212,1
0.500,0.500,0.500,0.500,0.500,0.500,0.500,0.500,0.500,0.550,0.550,0.550,880,2
0.450,0.450,0.450,0.500,0.500,0.500,0.520,0.520,0.520,0.500,0.500,0.500,107,1
0.500,0.500,0.500,0.450,0.450,0.450,0.500,0.500,0.500,0.450,0.450,0.450,166,1
0.550,0.550,0.550,0.500,0.500,0.500,0.520,0.520,0.520,0.500,0.500,0.500,162,1
0.450,0.450,0.450,0.500,0.500,0.500,0.520,0.520,0.520,0.500,0.500,0.500,272,1
0.500,0.500,0.500,0.500,0.500,0.500,0.500,0.500,0.500,0.450,0.450,0.450,45,1
0.500,0.500,0.500,0.550,0.550,0.550,0.500,0.500,0.500,0.520,0.520,0.520,624,2
0.550,0.550,0.550,0.500,0.500,0.500,0.450,0.450,0.450,0.500,0.500,0.500,386,2
0.500,0.500,0.500,0.500,0.500,0.500,0.540,0.540,0.540,0.500,0.500,0.500,879,1
0.500,0.500,0.500,0.500,0.500,0.500,0.500,0.500,0.500,0.540,0.540,0.540,54,2
0.500,0.500,0.500,0.500,0.500,0.500,0.510,0.510,0.510,0.500,0.500,0.500,810,1
0.550,0.550,0.550,0.500,0.500,0.500,0.460,0.460,0.460,0.500,0.500,0.500,585,2
0.550,0.550,0.550,0.500,0.500,0.500,0.470,0.470,0.470,0.500,0.500,0.500,421,2
0.500,0.500,0.500,0.450,0.450,0.450,0.500,0.500,0.500,0.550,0.550,0.550,209,2
0.500,0.500,0.500,0.500,0.500,0.500,0.530,0.530,0.530,0.500,0.500,0.500,53,1
0.500,0.500,0.500,0.500,0.500,0.500,0.500,0.500,0.500,0.480,0.480,0.480,15,1
0.500,0.500,0.500,0.500,0.500,0.500,0.500,0.500,0.500,0.470,0.470,0.470,641,1
0.500,0.500,0.500,0.500,0.500,0.500,0.520,0.520,0.520,0.500,0.500,0.500,448,1
0.500,0.500,0.500,0.500,0.500,0.500,0.500,0.500,0.500,0.510,0.510,0.510,381,2
0.500,0.500,0.500,0.500,0.500,0.500,0.500,0.500,0.500,0.540,0.540,0.540,450,2
0.500,0.500,0.500,0.500,0.500,0.500,0.530,0.530,0.530,0.500,0.500,0.500,482,1
0.500,0.500,0.500,0.500,0.500,0.500,0.450,0.450,0.450,0.500,0.500,0.500,969,2
0.500,0.500,0.500,0.550,0.550,0.550,0.500,0.500,0.500,0.530,0.530,0.530,97,2
0.500,0.500,0.500,0.550,0.550,0.550,0.500,0.500,0.500,0.540,0.540,0.540,263,2
0.500,0.500,0.500,0.550,0.550,0.550,0.500,0.500,0.500,0.460,0.460,0.460,717,1
0.550,0.550,0.550,0.500,0.500,0.500,0.500,0.500,0.500,0.500,0.500,0.500,820,1
0.500,0.500,0.500,0.450,0.450,0.450,0.500,0.500,0.500,0.450,0.450,0.450,397,1
0.550,0.550,0.550,0.500,0.500,0.500,0.450,0.450,0.450,0.500,0.500,0.500,650,2
0.500,0.500,0.500,0.500,0.500,0.500,0.500,0.500,0.500,0.500,0.500,0.500,116,1
0.500,0.500,0.500,0.500,0.500,0.500,0.510,0.510,0.510,0.500,0.500,0.500,942,1
0.500,0.500,0.500,0.500,0.500,0.500,0.500,0.500,0.500,0.460,0.460,0.460,871,1
0.500,0.500,0.500,0.550,0.550,0.550,0.500,0.500,0.500,0.500,0.500,0.500,655,2
0.500,0.500,0.500,0.500,0.500,0.500,0.500,0.500,0.500,0.500,0.500,0.500,974,2
0.500,0.500,0.500,0.450,0.450,0.450,0.500,0.500,0.500,0.510,0.510,0.510,304,2
0.450,0.450,0.450,0.500,0.500,0.500,0.550,0.550,0.550,0.500,0.500,0.500,308,1
0.550,0.550,0.550,0.500,0.500,0.500,0.530,0.530,0.530,0.500,0.500,0.500,460,1
0.550,0.550,0.550,0.500,0.500,0.500,0.530,0.530,0.530,0.500,0.500,0.500,988,1
0.500,0.500,0.500,0.500,0.500,0.500,0.500,0.500,0.500,0.500,0.500,0.500,215,1
0.500,0.500,0.500,0.500,0.500,0.500,0.500,0.500,0.500,0.540,0.540,0.540,549,2
0.500,0.500,0.500,0.500,0.500,0.500,0.500,0.500,0.500,0.500,0.500,0.500,776,1
0.450,0.450,0.450,0.500,0.500,0.500,0.480,0.480,0.480,0.500,0.500,0.500,334,2
0.550,0.550,0.550,0.500,0.500,0.500,0.470,0.470,0.470,0.500,0.500,0.500,520,2
0.500,0.500,0.500,0.500,0.500,0.500,0.500,0.500,0.500,0.490,0.490,0.490,412,1
0.500,0.500,0.500,0.450,0.450,0.450,0.500,0.500,0.500,0.470,0.470,0.470,36,1
0.500,0.500,0.500,0.550,0.550,0.550,0.500,0.500,0.500,0.510,0.510,0.510,326,2
0.500,0.500,0.500,0.450,0.450,0.450,0.500,0.500,0.500,0.510,0.510,0.510,733,2
0.500,0.500,0.500,0.450,0.450,0.450,0.500,0.500,0.500,0.530,0.530,0.530,636,2
0.500,0.500,0.500,0.500,0.500,0.500,0.500,0.500,0.500,0.540,0.540,0.540,945,2
0.550,0.550,0.550,0.500,0.500,0.500,0.510,0.510,0.510,0.500,0.500,0.500,425,1
0.500,0.500,0.500,0.450,0.450,0.450,0.500,0.500,0.500,0.490,0.490,0.490,830,1
0.500,0.500,0.500,0.450,0.450,0.450,0.500,0.500,0.500,0.510,0.510,0.510,502,2
0.500,0.500,0.500,0.550,0.550,0.550,0.500,0.500,0.500,0.460,0.460,0.460,255,1
0.450,0.450,0.450,0.500,0.500,0.500,0.470,0.470,0.470,0.500,0.500,0.500,333,2
0.500,0.500,0.500,0.500,0.500,0.500,0.470,0.470,0.470,0.500,0.500,0.500,872,2
0.450,0.450,0.450,0.500,0.500,0.500,0.470,0.470,0.470,0.500,0.500,0.500,762,2
0.500,0.500,0.500,0.500,0.500,0.500,0.500,0.500,0.500,0.500,0.500,0.500,875,2
0.500,0.500,0.500,0.500,0.500,0.500,0.500,0.500,0.500,0.530,0.530,0.530,86,2
0.550,0.550,0.550,0.500,0.500,0.500,0.550,0.550,0.550,0.500,0.500,0.500,792,1
0.550,0.550,0.550,0.500,0.500,0.500,0.550,0.550,0.550,0.500,0.500,0.500,660,1
0.500,0.500,0.500,0.500,0.500,0.500,0.500,0.500,0.500,0.450,0.450,0.450,672,1
0.550,0.550,0.550,0.500,0.500,0.500,0.520,0.520,0.520,0.500,0.500,0.500,195,1
0.500,0.500,0.500,0.550,0.550,0.550,0.500,0.500,0.500,0.520,0.520,0.520,888,2
0.550,0.550,0.550,0.500,0.500,0.500,0.540,0.540,0.540,0.500,0.500,0.500,692,1
0.550,0.550,0.550,0.500,0.500,0.500,0.500,0.500,0.500,0.500,0.500,0.500,853,1
0.500,0.500,0.500,0.550,0.550,0.550,0.500,0.500,0.500,0.510,0.510,0.510,29,2
0.500,0.500,0.500,0.500,0.500,0.500,0.500,0.500,0.500,0.500,0.500,0.500,677,2
0.450,0.450,0.450,0.500,0.500,0.500,0.510,0.510,0.510,0.500,0.500,0.500,172,1
0.500,0.500,0.500,0.500,0.500,0.500,0.500,0.500,0.500,0.450,0.450,0.450,573,1
0.450,0.450,0.450,0.500,0.500,0.500,0.460,0.460,0.460,0.500,0.500,0.500,233,2
0.500,0.500,0.500,0.500,0.500,0.500,0.500,0.500,0.500,0.540,0.540,0.540,582,2
0.500,0.500,0.500,0.550,0.550,0.550,0.500,0.500,0.500,0.530,0.530,0.530,427,2
0.500,0.500,0.500,0.550,0.550,0.550,0.500,0.500,0.500,0.520,0.520,0.520,30,2
0.550,0.550,0.550,0.500,0.500,0.500,0.470,0.470,0.470,0.500,0.500,0.500,916,2
0.500,0.500,0.500,0.500,0.500,0.500,0.500,0.500,0.500,0.510,0.510,0.510,84,2
0.550,0.550,0.550,0.500,0.500,0.500,0.470,0.470,0.470,0.500,0.500,0.500,751,2
0.500,0.500,0.500,0.500,0.500,0.500,0.500,0.500,0.500,0.480,0.480,0.480,312,1
0.450,0.450,0.450,0.500,0.500,0.500,0.450,0.450,0.450,0.500,0.500,0.500,364,2
0.500,0.500,0.500,0.450,0.450,0.450,0.500,0.500,0.500,0.460,0.460,0.460,398,1
0.500,0.500,0.500,0.500,0.500,0.500,0.500,0.500,0.500,0.520,0.520,0.520,844,2
0.500,0.500,0.500,0.450,0.450,0.450,0.500,0.500,0.500,0.500,0.500,0.500,303,2
0.500,0.500,0.500,0.550,0.550,0.550,0.500,0.500,0.500,0.510,0.510,0.510,821,2
0.500,0.500,0.500,0.450,0.450,0.450,0.500,0.500,0.500,0.540,0.540,0.540,406,2
0.500,0.500,0.500,0.550,0.550,0.550,0.500,0.500,0.500,0.450,0.450,0.450,947,1
0.500,0.500,0.500,0.500,0.500,0.500,0.500,0.500,0.500,0.510,0.510,0.510,909,2
0.550,0.550,0.550,0.500,0.500,0.500,0.480,0.480,0.480,0.500,0.500,0.500,125,2
0.550,0.550,0.550,0.500,0.500,0.500,0.520,0.520,0.520,0.500,0.500,0.500,756,1
0.500,0.500,0.500,0.500,0.500,0.500,0.510,0.510,0.510,0.500,0.500,0.500,645,1
0.450,0.450,0.450,0.500,0.500,0.500,0.520,0.520,0.520,0.500,0.500,0.500,635,1
0.500,0.500,0.500,0.450,0.450,0.450,0.500,0.500,0.500,0.530,0.530,0.530,306,2
0.550,0.550,0.550,0.500,0.500,0.500,0.500,0.500,0.500,0.500,0.500,0.500,919,1
0.500,0.500,0.500,0.550,0.550,0.550,0.500,0.500,0.500,0.540,0.540,0.540,923,2
0.450,0.450,0.450,0.500,0.500,0.500,0.540,0.540,0.540,0.500,0.500,0.500,274,1
0.500,0.500,0.500,0.500,0.500,0.500,0.520,0.520,0.520,0.500,0.500,0.500,745,1
0.450,0.450,0.450,0.500,0.500,0.500,0.490,0.490,0.490,0.500,0.500,0.500,929,2
0.500,0.500,0.500,0.500,0.500,0.500,0.450,0.450,0.450,0.500,0.500,0.500,342,2
0.500,0.500,0.500,0.500,0.500,0.500,0.510,0.510,0.510,0.500,0.500,0.500,777,1
0.500,0.500,0.500,0.450,0.450,0.450,0.500,0.500,0.500,0.540,0.540,0.540,307,2
0.500,0.500,0.500,0.550,0.550,0.550,0.500,0.500,0.500,0.550,0.550,0.550,363,2
0.450,0.450,0.450,0.500,0.500,0.500,0.500,0.500,0.500,0.500,0.500,0.500,765,1
0.500,0.500,0.500,0.500,0.500,0.500,0.500,0.500,0.500,0.470,0.470,0.470,938,1
0.500,0.500,0.500,0.500,0.500,0.500,0.460,0.460,0.460,0.500,0.500,0.500,574,2
0.550,0.550,0.550,0.500,0.500,0.500,0.530,0.530,0.530,0.500,0.500,0.500,361,1
0.500,0.500,0.500,0.500,0.500,0.500,0.500,0.500,0.500,0.540,0.540,0.540,648,2
0.500,0.500,0.500,0.550,0.550,0.550,0.500,0.500,0.500,0.480,0.480,0.480,59,1
0.500,0.500,0.500,0.500,0.500,0.500,0.500,0.500,0.500,0.470,0.470,0.470,740,1
0.550,0.550,0.550,0.500,0.500,0.500,0.470,0.470,0.470,0.500,0.500,0.500,883,2
0.500,0.500,0.500,0.450,0.450,0.450,0.500,0.500,0.500,0.540,0.540,0.540,76,2
0.500,0.500,0.500,0.500,0.500,0.500,0.540,0.540,0.540,0.500,0.500,0.500,153,1
0.500,0.500,0.500,0.550,0.550,0.550,0.500,0.500,0.500,0.550,0.550,0.550,462,2
0.500,0.500,0.500,0.500,0.500,0.500,0.500,0.500,0.500,0.450,0.450,0.450,870,1
0.550,0.550,0.550,0.500,0.500,0.500,0.470,0.470,0.470,0.500,0.500,0.500,289,2
0.500,0.500,0.500,0.550,0.550,0.550,0.500,0.500,0.500,0.550,0.550,0.550,66,2
0.500,0.500,0.500,0.450,0.450,0.450,0.500,0.500,0.500,0.460,0.460,0.460,167,1
0.500,0.500,0.500,0.500,0.500,0.500,0.500,0.500,0.500,0.510,0.510,0.510,117,2
0.450,0.450,0.450,0.500,0.500,0.500,0.550,0.550,0.550,0.500,0.500,0.500,737,1
0.500,0.500,0.500,0.450,0.450,0.450,0.500,0.500,0.500,0.530,0.530,0.530,75,2
0.550,0.550,0.550,0.500,0.500,0.500,0.470,0.470,0.470,0.500,0.500,0.500,355,2
0.550,0.550,0.550,0.500,0.500,0.500,0.520,0.520,0.520,0.500,0.500,0.500,822,1
0.500,0.500,0.500,0.450,0.450,0.450,0.500,0.500,0.500,0.450,0.450,0.450,595,1
0.500,0.500,0.500,0.450,0.450,0.450,0.500,0.500,0.500,0.540,0.540,0.540,901,2
0.500,0.500,0.500,0.500,0.500,0.500,0.530,0.530,0.530,0.500,0.500,0.500,449,1
0.500,0.500,0.500,0.500,0.500,0.500,0.470,0.470,0.470,0.500,0.500,0.500,806,2
0.500,0.500,0.500,0.500,0.500,0.500,0.500,0.500,0.500,0.460,0.460,0.460,838,1
0.550,0.550,0.550,0.500,0.500,0.500,0.550,0.550,0.550,0.500,0.500,0.500,198,1
0.500,0.500,0.500,0.450,0.450,0.450,0.500,0.500,0.500,0.520,0.520,0.520,767,2
0.550,0.550,0.550,0.500,0.500,0.500,0.530,0.530,0.530,0.500,0.500,0.500,790,1
0.500,0.500,0.500,0.500,0.500,0.500,0.500,0.500,0.500,0.540,0.540,0.540,120,2
0.500,0.500,0.500,0.500,0.500,0.500,0.500,0.500,0.500,0.460,0.460,0.460,772,1
0.450,0.450,0.450,0.500,0.500,0.500,0.520,0.520,0.520,0.500,0.500,0.500,437,1
0.500,0.500,0.500,0.500,0.500,0.500,0.500,0.500,0.500,0.520,0.520,0.520,481,2
0.500,0.500,0.500,0.550,0.550,0.550,0.500,0.500,0.500,0.540,0.540,0.540,32,2
0.500,0.500,0.500,0.500,0.500,0.500,0.550,0.550,0.550,0.500,0.500,0.500,22,1
0.500,0.500,0.500,0.500,0.500,0.500,0.540,0.540,0.540,0.500,0.500,0.500,615,1
0.500,0.500,0.500,0.500,0.500,0.500,0.490,0.490,0.490,0.500,0.500,0.500,49,2
0.550,0.550,0.550,0.500,0.500,0.500,0.510,0.510,0.510,0.500,0.500,0.500,392,1
0.550,0.550,0.550,0.500,0.500,0.500,0.450,0.450,0.450,0.500,0.500,0.500,617,2
0.500,0.500,0.500,0.450,0.450,0.450,0.500,0.500,0.500,0.450,0.450,0.450,298,1
0.500,0.500,0.500,0.450,0.450,0.450,0.500,0.500,0.500,0.550,0.550,0.550,11,2
0.500,0.500,0.500,0.450,0.450,0.450,0.500,0.500,0.500,0.530,0.530,0.530,240,2
0.500,0.500,0.500,0.550,0.550,0.550,0.500,0.500,0.500,0.490,0.490,0.490,489,1
0.500,0.500,0.500,0.450,0.450,0.450,0.500,0.500,0.500,0.460,0.460,0.460,365,1
0.450,0.450,0.450,0.500,0.500,0.500,0.470,0.470,0.470,0.500,0.500,0.500,828,2
0.550,0.550,0.550,0.500,0.500,0.500,0.480,0.480,0.480,0.500,0.500,0.500,587,2
0.500,0.500,0.500,0.500,0.500,0.500,0.490,0.490,0.490,0.500,0.500,0.500,841,2
0.500,0.500,0.500,0.500,0.500,0.500,0.550,0.550,0.550,0.500,0.500,0.500,979,1
0.450,0.450,0.450,0.500,0.500,0.500,0.460,0.460,0.460,0.500,0.500,0.500,629,2
0.500,0.500,0.500,0.550,0.550,0.550,0.500,0.500,0.500,0.550,0.550,0.550,165,2
0.500,0.500,0.500,0.500,0.500,0.500,0.460,0.460,0.460,0.500,0.500,0.500,178,2
0.500,0.500,0.500,0.450,0.450,0.450,0.500,0.500,0.500,0.460,0.460,0.460,431,1
0.550,0.550,0.550,0.500,0.500,0.500,0.480,0.480,0.480,0.500,0.500,0.500,917,2
0.500,0.500,0.500,0.500,0.500,0.500,0.490,0.490,0.490,0.500,0.500,0.500,214,2
0.500,0.500,0.500,0.500,0.500,0.500,0.450,0.450,0.450,0.500,0.500,0.500,507,2
0.550,0.550,0.550,0.500,0.500,0.500,0.480,0.480,0.480,0.500,0.500,0.500,92,2
0.550,0.550,0.550,0.500,0.500,0.500,0.500,0.500,0.500,0.500,0.500,0.500,325,1
0.450,0.450,0.450,0.500,0.500,0.500,0.500,0.500,0.500,0.500,0.500,0.500,468,1
0.500,0.500,0.500,0.550,0.550,0.550,0.500,0.500,0.500,0.500,0.500,0.500,358,2
0.550,0.550,0.550,0.500,0.500,0.500,0.450,0.450,0.450,0.500,0.500,0.500,848,2
0.550,0.550,0.550,0.500,0.500,0.500,0.500,0.500,0.500,0.500,0.500,0.500,61,1
0.500,0.500,0.500,0.450,0.450,0.450,0.500,0.500,0.500,0.470,0.470,0.470,630,1
0.550,0.550,0.550,0.500,0.500,0.500,0.470,0.470,0.470,0.500,0.500,0.500,91,2
0.500,0.500,0.500,0.550,0.550,0.550,0.500,0.500,0.500,0.500,0.500,0.500,490,2
0.500,0.500,0.500,0.500,0.500,0.500,0.540,0.540,0.540,0.500,0.500,0.500,252,1
0.500,0.500,0.500,0.550,0.550,0.550,0.500,0.500,0.500,0.510,0.510,0.510,854,2
0.500,0.500,0.500,0.500,0.500,0.500,0.490,0.490,0.490,0.500,0.500,0.500,775,2
0.500,0.500,0.500,0.500,0.500,0.500,0.460,0.460,0.460,0.500,0.500,0.500,442,2
0.500,0.500,0.500,0.500,0.500,0.500,0.500,0.500,0.500,0.450,0.450,0.450,606,1
0.500,0.500,0.500,0.500,0.500,0.500,0.500,0.500,0.500,0.460,0.460,0.460,343,1
0.500,0.500,0.500,0.450,0.450,0.450,0.500,0.500,0.500,0.490,0.490,0.490,236,1
0.550,0.550,0.550,0.500,0.500,0.500,0.480,0.480,0.480,0.500,0.500,0.500,455,2
0.550,0.550,0.550,0.500,0.500,0.500,0.520,0.520,0.520,0.500,0.500,0.500,591,1
0.500,0.500,0.500,0.450,0.450,0.450,0.500,0.500,0.500,0.500,0.500,0.500,39,2
0.550,0.550,0.550,0.500,0.500,0.500,0.520,0.520,0.520,0.500,0.500,0.500,294,1
0.500,0.500,0.500,0.450,0.450,0.450,0.500,0.500,0.500,0.550,0.550,0.550,836,2
0.450,0.450,0.450,0.500,0.500,0.500,0.500,0.500,0.500,0.500,0.500,0.500,171,1
0.550,0.550,0.550,0.500,0.500,0.500,0.460,0.460,0.460,0.500,0.500,0.500,123,2
0.500,0.500,0.500,0.550,0.550,0.550,0.500,0.500,0.500,0.490,0.490,0.490,654,1
0.500,0.500,0.500,0.500,0.500,0.500,0.520,0.520,0.520,0.500,0.500,0.500,283,1
0.550,0.550,0.550,0.500,0.500,0.500,0.520,0.520,0.520,0.500,0.500,0.500,525,1
0.550,0.550,0.550,0.500,0.500,0.500,0.520,0.520,0.520,0.500,0.500,0.500,558,1
0.500,0.500,0.500,0.450,0.450,0.450,0.500,0.500,0.500,0.540,0.540,0.540,439,2
0.450,0.450,0.450,0.500,0.500,0.500,0.490,0.490,0.490,0.500,0.500,0.500,797,2
0.500,0.500,0.500,0.550,0.550,0.550,0.500,0.500,0.500,0.460,0.460,0.460,684,1
0.550,0.550,0.550,0.500,0.500,0.500,0.480,0.480,0.480,0.500,0.500,0.500,389,2
0.500,0.500,0.500,0.550,0.550,0.550,0.500,0.500,0.500,0.510,0.510,0.510,755,2
0.450,0.450,0.450,0.500,0.500,0.500,0.480,0.480,0.480,0.500,0.500,0.500,730,2
0.550,0.550,0.550,0.500,0.500,0.500,0.490,0.490,0.490,0.500,0.500,0.500,522,2
0.500,0.500,0.500,0.550,0.550,0.550,0.500,0.500,0.500,0.540,0.540,0.540,758,2
0.500,0.500,0.500,0.450,0.450,0.450,0.500,0.500,0.500,0.470,0.470,0.470,267,1
0.500,0.500,0.500,0.500,0.500,0.500,0.480,0.480,0.480,0.500,0.500,0.500,675,2
0.550,0.550,0.550,0.500,0.500,0.500,0.470,0.470,0.470,0.500,0.500,0.500,685,2
0.500,0.500,0.500,0.450,0.450,0.450,0.500,0.500,0.500,0.520,0.520,0.520,41,2
0.450,0.450,0.450,0.500,0.500,0.500,0.490,0.490,0.490,0.500,0.500,0.500,863,2
0.500,0.500,0.500,0.450,0.450,0.450,0.500,0.500,0.500,0.510,0.510,0.510,205,2
0.550,0.550,0.550,0.500,0.500,0.500,0.470,0.470,0.470,0.500,0.500,0.500,982,2
0.450,0.450,0.450,0.500,0.500,0.500,0.540,0.540,0.540,0.500,0.500,0.500,505,1
0.550,0.550,0.550,0.500,0.500,0.500,0.480,0.480,0.480,0.500,0.500,0.500,653,2
0.550,0.550,0.550,0.500,0.500,0.500,0.520,0.520,0.520,0.500,0.500,0.500,426,1
0.500,0.500,0.500,0.450,0.450,0.450,0.500,0.500,0.500,0.490,0.490,0.490,665,1
0.500,0.500,0.500,0.450,0.450,0.450,0.500,0.500,0.500,0.470,0.470,0.470,861,1
0.500,0.500,0.500,0.450,0.450,0.450,0.500,0.500,0.500,0.500,0.500,0.500,6,2
0.450,0.450,0.450,0.500,0.500,0.500,0.520,0.520,0.520,0.500,0.500,0.500,866,1
0.450,0.450,0.450,0.500,0.500,0.500,0.520,0.520,0.520,0.500,0.500,0.500,470,1
0.500,0.500,0.500,0.500,0.500,0.500,0.500,0.500,0.500,0.470,0.470,0.470,14,1
0.450,0.450,0.450,0.500,0.500,0.500,0.540,0.540,0.540,0.500,0.500,0.500,637,1
0.500,0.500,0.500,0.500,0.500,0.500,0.520,0.520,0.520,0.500,0.500,0.500,877,1
0.550,0.550,0.550,0.500,0.500,0.500,0.480,0.480,0.480,0.500,0.500,0.500,488,2
0.500,0.500,0.500,0.450,0.450,0.450,0.500,0.500,0.500,0.490,0.490,0.490,368,1
0.500,0.500,0.500,0.500,0.500,0.500,0.510,0.510,0.510,0.500,0.500,0.500,414,1
0.500,0.500,0.500,0.500,0.500,0.500,0.500,0.500,0.500,0.500,0.500,0.500,413,1
0.500,0.500,0.500,0.500,0.500,0.500,0.500,0.500,0.500,0.480,0.480,0.480,477,1
