0.500,0.500,0.500,0.450,0.450,0.450,0.500,0.500,0.500,0.500,0.500,0.500,171,2
0.500,0.500,0.500,0.550,0.550,0.550,0.500,0.500,0.500,0.460,0.460,0.460,849,1
0.500,0.500,0.500,0.500,0.500,0.500,0.500,0.500,0.500,0.530,0.530,0.530,350,2
0.500,0.500,0.500,0.500,0.500,0.500,0.550,0.550,0.550,0.500,0.500,0.500,88,1
0.500,0.500,0.500,0.550,0.550,0.550,0.500,0.500,0.500,0.490,0.490,0.490,522,1
0.450,0.450,0.450,0.500,0.500,0.500,0.480,0.480,0.480,0.500,0.500,0.500,169,2
0.500,0.500,0.500,0.450,0.450,0.450,0.500,0.500,0.500,0.530,0.530,0.530,504,2
0.500,0.500,0.500,0.500,0.500,0.500,0.500,0.500,0.500,0.510,0.510,0.510,645,2
0.500,0.500,0.500,0.450,0.450,0.450,0.500,0.500,0.500,0.490,0.490,0.490,896,1
0.450,0.450,0.450,0.500,0.500,0.500,0.540,0.540,0.540,0.500,0.500,0.500,868,1
0.450,0.450,0.450,0.500,0.500,0.500,0.500,0.500,0.500,0.500,0.500,0.500,897,1
0.500,0.500,0.500,0.500,0.500,0.500,0.460,0.460,0.460,0.500,0.500,0.500,376,2
0.500,0.500,0.500,0.500,0.500,0.500,0.500,0.500,0.500,0.500,0.500,0.500,83,2
0.500,0.500,0.500,0.500,0.500,0.500,0.470,0.470,0.470,0.500,0.500,0.500,806,2
0.500,0.500,0.500,0.500,0.500,0.500,0.480,0.480,0.480,0.500,0.500,0.500,147,2
0.550,0.550,0.550,0.500,0.500,0.500,0.460,0.460,0.460,0.500,0.500,0.500,948,2
0.550,0.550,0.550,0.500,0.500,0.500,0.510,0.510,0.510,0.500,0.500,0.500,722,1
0.450,0.450,0.450,0.500,0.500,0.500,0.470,0.470,0.470,0.500,0.500,0.500,36,2
0.500,0.500,0.500,0.550,0.550,0.550,0.500,0.500,0.500,0.450,0.450,0.450,782,1
0.500,0.500,0.500,0.500,0.500,0.500,0.520,0.520,0.520,0.500,0.500,0.500,250,1
0.500,0.500,0.500,0.450,0.450,0.450,0.500,0.500,0.500,0.550,0.550,0.550,506,2
0.550,0.550,0.550,0.500,0.500,0.500,0.480,0.480,0.480,0.500,0.500,0.500,785,2
0.550,0.550,0.550,0.500,0.500,0.500,0.500,0.500,0.500,0.500,0.500,0.500,985,1
0.500,0.500,0.500,0.450,0.450,0.450,0.500,0.500,0.500,0.510,0.510,0.510,535,2
0.500,0.500,0.500,0.450,0.450,0.450,0.500,0.500,0.500,0.520,0.520,0.520,74,2
0.500,0.500,0.500,0.450,0.450,0.450,0.500,0.500,0.500,0.500,0.500,0.500,798,2
0.500,0.500,0.500,0.500,0.500,0.500,0.460,0.460,0.460,0.500,0.500,0.500,904,2
0.500,0.500,0.500,0.550,0.550,0.550,0.500,0.500,0.500,0.540,0.540,0.540,263,2
0.500,0.500,0.500,0.450,0.450,0.450,0.500,0.500,0.500,0.490,0.490,0.490,764,1
0.500,0.500,0.500,0.550,0.550,0.550,0.500,0.500,0.500,0.490,0.490,0.490,852,1
0.500,0.500,0.500,0.550,0.550,0.550,0.500,0.500,0.500,0.490,0.490,0.490,687,1
0.550,0.550,0.550,0.500,0.500,0.500,0.550,0.550,0.550,0.500,0.500,0.500,330,1
0.450,0.450,0.450,0.500,0.500,0.500,0.470,0.470,0.470,0.500,0.500,0.500,465,2
0.550,0.550,0.550,0.500,0.500,0.500,0.510,0.510,0.510,0.500,0.500,0.500,359,1
0.450,0.450,0.450,0.500,0.500,0.500,0.470,0.470,0.470,0.500,0.500,0.500,267,2
0.500,0.500,0.500,0.550,0.550,0.550,0.500,0.500,0.500,0.490,0.490,0.490,786,1
0.500,0.500,0.500,0.450,0.450,0.450,0.500,0.500,0.500,0.540,0.540,0.540,604,2
0.550,0.550,0.550,0.500,0.500,0.500,0.550,0.550,0.550,0.500,0.500,0.500,957,1
0.550,0.550,0.550,0.500,0.500,0.500,0.470,0.470,0.470,0.500,0.500,0.500,289,2
0.500,0.500,0.500,0.500,0.500,0.500,0.500,0.500,0.500,0.460,0.460,0.460,310,1
0.500,0.500,0.500,0.450,0.450,0.450,0.500,0.500,0.500,0.460,0.460,0.460,662,1
0.500,0.500,0.500,0.500,0.500,0.500,0.460,0.460,0.460,0.500,0.500,0.500,607,2
0.550,0.550,0.550,0.500,0.500,0.500,0.540,0.540,0.540,0.500,0.500,0.500,494,1
0.500,0.500,0.500,0.500,0.500,0.500,0.480,0.480,0.480,0.500,0.500,0.500,543,2
0.450,0.450,0.450,0.500,0.500,0.500,0.510,0.510,0.510,0.500,0.500,0.500,271,1
0.500,0.500,0.500,0.550,0.550,0.550,0.500,0.500,0.500,0.460,0.460,0.460,90,1
0.550,0.550,0.550,0.500,0.500,0.500,0.530,0.530,0.530,0.500,0.500,0.500,97,1
0.550,0.550,0.550,0.500,0.500,0.500,0.520,0.520,0.520,0.500,0.500,0.500,294,1
0.500,0.500,0.500,0.550,0.550,0.550,0.500,0.500,0.500,0.460,0.460,0.460,354,1
0.500,0.500,0.500,0.550,0.550,0.550,0.500,0.500,0.500,0.520,0.520,0.520,756,2
0.450,0.450,0.450,0.500,0.500,0.500,0.520,0.520,0.520,0.500,0.500,0.500,536,1
0.500,0.500,0.500,0.500,0.500,0.500,0.520,0.520,0.520,0.500,0.500,0.500,943,1
0.450,0.450,0.450,0.500,0.500,0.500,0.460,0.460,0.460,0.500,0.500,0.500,959,2
0.500,0.500,0.500,0.550,0.550,0.550,0.500,0.500,0.500,0.520,0.520,0.520,228,2
0.500,0.500,0.500,0.500,0.500,0.500,0.450,0.450,0.450,0.500,0.500,0.500,903,2
0.450,0.450,0.450,0.500,0.500,0.500,0.510,0.510,0.510,0.500,0.500,0.500,337,1
0.500,0.500,0.500,0.450,0.450,0.450,0.500,0.500,0.500,0.550,0.550,0.550,242,2
0.500,0.500,0.500,0.550,0.550,0.550,0.500,0.500,0.500,0.530,0.530,0.530,823,2
0.500,0.500,0.500,0.500,0.500,0.500,0.530,0.530,0.530,0.500,0.500,0.500,779,1
0.500,0.500,0.500,0.450,0.450,0.450,0.500,0.500,0.500,0.540,0.540,0.540,439,2
0.500,0.500,0.500,0.500,0.500,0.500,0.500,0.500,0.500,0.490,0.490,0.490,610,1
0.500,0.500,0.500,0.500,0.500,0.500,0.510,0.510,0.510,0.500,0.500,0.500,216,1
0.500,0.500,0.500,0.500,0.500,0.500,0.500,0.500,0.500,0.460,0.460,0.460,574,1
0.550,0.550,0.550,0.500,0.500,0.500,0.490,0.490,0.490,0.500,0.500,0.500,951,2
0.500,0.500,0.500,0.450,0.450,0.450,0.500,0.500,0.500,0.470,0.470,0.470,729,1
0.500,0.500,0.500,0.500,0.500,0.500,0.500,0.500,0.500,0.520,0.520,0.520,580,2
0.500,0.500,0.500,0.500,0.500,0.500,0.500,0.500,0.500,0.500,0.500,0.500,281,1
0.500,0.500,0.500,0.500,0.500,0.500,0.500,0.500,0.500,0.530,0.530,0.530,944,2
0.500,0.500,0.500,0.550,0.550,0.550,0.500,0.500,0.500,0.550,0.550,0.550,792,2
0.500,0.500,0.500,0.500,0.500,0.500,0.500,0.500,0.500,0.510,0.510,0.510,678,2
0.450,0.450,0.450,0.500,0.500,0.500,0.510,0.510,0.510,0.500,0.500,0.500,898,1
0.500,0.500,0.500,0.550,0.550,0.550,0.500,0.500,0.500,0.480,0.480,0.480,455,1
0.500,0.500,0.500,0.550,0.550,0.550,0.500,0.500,0.500,0.510,0.510,0.510,194,2
0.500,0.500,0.500,0.450,0.450,0.450,0.500,0.500,0.500,0.520,0.520,0.520,866,2
0.500,0.500,0.500,0.450,0.450,0.450,0.500,0.500,0.500,0.500,0.500,0.500,39,2
0.500,0.500,0.500,0.550,0.550,0.550,0.500,0.500,0.500,0.520,0.520,0.520,261,2
0.500,0.500,0.500,0.550,0.550,0.550,0.500,0.500,0.500,0.540,0.540,0.540,989,2
0.550,0.550,0.550,0.500,0.500,0.500,0.460,0.460,0.460,0.500,0.500,0.500,783,2
0.450,0.450,0.450,0.500,0.500,0.500,0.490,0.490,0.490,0.500,0.500,0.500,929,2
0.500,0.500,0.500,0.550,0.550,0.550,0.500,0.500,0.500,0.510,0.510,0.510,458,2
0.500,0.500,0.500,0.500,0.500,0.500,0.510,0.510,0.510,0.500,0.500,0.500,546,1
0.450,0.450,0.450,0.500,0.500,0.500,0.490,0.490,0.490,0.500,0.500,0.500,665,2
0.500,0.500,0.500,0.500,0.500,0.500,0.520,0.520,0.520,0.500,0.500,0.500,811,1
0.500,0.500,0.500,0.450,0.450,0.450,0.500,0.500,0.500,0.510,0.510,0.510,238,2
0.500,0.500,0.500,0.550,0.550,0.550,0.500,0.500,0.500,0.530,0.530,0.530,658,2
0.550,0.550,0.550,0.500,0.500,0.500,0.550,0.550,0.550,0.500,0.500,0.500,495,1
0.450,0.450,0.450,0.500,0.500,0.500,0.520,0.520,0.520,0.500,0.500,0.500,305,1
0.500,0.500,0.500,0.500,0.500,0.500,0.500,0.500,0.500,0.520,0.520,0.520,151,2
0.500,0.500,0.500,0.500,0.500,0.500,0.500,0.500,0.500,0.500,0.500,0.500,215,2
0.500,0.500,0.500,0.500,0.500,0.500,0.540,0.540,0.540,0.500,0.500,0.500,417,1
0.500,0.500,0.500,0.450,0.450,0.450,0.500,0.500,0.500,0.470,0.470,0.470,861,1
0.500,0.500,0.500,0.500,0.500,0.500,0.500,0.500,0.500,0.450,0.450,0.450,573,1
0.450,0.450,0.450,0.500,0.500,0.500,0.470,0.470,0.470,0.500,0.500,0.500,432,2
0.450,0.450,0.450,0.500,0.500,0.500,0.540,0.540,0.540,0.500,0.500,0.500,307,1
0.500,0.500,0.500,0.550,0.550,0.550,0.500,0.500,0.500,0.530,0.530,0.530,361,2
0.500,0.500,0.500,0.500,0.500,0.500,0.550,0.550,0.550,0.500,0.500,0.500,913,1
0.450,0.450,0.450,0.500,0.500,0.500,0.500,0.500,0.500,0.500,0.500,0.500,270,1
0.450,0.450,0.450,0.500,0.500,0.500,0.540,0.540,0.540,0.500,0.500,0.500,538,1
0.500,0.500,0.500,0.500,0.500,0.500,0.460,0.460,0.460,0.500,0.500,0.500,145,2
0.450,0.450,0.450,0.500,0.500,0.500,0.530,0.530,0.530,0.500,0.500,0.500,636,1
0.500,0.500,0.500,0.450,0.450,0.450,0.500,0.500,0.500,0.520,0.520,0.520,437,2
0.500,0.500,0.500,0.500,0.500,0.500,0.490,0.490,0.490,0.500,0.500,0.500,148,2
0.550,0.550,0.550,0.500,0.500,0.500,0.490,0.490,0.490,0.500,0.500,0.500,27,2
0.500,0.500,0.500,0.500,0.500,0.500,0.500,0.500,0.500,0.500,0.500,0.500,677,1
0.550,0.550,0.550,0.500,0.500,0.500,0.550,0.550,0.550,0.500,0.500,0.500,132,1
0.500,0.500,0.500,0.500,0.500,0.500,0.500,0.500,0.500,0.510,0.510,0.510,579,2
0.500,0.500,0.500,0.500,0.500,0.500,0.500,0.500,0.500,0.490,0.490,0.490,511,1
0.450,0.450,0.450,0.500,0.500,0.500,0.540,0.540,0.540,0.500,0.500,0.500,703,1
0.550,0.550,0.550,0.500,0.500,0.500,0.480,0.480,0.480,0.500,0.500,0.500,719,2
0.500,0.500,0.500,0.450,0.450,0.450,0.500,0.500,0.500,0.460,0.460,0.460,464,1
0.500,0.500,0.500,0.550,0.550,0.550,0.500,0.500,0.500,0.540,0.540,0.540,890,2
0.500,0.500,0.500,0.500,0.500,0.500,0.480,0.480,0.480,0.500,0.500,0.500,906,2
0.500,0.500,0.500,0.450,0.450,0.450,0.500,0.500,0.500,0.500,0.500,0.500,303,2
0.450,0.450,0.450,0.500,0.500,0.500,0.460,0.460,0.460,0.500,0.500,0.500,365,2
0.450,0.450,0.450,0.500,0.500,0.500,0.480,0.480,0.480,0.500,0.500,0.500,103,2
0.550,0.550,0.550,0.500,0.500,0.500,0.520,0.520,0.520,0.500,0.500,0.500,657,1
0.550,0.550,0.550,0.500,0.500,0.500,0.510,0.510,0.510,0.500,0.500,0.500,953,1
0.500,0.500,0.500,0.500,0.500,0.500,0.500,0.500,0.500,0.470,0.470,0.470,47,1
0.550,0.550,0.550,0.500,0.500,0.500,0.530,0.530,0.530,0.500,0.500,0.500,724,1
0.500,0.500,0.500,0.550,0.550,0.550,0.500,0.500,0.500,0.480,0.480,0.480,191,1
0.500,0.500,0.500,0.500,0.500,0.500,0.500,0.500,0.500,0.460,0.460,0.460,343,1
0.500,0.500,0.500,0.500,0.500,0.500,0.500,0.500,0.500,0.510,0.510,0.510,744,2
0.450,0.450,0.450,0.500,0.500,0.500,0.480,0.480,0.480,0.500,0.500,0.500,895,2
0.500,0.500,0.500,0.500,0.500,0.500,0.490,0.490,0.490,0.500,0.500,0.500,643,2
0.500,0.500,0.500,0.500,0.500,0.500,0.530,0.530,0.530,0.500,0.500,0.500,680,1
0.500,0.500,0.500,0.450,0.450,0.450,0.500,0.500,0.500,0.530,0.530,0.530,207,2
0.500,0.500,0.500,0.550,0.550,0.550,0.500,0.500,0.500,0.460,0.460,0.460,255,1
0.500,0.500,0.500,0.500,0.500,0.500,0.500,0.500,0.500,0.490,0.490,0.490,577,1
0.500,0.500,0.500,0.500,0.500,0.500,0.500,0.500,0.500,0.540,0.540,0.540,483,2
0.500,0.500,0.500,0.500,0.500,0.500,0.490,0.490,0.490,0.500,0.500,0.500,247,2
0.500,0.500,0.500,0.500,0.500,0.500,0.500,0.500,0.500,0.500,0.500,0.500,413,1
0.500,0.500,0.500,0.550,0.550,0.550,0.500,0.500,0.500,0.490,0.490,0.490,357,1
0.450,0.450,0.450,0.500,0.500,0.500,0.470,0.470,0.470,0.500,0.500,0.500,69,2
0.500,0.500,0.500,0.450,0.450,0.450,0.500,0.500,0.500,0.510,0.510,0.510,502,2
0.500,0.500,0.500,0.550,0.550,0.550,0.500,0.500,0.500,0.540,0.540,0.540,725,2
0.500,0.500,0.500,0.450,0.450,0.450,0.500,0.500,0.500,0.460,0.460,0.460,431,1
0.450,0.450,0.450,0.500,0.500,0.500,0.460,0.460,0.460,0.500,0.500,0.500,893,2
0.500,0.500,0.500,0.450,0.450,0.450,0.500,0.500,0.500,0.490,0.490,0.490,203,1
0.550,0.550,0.550,0.500,0.500,0.500,0.550,0.550,0.550,0.500,0.500,0.500,594,1
0.500,0.500,0.500,0.500,0.500,0.500,0.500,0.500,0.500,0.450,0.450,0.450,144,1
0.450,0.450,0.450,0.500,0.500,0.500,0.510,0.510,0.510,0.500,0.500,0.500,469,1
0.500,0.500,0.500,0.500,0.500,0.500,0.540,0.540,0.540,0.500,0.500,0.500,714,1
0.500,0.500,0.500,0.450,0.450,0.450,0.500,0.500,0.500,0.530,0.530,0.530,867,2
0.500,0.500,0.500,0.450,0.450,0.450,0.500,0.500,0.500,0.520,0.520,0.520,206,2
0.500,0.500,0.500,0.450,0.450,0.450,0.500,0.500,0.500,0.540,0.540,0.540,10,2
0.500,0.500,0.500,0.500,0.500,0.500,0.540,0.540,0.540,0.500,0.500,0.500,153,1
0.500,0.500,0.500,0.500,0.500,0.500,0.450,0.450,0.450,0.500,0.500,0.500,78,2
0.500,0.500,0.500,0.500,0.500,0.500,0.450,0.450,0.450,0.500,0.500,0.500,177,2
0.550,0.550,0.550,0.500,0.500,0.500,0.480,0.480,0.480,0.500,0.500,0.500,488,2
0.500,0.500,0.500,0.450,0.450,0.450,0.500,0.500,0.500,0.540,0.540,0.540,769,2
0.500,0.500,0.500,0.500,0.500,0.500,0.490,0.490,0.490,0.500,0.500,0.500,313,2
0.550,0.550,0.550,0.500,0.500,0.500,0.500,0.500,0.500,0.500,0.500,0.500,688,1
0.500,0.500,0.500,0.450,0.450,0.450,0.500,0.500,0.500,0.510,0.510,0.510,832,2
0.450,0.450,0.450,0.500,0.500,0.500,0.550,0.550,0.550,0.500,0.500,0.500,836,1
0.450,0.450,0.450,0.500,0.500,0.500,0.550,0.550,0.550,0.500,0.500,0.500,77,1
0.500,0.500,0.500,0.500,0.500,0.500,0.500,0.500,0.500,0.530,0.530,0.530,812,2
0.500,0.500,0.500,0.500,0.500,0.500,0.540,0.540,0.540,0.500,0.500,0.500,87,1
0.550,0.550,0.550,0.500,0.500,0.500,0.460,0.460,0.460,0.500,0.500,0.500,288,2
0.500,0.500,0.500,0.500,0.500,0.500,0.490,0.490,0.490,0.500,0.500,0.500,214,2
0.450,0.450,0.450,0.500,0.500,0.500,0.500,0.500,0.500,0.500,0.500,0.500,534,1
0.500,0.500,0.500,0.500,0.500,0.500,0.500,0.500,0.500,0.450,0.450,0.450,111,1
0.450,0.450,0.450,0.500,0.500,0.500,0.500,0.500,0.500,0.500,0.500,0.500,864,1
0.500,0.500,0.500,0.550,0.550,0.550,0.500,0.500,0.500,0.490,0.490,0.490,192,1
0.550,0.550,0.550,0.500,0.500,0.500,0.520,0.520,0.520,0.500,0.500,0.500,327,1
0.500,0.500,0.500,0.450,0.450,0.450,0.500,0.500,0.500,0.470,0.470,0.470,894,1
0.500,0.500,0.500,0.500,0.500,0.500,0.470,0.470,0.470,0.500,0.500,0.500,509,2
0.500,0.500,0.500,0.550,0.550,0.550,0.500,0.500,0.500,0.450,0.450,0.450,518,1
0.500,0.500,0.500,0.500,0.500,0.500,0.500,0.500,0.500,0.550,0.550,0.550,583,2
0.500,0.500,0.500,0.450,0.450,0.450,0.500,0.500,0.500,0.470,0.470,0.470,168,1
0.450,0.450,0.450,0.500,0.500,0.500,0.530,0.530,0.530,0.500,0.500,0.500,570,1
0.550,0.550,0.550,0.500,0.500,0.500,0.500,0.500,0.500,0.500,0.500,0.500,853,1
0.550,0.550,0.550,0.500,0.500,0.500,0.540,0.540,0.540,0.500,0.500,0.500,296,1
0.550,0.550,0.550,0.500,0.500,0.500,0.550,0.550,0.550,0.500,0.500,0.500,561,1
0.450,0.450,0.450,0.500,0.500,0.500,0.510,0.510,0.510,0.500,0.500,0.500,304,1
0.500,0.500,0.500,0.500,0.500,0.500,0.510,0.510,0.510,0.500,0.500,0.500,183,1
0.450,0.450,0.450,0.500,0.500,0.500,0.490,0.490,0.490,0.500,0.500,0.500,467,2
0.550,0.550,0.550,0.500,0.500,0.500,0.460,0.460,0.460,0.500,0.500,0.500,321,2
0.500,0.500,0.500,0.450,0.450,0.450,0.500,0.500,0.500,0.520,0.520,0.520,800,2
0.500,0.500,0.500,0.500,0.500,0.500,0.450,0.450,0.450,0.500,0.500,0.500,969,2
0.500,0.500,0.500,0.500,0.500,0.500,0.500,0.500,0.500,0.550,0.550,0.550,154,2
0.500,0.500,0.500,0.550,0.550,0.550,0.500,0.500,0.500,0.500,0.500,0.500,919,2
0.500,0.500,0.500,0.550,0.550,0.550,0.500,0.500,0.500,0.550,0.550,0.550,429,2
0.550,0.550,0.550,0.500,0.500,0.500,0.540,0.540,0.540,0.500,0.500,0.500,131,1
0.500,0.500,0.500,0.450,0.450,0.450,0.500,0.500,0.500,0.450,0.450,0.450,958,1
0.550,0.550,0.550,0.500,0.500,0.500,0.480,0.480,0.480,0.500,0.500,0.500,356,2
0.500,0.500,0.500,0.500,0.500,0.500,0.500,0.500,0.500,0.530,0.530,0.530,515,2
0.500,0.500,0.500,0.500,0.500,0.500,0.500,0.500,0.500,0.450,0.450,0.450,705,1
0.500,0.500,0.500,0.550,0.550,0.550,0.500,0.500,0.500,0.520,0.520,0.520,723,2
0.450,0.450,0.450,0.500,0.500,0.500,0.550,0.550,0.550,0.500,0.500,0.500,572,1
0.500,0.500,0.500,0.500,0.500,0.500,0.500,0.500,0.500,0.530,0.530,0.530,185,2
0.450,0.450,0.450,0.500,0.500,0.500,0.450,0.450,0.450,0.500,0.500,0.500,595,2
0.500,0.500,0.500,0.500,0.500,0.500,0.450,0.450,0.450,0.500,0.500,0.500,738,2
0.450,0.450,0.450,0.500,0.500,0.500,0.510,0.510,0.510,0.500,0.500,0.500,799,1
0.450,0.450,0.450,0.500,0.500,0.500,0.500,0.500,0.500,0.500,0.500,0.500,435,1
0.450,0.450,0.450,0.500,0.500,0.500,0.470,0.470,0.470,0.500,0.500,0.500,399,2
0.500,0.500,0.500,0.450,0.450,0.450,0.500,0.500,0.500,0.510,0.510,0.510,205,2
0.450,0.450,0.450,0.500,0.500,0.500,0.530,0.530,0.530,0.500,0.500,0.500,471,1
0.500,0.500,0.500,0.500,0.500,0.500,0.530,0.530,0.530,0.500,0.500,0.500,317,1
0.550,0.550,0.550,0.500,0.500,0.500,0.450,0.450,0.450,0.500,0.500,0.500,254,2
0.500,0.500,0.500,0.550,0.550,0.550,0.500,0.500,0.500,0.510,0.510,0.510,293,2
0.500,0.500,0.500,0.550,0.550,0.550,0.500,0.500,0.500,0.510,0.510,0.510,788,2
0.500,0.500,0.500,0.450,0.450,0.450,0.500,0.500,0.500,0.480,0.480,0.480,598,1
0.500,0.500,0.500,0.450,0.450,0.450,0.500,0.500,0.500,0.530,0.530,0.530,273,2
0.450,0.450,0.450,0.500,0.500,0.500,0.460,0.460,0.460,0.500,0.500,0.500,860,2
0.500,0.500,0.500,0.450,0.450,0.450,0.500,0.500,0.500,0.480,0.480,0.480,961,1
0.500,0.500,0.500,0.500,0.500,0.500,0.500,0.500,0.500,0.520,0.520,0.520,844,2
0.550,0.550,0.550,0.500,0.500,0.500,0.540,0.540,0.540,0.500,0.500,0.500,197,1
0.500,0.500,0.500,0.550,0.550,0.550,0.500,0.500,0.500,0.490,0.490,0.490,885,1
0.500,0.500,0.500,0.500,0.500,0.500,0.500,0.500,0.500,0.530,0.530,0.530,614,2
0.500,0.500,0.500,0.550,0.550,0.550,0.500,0.500,0.500,0.530,0.530,0.530,460,2
0.500,0.500,0.500,0.500,0.500,0.500,0.500,0.500,0.500,0.450,0.450,0.450,309,1
0.550,0.550,0.550,0.500,0.500,0.500,0.500,0.500,0.500,0.500,0.500,0.500,952,1
0.450,0.450,0.450,0.500,0.500,0.500,0.450,0.450,0.450,0.500,0.500,0.500,793,2
0.550,0.550,0.550,0.500,0.500,0.500,0.550,0.550,0.550,0.500,0.500,0.500,165,1
0.450,0.450,0.450,0.500,0.500,0.500,0.520,0.520,0.520,0.500,0.500,0.500,503,1
0.500,0.500,0.500,0.500,0.500,0.500,0.520,0.520,0.520,0.500,0.500,0.500,481,1
0.500,0.500,0.500,0.500,0.500,0.500,0.500,0.500,0.500,0.530,0.530,0.530,251,2
0.450,0.450,0.450,0.500,0.500,0.500,0.480,0.480,0.480,0.500,0.500,0.500,862,2
0.500,0.500,0.500,0.500,0.500,0.500,0.510,0.510,0.510,0.500,0.500,0.500,249,1
0.550,0.550,0.550,0.500,0.500,0.500,0.460,0.460,0.460,0.500,0.500,0.500,882,2
0.500,0.500,0.500,0.500,0.500,0.500,0.510,0.510,0.510,0.500,0.500,0.500,777,1
0.500,0.500,0.500,0.500,0.500,0.500,0.500,0.500,0.500,0.530,0.530,0.530,746,2
0.450,0.450,0.450,0.500,0.500,0.500,0.530,0.530,0.530,0.500,0.500,0.500,801,1
0.500,0.500,0.500,0.450,0.450,0.450,0.500,0.500,0.500,0.510,0.510,0.510,766,2
0.550,0.550,0.550,0.500,0.500,0.500,0.450,0.450,0.450,0.500,0.500,0.500,419,2
0.500,0.500,0.500,0.450,0.450,0.450,0.500,0.500,0.500,0.470,0.470,0.470,234,1
0.500,0.500,0.500,0.450,0.450,0.450,0.500,0.500,0.500,0.470,0.470,0.470,630,1
0.500,0.500,0.500,0.500,0.500,0.500,0.500,0.500,0.500,0.490,0.490,0.490,412,1
0.550,0.550,0.550,0.500,0.500,0.500,0.450,0.450,0.450,0.500,0.500,0.500,881,2
0.500,0.500,0.500,0.450,0.450,0.450,0.500,0.500,0.500,0.490,0.490,0.490,731,1
0.500,0.500,0.500,0.500,0.500,0.500,0.520,0.520,0.520,0.500,0.500,0.500,514,1
0.500,0.500,0.500,0.550,0.550,0.550,0.500,0.500,0.500,0.540,0.540,0.540,98,2
0.550,0.550,0.550,0.500,0.500,0.500,0.450,0.450,0.450,0.500,0.500,0.500,848,2
0.500,0.500,0.500,0.450,0.450,0.450,0.500,0.500,0.500,0.550,0.550,0.550,935,2
0.500,0.500,0.500,0.500,0.500,0.500,0.500,0.500,0.500,0.470,0.470,0.470,179,1
0.500,0.500,0.500,0.550,0.550,0.550,0.500,0.500,0.500,0.470,0.470,0.470,883,1
0.550,0.550,0.550,0.500,0.500,0.500,0.530,0.530,0.530,0.500,0.500,0.500,427,1
0.500,0.500,0.500,0.450,0.450,0.450,0.500,0.500,0.500,0.490,0.490,0.490,104,1
0.500,0.500,0.500,0.500,0.500,0.500,0.510,0.510,0.510,0.500,0.500,0.500,447,1
0.500,0.500,0.500,0.450,0.450,0.450,0.500,0.500,0.500,0.520,0.520,0.520,602,2
0.500,0.500,0.500,0.450,0.450,0.450,0.500,0.500,0.500,0.530,0.530,0.530,108,2
0.450,0.450,0.450,0.500,0.500,0.500,0.480,0.480,0.480,0.500,0.500,0.500,433,2
0.500,0.500,0.500,0.450,0.450,0.450,0.500,0.500,0.500,0.470,0.470,0.470,663,1
0.550,0.550,0.550,0.500,0.500,0.500,0.520,0.520,0.520,0.500,0.500,0.500,129,1
0.450,0.450,0.450,0.500,0.500,0.500,0.490,0.490,0.490,0.500,0.500,0.500,302,2
0.450,0.450,0.450,0.500,0.500,0.500,0.500,0.500,0.500,0.500,0.500,0.500,204,1
0.500,0.500,0.500,0.450,0.450,0.450,0.500,0.500,0.500,0.530,0.530,0.530,966,2
0.500,0.500,0.500,0.500,0.500,0.500,0.500,0.500,0.500,0.470,0.470,0.470,905,1
0.500,0.500,0.500,0.500,0.500,0.500,0.470,0.470,0.470,0.500,0.500,0.500,872,2
0.500,0.500,0.500,0.500,0.500,0.500,0.500,0.500,0.500,0.500,0.500,0.500,644,1
0.500,0.500,0.500,0.450,0.450,0.450,0.500,0.500,0.500,0.480,0.480,0.480,928,1
0.500,0.500,0.500,0.500,0.500,0.500,0.500,0.500,0.500,0.500,0.500,0.500,611,2
0.500,0.500,0.500,0.500,0.500,0.500,0.500,0.500,0.500,0.550,0.550,0.550,385,2
0.500,0.500,0.500,0.550,0.550,0.550,0.500,0.500,0.500,0.530,0.530,0.530,163,2
0.500,0.500,0.500,0.500,0.500,0.500,0.480,0.480,0.480,0.500,0.500,0.500,477,2
0.500,0.500,0.500,0.500,0.500,0.500,0.500,0.500,0.500,0.460,0.460,0.460,409,1
0.500,0.500,0.500,0.450,0.450,0.450,0.500,0.500,0.500,0.540,0.540,0.540,934,2
0.500,0.500,0.500,0.450,0.450,0.450,0.500,0.500,0.500,0.550,0.550,0.550,341,2
0.500,0.500,0.500,0.550,0.550,0.550,0.500,0.500,0.500,0.450,0.450,0.450,551,1
0.450,0.450,0.450,0.500,0.500,0.500,0.540,0.540,0.540,0.500,0.500,0.500,802,1
0.450,0.450,0.450,0.500,0.500,0.500,0.450,0.450,0.450,0.500,0.500,0.500,496,2
0.550,0.550,0.550,0.500,0.500,0.500,0.520,0.520,0.520,0.500,0.500,0.500,96,1
0.500,0.500,0.500,0.450,0.450,0.450,0.500,0.500,0.500,0.480,0.480,0.480,697,1
0.450,0.450,0.450,0.500,0.500,0.500,0.450,0.450,0.450,0.500,0.500,0.500,133,2
0.500,0.500,0.500,0.500,0.500,0.500,0.520,0.520,0.520,0.500,0.500,0.500,283,1
0.500,0.500,0.500,0.450,0.450,0.450,0.500,0.500,0.500,0.500,0.500,0.500,105,2
0.500,0.500,0.500,0.450,0.450,0.450,0.500,0.500,0.500,0.530,0.530,0.530,372,2
0.500,0.500,0.500,0.500,0.500,0.500,0.550,0.550,0.550,0.500,0.500,0.500,451,1
0.450,0.450,0.450,0.500,0.500,0.500,0.520,0.520,0.520,0.500,0.500,0.500,668,1
0.550,0.550,0.550,0.500,0.500,0.500,0.520,0.520,0.520,0.500,0.500,0.500,888,1
0.500,0.500,0.500,0.450,0.450,0.450,0.500,0.500,0.500,0.510,0.510,0.510,634,2
0.500,0.500,0.500,0.500,0.500,0.500,0.500,0.500,0.500,0.480,0.480,0.480,642,1
0.450,0.450,0.450,0.500,0.500,0.500,0.530,0.530,0.530,0.500,0.500,0.500,933,1
0.500,0.500,0.500,0.500,0.500,0.500,0.500,0.500,0.500,0.460,0.460,0.460,277,1
0.500,0.500,0.500,0.550,0.550,0.550,0.500,0.500,0.500,0.470,0.470,0.470,718,1
0.500,0.500,0.500,0.500,0.500,0.500,0.490,0.490,0.490,0.500,0.500,0.500,808,2
0.500,0.500,0.500,0.500,0.500,0.500,0.500,0.500,0.500,0.500,0.500,0.500,743,1
0.450,0.450,0.450,0.500,0.500,0.500,0.450,0.450,0.450,0.500,0.500,0.500,661,2
0.550,0.550,0.550,0.500,0.500,0.500,0.490,0.490,0.490,0.500,0.500,0.500,720,2
0.500,0.500,0.500,0.500,0.500,0.500,0.500,0.500,0.500,0.500,0.500,0.500,842,2
0.500,0.500,0.500,0.500,0.500,0.500,0.500,0.500,0.500,0.500,0.500,0.500,578,2
0.500,0.500,0.500,0.450,0.450,0.450,0.500,0.500,0.500,0.490,0.490,0.490,236,1
0.500,0.500,0.500,0.450,0.450,0.450,0.500,0.500,0.500,0.490,0.490,0.490,269,1
0.500,0.500,0.500,0.450,0.450,0.450,0.500,0.500,0.500,0.450,0.450,0.450,925,1
0.500,0.500,0.500,0.550,0.550,0.550,0.500,0.500,0.500,0.520,0.520,0.520,987,2
0.550,0.550,0.550,0.500,0.500,0.500,0.520,0.520,0.520,0.500,0.500,0.500,921,1
0.500,0.500,0.500,0.550,0.550,0.550,0.500,0.500,0.500,0.460,0.460,0.460,816,1
0.450,0.450,0.450,0.500,0.500,0.500,0.540,0.540,0.540,0.500,0.500,0.500,967,1
0.500,0.500,0.500,0.550,0.550,0.550,0.500,0.500,0.500,0.530,0.530,0.530,31,2
0.500,0.500,0.500,0.550,0.550,0.550,0.500,0.500,0.500,0.540,0.540,0.540,230,2
0.450,0.450,0.450,0.500,0.500,0.500,0.500,0.500,0.500,0.500,0.500,0.500,369,1
0.500,0.500,0.500,0.550,0.550,0.550,0.500,0.500,0.500,0.490,0.490,0.490,126,1
0.500,0.500,0.500,0.500,0.500,0.500,0.510,0.510,0.510,0.500,0.500,0.500,480,1
0.550,0.550,0.550,0.500,0.500,0.500,0.470,0.470,0.470,0.500,0.500,0.500,751,2
0.500,0.500,0.500,0.500,0.500,0.500,0.500,0.500,0.500,0.540,0.540,0.540,813,2
0.500,0.500,0.500,0.550,0.550,0.550,0.500,0.500,0.500,0.490,0.490,0.490,984,1
0.550,0.550,0.550,0.500,0.500,0.500,0.450,0.450,0.450,0.500,0.500,0.500,320,2
0.500,0.500,0.500,0.450,0.450,0.450,0.500,0.500,0.500,0.500,0.500,0.500,138,2
0.500,0.500,0.500,0.550,0.550,0.550,0.500,0.500,0.500,0.450,0.450,0.450,485,1
0.500,0.500,0.500,0.500,0.500,0.500,0.500,0.500,0.500,0.470,0.470,0.470,311,1
0.550,0.550,0.550,0.500,0.500,0.500,0.520,0.520,0.520,0.500,0.500,0.500,162,1
0.500,0.500,0.500,0.500,0.500,0.500,0.500,0.500,0.500,0.550,0.550,0.550,484,2
0.500,0.500,0.500,0.550,0.550,0.550,0.500,0.500,0.500,0.500,0.500,0.500,61,2
0.550,0.550,0.550,0.500,0.500,0.500,0.540,0.540,0.540,0.500,0.500,0.500,692,1
0.500,0.500,0.500,0.550,0.550,0.550,0.500,0.500,0.500,0.470,0.470,0.470,322,1
0.450,0.450,0.450,0.500,0.500,0.500,0.530,0.530,0.530,0.500,0.500,0.500,306,1
0.550,0.550,0.550,0.500,0.500,0.500,0.530,0.530,0.530,0.500,0.500,0.500,955,1
0.500,0.500,0.500,0.450,0.450,0.450,0.500,0.500,0.500,0.470,0.470,0.470,531,1
0.500,0.500,0.500,0.500,0.500,0.500,0.550,0.550,0.550,0.500,0.500,0.500,616,1
0.500,0.500,0.500,0.500,0.500,0.500,0.480,0.480,0.480,0.500,0.500,0.500,840,2
0.500,0.500,0.500,0.450,0.450,0.450,0.500,0.500,0.500,0.450,0.450,0.450,760,1
0.500,0.500,0.500,0.500,0.500,0.500,0.540,0.540,0.540,0.500,0.500,0.500,879,1
0.500,0.500,0.500,0.500,0.500,0.500,0.500,0.500,0.500,0.480,0.480,0.480,279,1
0.500,0.500,0.500,0.450,0.450,0.450,0.500,0.500,0.500,0.470,0.470,0.470,300,1
0.500,0.500,0.500,0.550,0.550,0.550,0.500,0.500,0.500,0.470,0.470,0.470,586,1
0.550,0.550,0.550,0.500,0.500,0.500,0.520,0.520,0.520,0.500,0.500,0.500,63,1
0.500,0.500,0.500,0.450,0.450,0.450,0.500,0.500,0.500,0.460,0.460,0.460,68,1
0.550,0.550,0.550,0.500,0.500,0.500,0.540,0.540,0.540,0.500,0.500,0.500,527,1
0.450,0.450,0.450,0.500,0.500,0.500,0.540,0.540,0.540,0.500,0.500,0.500,472,1
0.500,0.500,0.500,0.500,0.500,0.500,0.480,0.480,0.480,0.500,0.500,0.500,444,2
0.500,0.500,0.500,0.500,0.500,0.500,0.490,0.490,0.490,0.500,0.500,0.500,973,2
0.550,0.550,0.550,0.500,0.500,0.500,0.450,0.450,0.450,0.500,0.500,0.500,89,2
0.450,0.450,0.450,0.500,0.500,0.500,0.450,0.450,0.450,0.500,0.500,0.500,430,2
0.450,0.450,0.450,0.500,0.500,0.500,0.480,0.480,0.480,0.500,0.500,0.500,796,2
0.500,0.500,0.500,0.500,0.500,0.500,0.500,0.500,0.500,0.520,0.520,0.520,184,2
0.500,0.500,0.500,0.450,0.450,0.450,0.500,0.500,0.500,0.540,0.540,0.540,340,2
0.550,0.550,0.550,0.500,0.500,0.500,0.470,0.470,0.470,0.500,0.500,0.500,91,2
0.450,0.450,0.450,0.500,0.500,0.500,0.450,0.450,0.450,0.500,0.500,0.500,892,2
0.500,0.500,0.500,0.500,0.500,0.500,0.540,0.540,0.540,0.500,0.500,0.500,516,1
0.500,0.500,0.500,0.500,0.500,0.500,0.500,0.500,0.500,0.550,0.550,0.550,649,2
0.500,0.500,0.500,0.500,0.500,0.500,0.470,0.470,0.470,0.500,0.500,0.500,278,2
0.500,0.500,0.500,0.500,0.500,0.500,0.480,0.480,0.480,0.500,0.500,0.500,972,2
0.450,0.450,0.450,0.500,0.500,0.500,0.470,0.470,0.470,0.500,0.500,0.500,960,2
0.500,0.500,0.500,0.550,0.550,0.550,0.500,0.500,0.500,0.480,0.480,0.480,554,1
0.500,0.500,0.500,0.500,0.500,0.500,0.500,0.500,0.500,0.500,0.500,0.500,314,1
0.550,0.550,0.550,0.500,0.500,0.500,0.450,0.450,0.450,0.500,0.500,0.500,914,2
0.500,0.500,0.500,0.500,0.500,0.500,0.500,0.500,0.500,0.500,0.500,0.500,17,1
0.550,0.550,0.550,0.500,0.500,0.500,0.510,0.510,0.510,0.500,0.500,0.500,392,1
0.500,0.500,0.500,0.500,0.500,0.500,0.500,0.500,0.500,0.540,0.540,0.540,978,2
0.550,0.550,0.550,0.500,0.500,0.500,0.480,0.480,0.480,0.500,0.500,0.500,686,2
0.450,0.450,0.450,0.500,0.500,0.500,0.550,0.550,0.550,0.500,0.500,0.500,308,1
0.500,0.500,0.500,0.550,0.550,0.550,0.500,0.500,0.500,0.550,0.550,0.550,396,2
0.500,0.500,0.500,0.500,0.500,0.500,0.540,0.540,0.540,0.500,0.500,0.500,21,1
0.450,0.450,0.450,0.500,0.500,0.500,0.460,0.460,0.460,0.500,0.500,0.500,695,2
0.500,0.500,0.500,0.500,0.500,0.500,0.500,0.500,0.500,0.540,0.540,0.540,615,2
0.550,0.550,0.550,0.500,0.500,0.500,0.450,0.450,0.450,0.500,0.500,0.500,188,2
0.500,0.500,0.500,0.500,0.500,0.500,0.480,0.480,0.480,0.500,0.500,0.500,15,2
0.500,0.500,0.500,0.500,0.500,0.500,0.450,0.450,0.450,0.500,0.500,0.500,837,2
0.500,0.500,0.500,0.550,0.550,0.550,0.500,0.500,0.500,0.540,0.540,0.540,560,2
0.500,0.500,0.500,0.500,0.500,0.500,0.450,0.450,0.450,0.500,0.500,0.500,408,2
0.550,0.550,0.550,0.500,0.500,0.500,0.480,0.480,0.480,0.500,0.500,0.500,752,2
0.500,0.500,0.500,0.450,0.450,0.450,0.500,0.500,0.500,0.470,0.470,0.470,927,1
0.500,0.500,0.500,0.550,0.550,0.550,0.500,0.500,0.500,0.530,0.530,0.530,229,2
0.500,0.500,0.500,0.450,0.450,0.450,0.500,0.500,0.500,0.530,0.530,0.530,603,2
0.500,0.500,0.500,0.500,0.500,0.500,0.520,0.520,0.520,0.500,0.500,0.500,85,1
0.500,0.500,0.500,0.500,0.500,0.500,0.460,0.460,0.460,0.500,0.500,0.500,475,2
0.450,0.450,0.450,0.500,0.500,0.500,0.520,0.520,0.520,0.500,0.500,0.500,833,1
0.500,0.500,0.500,0.450,0.450,0.450,0.500,0.500,0.500,0.460,0.460,0.460,596,1
0.500,0.500,0.500,0.450,0.450,0.450,0.500,0.500,0.500,0.490,0.490,0.490,71,1
0.500,0.500,0.500,0.450,0.450,0.450,0.500,0.500,0.500,0.540,0.540,0.540,208,2
0.500,0.500,0.500,0.550,0.550,0.550,0.500,0.500,0.500,0.450,0.450,0.450,155,1
0.500,0.500,0.500,0.450,0.450,0.450,0.500,0.500,0.500,0.520,0.520,0.520,569,2
0.550,0.550,0.550,0.500,0.500,0.500,0.540,0.540,0.540,0.500,0.500,0.500,857,1
0.550,0.550,0.550,0.500,0.500,0.500,0.470,0.470,0.470,0.500,0.500,0.500,124,2
0.500,0.500,0.500,0.450,0.450,0.450,0.500,0.500,0.500,0.500,0.500,0.500,732,2
0.500,0.500,0.500,0.500,0.500,0.500,0.520,0.520,0.520,0.500,0.500,0.500,19,1
0.500,0.500,0.500,0.550,0.550,0.550,0.500,0.500,0.500,0.470,0.470,0.470,454,1
0.500,0.500,0.500,0.500,0.500,0.500,0.500,0.500,0.500,0.550,0.550,0.550,55,2
0.500,0.500,0.500,0.500,0.500,0.500,0.500,0.500,0.500,0.480,0.480,0.480,774,1
0.500,0.500,0.500,0.500,0.500,0.500,0.460,0.460,0.460,0.500,0.500,0.500,739,2
0.500,0.500,0.500,0.450,0.450,0.450,0.500,0.500,0.500,0.540,0.540,0.540,835,2
0.500,0.500,0.500,0.550,0.550,0.550,0.500,0.500,0.500,0.530,0.530,0.530,691,2
0.500,0.500,0.500,0.500,0.500,0.500,0.500,0.500,0.500,0.480,0.480,0.480,609,1
0.500,0.500,0.500,0.500,0.500,0.500,0.540,0.540,0.540,0.500,0.500,0.500,582,1
0.500,0.500,0.500,0.550,0.550,0.550,0.500,0.500,0.500,0.500,0.500,0.500,589,2
0.500,0.500,0.500,0.500,0.500,0.500,0.500,0.500,0.500,0.480,0.480,0.480,939,1
0.500,0.500,0.500,0.500,0.500,0.500,0.450,0.450,0.450,0.500,0.500,0.500,243,2
0.450,0.450,0.450,0.500,0.500,0.500,0.480,0.480,0.480,0.500,0.500,0.500,730,2
0.450,0.450,0.450,0.500,0.500,0.500,0.450,0.450,0.450,0.500,0.500,0.500,1,2
0.450,0.450,0.450,0.500,0.500,0.500,0.490,0.490,0.490,0.500,0.500,0.500,500,2
0.500,0.500,0.500,0.450,0.450,0.450,0.500,0.500,0.500,0.540,0.540,0.540,274,2
0.500,0.500,0.500,0.550,0.550,0.550,0.500,0.500,0.500,0.540,0.540,0.540,824,2
0.500,0.500,0.500,0.500,0.500,0.500,0.500,0.500,0.500,0.490,0.490,0.490,775,1
0.500,0.500,0.500,0.500,0.500,0.500,0.500,0.500,0.500,0.520,0.520,0.520,778,2
0.500,0.500,0.500,0.450,0.450,0.450,0.500,0.500,0.500,0.520,0.520,0.520,8,2
0.500,0.500,0.500,0.550,0.550,0.550,0.500,0.500,0.500,0.520,0.520,0.520,360,2
0.550,0.550,0.550,0.500,0.500,0.500,0.490,0.490,0.490,0.500,0.500,0.500,60,2
0.500,0.500,0.500,0.550,0.550,0.550,0.500,0.500,0.500,0.530,0.530,0.530,394,2
0.500,0.500,0.500,0.500,0.500,0.500,0.510,0.510,0.510,0.500,0.500,0.500,909,1
0.550,0.550,0.550,0.500,0.500,0.500,0.510,0.510,0.510,0.500,0.500,0.500,689,1
0.500,0.500,0.500,0.500,0.500,0.500,0.510,0.510,0.510,0.500,0.500,0.500,942,1
0.500,0.500,0.500,0.500,0.500,0.500,0.500,0.500,0.500,0.470,0.470,0.470,80,1
0.450,0.450,0.450,0.500,0.500,0.500,0.530,0.530,0.530,0.500,0.500,0.500,768,1
0.500,0.500,0.500,0.500,0.500,0.500,0.520,0.520,0.520,0.500,0.500,0.500,976,1
0.500,0.500,0.500,0.550,0.550,0.550,0.500,0.500,0.500,0.530,0.530,0.530,196,2
0.450,0.450,0.450,0.500,0.500,0.500,0.510,0.510,0.510,0.500,0.500,0.500,7,1
0.550,0.550,0.550,0.500,0.500,0.500,0.540,0.540,0.540,0.500,0.500,0.500,461,1
0.500,0.500,0.500,0.550,0.550,0.550,0.500,0.500,0.500,0.480,0.480,0.480,257,1
0.450,0.450,0.450,0.500,0.500,0.500,0.500,0.500,0.500,0.500,0.500,0.500,468,1
0.550,0.550,0.550,0.500,0.500,0.500,0.500,0.500,0.500,0.500,0.500,0.500,160,1
0.450,0.450,0.450,0.500,0.500,0.500,0.550,0.550,0.550,0.500,0.500,0.500,11,1
0.500,0.500,0.500,0.500,0.500,0.500,0.500,0.500,0.500,0.480,0.480,0.480,510,1
0.500,0.500,0.500,0.500,0.500,0.500,0.500,0.500,0.500,0.490,0.490,0.490,940,1
0.450,0.450,0.450,0.500,0.500,0.500,0.490,0.490,0.490,0.500,0.500,0.500,566,2
0.500,0.500,0.500,0.500,0.500,0.500,0.500,0.500,0.500,0.510,0.510,0.510,282,2
0.450,0.450,0.450,0.500,0.500,0.500,0.450,0.450,0.450,0.500,0.500,0.500,34,2
0.450,0.450,0.450,0.500,0.500,0.500,0.480,0.480,0.480,0.500,0.500,0.500,235,2
0.500,0.500,0.500,0.500,0.500,0.500,0.500,0.500,0.500,0.550,0.550,0.550,847,2
0.500,0.500,0.500,0.450,0.450,0.450,0.500,0.500,0.500,0.500,0.500,0.500,501,2
0.500,0.500,0.500,0.500,0.500,0.500,0.500,0.500,0.500,0.460,0.460,0.460,79,1
0.500,0.500,0.500,0.500,0.500,0.500,0.500,0.500,0.500,0.460,0.460,0.460,508,1
0.550,0.550,0.550,0.500,0.500,0.500,0.550,0.550,0.550,0.500,0.500,0.500,66,1
0.550,0.550,0.550,0.500,0.500,0.500,0.500,0.500,0.500,0.500,0.500,0.500,94,1
0.500,0.500,0.500,0.500,0.500,0.500,0.500,0.500,0.500,0.450,0.450,0.450,804,1
0.500,0.500,0.500,0.550,0.550,0.550,0.500,0.500,0.500,0.540,0.540,0.540,32,2
0.500,0.500,0.500,0.450,0.450,0.450,0.500,0.500,0.500,0.550,0.550,0.550,737,2
0.500,0.500,0.500,0.550,0.550,0.550,0.500,0.500,0.500,0.460,0.460,0.460,618,1
0.500,0.500,0.500,0.500,0.500,0.500,0.500,0.500,0.500,0.480,0.480,0.480,312,1
0.500,0.500,0.500,0.500,0.500,0.500,0.500,0.500,0.500,0.460,0.460,0.460,211,1
0.500,0.500,0.500,0.550,0.550,0.550,0.500,0.500,0.500,0.450,0.450,0.450,716,1
0.450,0.450,0.450,0.500,0.500,0.500,0.470,0.470,0.470,0.500,0.500,0.500,762,2
0.450,0.450,0.450,0.500,0.500,0.500,0.460,0.460,0.460,0.500,0.500,0.500,761,2
0.500,0.500,0.500,0.550,0.550,0.550,0.500,0.500,0.500,0.450,0.450,0.450,617,1
0.500,0.500,0.500,0.550,0.550,0.550,0.500,0.500,0.500,0.500,0.500,0.500,622,2
0.450,0.450,0.450,0.500,0.500,0.500,0.450,0.450,0.450,0.500,0.500,0.500,67,2
0.500,0.500,0.500,0.500,0.500,0.500,0.530,0.530,0.530,0.500,0.500,0.500,152,1
0.550,0.550,0.550,0.500,0.500,0.500,0.510,0.510,0.510,0.500,0.500,0.500,557,1
0.500,0.500,0.500,0.500,0.500,0.500,0.520,0.520,0.520,0.500,0.500,0.500,712,1
0.450,0.450,0.450,0.500,0.500,0.500,0.530,0.530,0.530,0.500,0.500,0.500,702,1
0.500,0.500,0.500,0.500,0.500,0.500,0.500,0.500,0.500,0.500,0.500,0.500,908,2
0.500,0.500,0.500,0.500,0.500,0.500,0.500,0.500,0.500,0.500,0.500,0.500,545,1
0.550,0.550,0.550,0.500,0.500,0.500,0.500,0.500,0.500,0.500,0.500,0.500,820,1
0.500,0.500,0.500,0.550,0.550,0.550,0.500,0.500,0.500,0.460,0.460,0.460,552,1
0.500,0.500,0.500,0.550,0.550,0.550,0.500,0.500,0.500,0.470,0.470,0.470,421,1
0.500,0.500,0.500,0.500,0.500,0.500,0.470,0.470,0.470,0.500,0.500,0.500,245,2
0.550,0.550,0.550,0.500,0.500,0.500,0.450,0.450,0.450,0.500,0.500,0.500,56,2
0.500,0.500,0.500,0.500,0.500,0.500,0.540,0.540,0.540,0.500,0.500,0.500,252,1
0.500,0.500,0.500,0.500,0.500,0.500,0.510,0.510,0.510,0.500,0.500,0.500,414,1
0.500,0.500,0.500,0.450,0.450,0.450,0.500,0.500,0.500,0.510,0.510,0.510,370,2
0.500,0.500,0.500,0.500,0.500,0.500,0.550,0.550,0.550,0.500,0.500,0.500,22,1
0.500,0.500,0.500,0.550,0.550,0.550,0.500,0.500,0.500,0.450,0.450,0.450,452,1
0.550,0.550,0.550,0.500,0.500,0.500,0.520,0.520,0.520,0.500,0.500,0.500,393,1
0.500,0.500,0.500,0.500,0.500,0.500,0.530,0.530,0.530,0.500,0.500,0.500,878,1
0.500,0.500,0.500,0.450,0.450,0.450,0.500,0.500,0.500,0.520,0.520,0.520,734,2
0.450,0.450,0.450,0.500,0.500,0.500,0.480,0.480,0.480,0.500,0.500,0.500,664,2
0.500,0.500,0.500,0.500,0.500,0.500,0.540,0.540,0.540,0.500,0.500,0.500,120,1
0.550,0.550,0.550,0.500,0.500,0.500,0.540,0.540,0.540,0.500,0.500,0.500,65,1
0.500,0.500,0.500,0.550,0.550,0.550,0.500,0.500,0.500,0.540,0.540,0.540,329,2
0.500,0.500,0.500,0.550,0.550,0.550,0.500,0.500,0.500,0.540,0.540,0.540,395,2
0.500,0.500,0.500,0.500,0.500,0.500,0.480,0.480,0.480,0.500,0.500,0.500,81,2
0.500,0.500,0.500,0.500,0.500,0.500,0.500,0.500,0.500,0.490,0.490,0.490,841,1
0.450,0.450,0.450,0.500,0.500,0.500,0.520,0.520,0.520,0.500,0.500,0.500,635,1
0.550,0.550,0.550,0.500,0.500,0.500,0.510,0.510,0.510,0.500,0.500,0.500,590,1
0.500,0.500,0.500,0.500,0.500,0.500,0.500,0.500,0.500,0.550,0.550,0.550,880,2
0.500,0.500,0.500,0.550,0.550,0.550,0.500,0.500,0.500,0.480,0.480,0.480,851,1
0.500,0.500,0.500,0.550,0.550,0.550,0.500,0.500,0.500,0.510,0.510,0.510,656,2
0.500,0.500,0.500,0.550,0.550,0.550,0.500,0.500,0.500,0.520,0.520,0.520,954,2
0.500,0.500,0.500,0.450,0.450,0.450,0.500,0.500,0.500,0.480,0.480,0.480,301,1
0.500,0.500,0.500,0.550,0.550,0.550,0.500,0.500,0.500,0.460,0.460,0.460,915,1
0.500,0.500,0.500,0.500,0.500,0.500,0.500,0.500,0.500,0.450,0.450,0.450,441,1
0.500,0.500,0.500,0.550,0.550,0.550,0.500,0.500,0.500,0.460,0.460,0.460,486,1
0.550,0.550,0.550,0.500,0.500,0.500,0.510,0.510,0.510,0.500,0.500,0.500,986,1
0.550,0.550,0.550,0.500,0.500,0.500,0.460,0.460,0.460,0.500,0.500,0.500,519,2
0.550,0.550,0.550,0.500,0.500,0.500,0.510,0.510,0.510,0.500,0.500,0.500,425,1
0.500,0.500,0.500,0.500,0.500,0.500,0.460,0.460,0.460,0.500,0.500,0.500,673,2
0.450,0.450,0.450,0.500,0.500,0.500,0.460,0.460,0.460,0.500,0.500,0.500,299,2
0.500,0.500,0.500,0.500,0.500,0.500,0.500,0.500,0.500,0.500,0.500,0.500,116,2
0.500,0.500,0.500,0.550,0.550,0.550,0.500,0.500,0.500,0.510,0.510,0.510,260,2
0.500,0.500,0.500,0.500,0.500,0.500,0.520,0.520,0.520,0.500,0.500,0.500,52,1
0.500,0.500,0.500,0.550,0.550,0.550,0.500,0.500,0.500,0.490,0.490,0.490,225,1
0.500,0.500,0.500,0.500,0.500,0.500,0.500,0.500,0.500,0.520,0.520,0.520,877,2
0.450,0.450,0.450,0.500,0.500,0.500,0.550,0.550,0.550,0.500,0.500,0.500,143,1
0.500,0.500,0.500,0.500,0.500,0.500,0.500,0.500,0.500,0.500,0.500,0.500,182,2
0.550,0.550,0.550,0.500,0.500,0.500,0.500,0.500,0.500,0.500,0.500,0.500,523,1
0.500,0.500,0.500,0.500,0.500,0.500,0.500,0.500,0.500,0.480,0.480,0.480,246,1
0.500,0.500,0.500,0.500,0.500,0.500,0.530,0.530,0.530,0.500,0.500,0.500,647,1
0.500,0.500,0.500,0.500,0.500,0.500,0.500,0.500,0.500,0.460,0.460,0.460,772,1
0.500,0.500,0.500,0.450,0.450,0.450,0.500,0.500,0.500,0.450,0.450,0.450,199,1
0.550,0.550,0.550,0.500,0.500,0.500,0.490,0.490,0.490,0.500,0.500,0.500,93,2
0.500,0.500,0.500,0.500,0.500,0.500,0.500,0.500,0.500,0.530,0.530,0.530,119,2
0.500,0.500,0.500,0.550,0.550,0.550,0.500,0.500,0.500,0.460,0.460,0.460,750,1
0.500,0.500,0.500,0.500,0.500,0.500,0.500,0.500,0.500,0.470,0.470,0.470,14,1
0.500,0.500,0.500,0.500,0.500,0.500,0.510,0.510,0.510,0.500,0.500,0.500,150,1
0.500,0.500,0.500,0.450,0.450,0.450,0.500,0.500,0.500,0.490,0.490,0.490,38,1
0.550,0.550,0.550,0.500,0.500,0.500,0.470,0.470,0.470,0.500,0.500,0.500,388,2
0.550,0.550,0.550,0.500,0.500,0.500,0.480,0.480,0.480,0.500,0.500,0.500,224,2
0.450,0.450,0.450,0.500,0.500,0.500,0.510,0.510,0.510,0.500,0.500,0.500,667,1
0.500,0.500,0.500,0.450,0.450,0.450,0.500,0.500,0.500,0.460,0.460,0.460,497,1
0.500,0.500,0.500,0.500,0.500,0.500,0.500,0.500,0.500,0.540,0.540,0.540,648,2
0.500,0.500,0.500,0.500,0.500,0.500,0.480,0.480,0.480,0.500,0.500,0.500,411,2
0.550,0.550,0.550,0.500,0.500,0.500,0.480,0.480,0.480,0.500,0.500,0.500,917,2
0.500,0.500,0.500,0.450,0.450,0.450,0.500,0.500,0.500,0.550,0.550,0.550,440,2
0.550,0.550,0.550,0.500,0.500,0.500,0.460,0.460,0.460,0.500,0.500,0.500,717,2
0.500,0.500,0.500,0.500,0.500,0.500,0.530,0.530,0.530,0.500,0.500,0.500,581,1
0.500,0.500,0.500,0.500,0.500,0.500,0.500,0.500,0.500,0.530,0.530,0.530,911,2
0.500,0.500,0.500,0.500,0.500,0.500,0.500,0.500,0.500,0.480,0.480,0.480,114,1
0.550,0.550,0.550,0.500,0.500,0.500,0.510,0.510,0.510,0.500,0.500,0.500,920,1
0.450,0.450,0.450,0.500,0.500,0.500,0.490,0.490,0.490,0.500,0.500,0.500,170,2
0.450,0.450,0.450,0.500,0.500,0.500,0.490,0.490,0.490,0.500,0.500,0.500,863,2
0.500,0.500,0.500,0.500,0.500,0.500,0.500,0.500,0.500,0.520,0.520,0.520,646,2
0.500,0.500,0.500,0.450,0.450,0.450,0.500,0.500,0.500,0.520,0.520,0.520,767,2
0.450,0.450,0.450,0.500,0.500,0.500,0.460,0.460,0.460,0.500,0.500,0.500,35,2
0.450,0.450,0.450,0.500,0.500,0.500,0.480,0.480,0.480,0.500,0.500,0.500,4,2
0.450,0.450,0.450,0.500,0.500,0.500,0.510,0.510,0.510,0.500,0.500,0.500,601,1
0.550,0.550,0.550,0.500,0.500,0.500,0.550,0.550,0.550,0.500,0.500,0.500,891,1
0.500,0.500,0.500,0.550,0.550,0.550,0.500,0.500,0.500,0.470,0.470,0.470,58,1
0.500,0.500,0.500,0.500,0.500,0.500,0.500,0.500,0.500,0.510,0.510,0.510,117,2
0.450,0.450,0.450,0.500,0.500,0.500,0.510,0.510,0.510,0.500,0.500,0.500,139,1
0.450,0.450,0.450,0.500,0.500,0.500,0.500,0.500,0.500,0.500,0.500,0.500,765,1
0.500,0.500,0.500,0.450,0.450,0.450,0.500,0.500,0.500,0.450,0.450,0.450,529,1
0.500,0.500,0.500,0.500,0.500,0.500,0.490,0.490,0.490,0.500,0.500,0.500,16,2
0.500,0.500,0.500,0.500,0.500,0.500,0.450,0.450,0.450,0.500,0.500,0.500,507,2
0.500,0.500,0.500,0.500,0.500,0.500,0.500,0.500,0.500,0.460,0.460,0.460,112,1
0.500,0.500,0.500,0.550,0.550,0.550,0.500,0.500,0.500,0.490,0.490,0.490,291,1
0.550,0.550,0.550,0.500,0.500,0.500,0.450,0.450,0.450,0.500,0.500,0.500,353,2
0.500,0.500,0.500,0.500,0.500,0.500,0.500,0.500,0.500,0.490,0.490,0.490,874,1
0.500,0.500,0.500,0.450,0.450,0.450,0.500,0.500,0.500,0.550,0.550,0.550,374,2
0.550,0.550,0.550,0.500,0.500,0.500,0.520,0.520,0.520,0.500,0.500,0.500,525,1
0.500,0.500,0.500,0.500,0.500,0.500,0.550,0.550,0.550,0.500,0.500,0.500,352,1
0.500,0.500,0.500,0.450,0.450,0.450,0.500,0.500,0.500,0.500,0.500,0.500,72,2
0.450,0.450,0.450,0.500,0.500,0.500,0.490,0.490,0.490,0.500,0.500,0.500,830,2
0.500,0.500,0.500,0.450,0.450,0.450,0.500,0.500,0.500,0.530,0.530,0.530,42,2
0.500,0.500,0.500,0.450,0.450,0.450,0.500,0.500,0.500,0.470,0.470,0.470,366,1
0.450,0.450,0.450,0.500,0.500,0.500,0.470,0.470,0.470,0.500,0.500,0.500,3,2
0.550,0.550,0.550,0.500,0.500,0.500,0.500,0.500,0.500,0.500,0.500,0.500,127,1
0.500,0.500,0.500,0.500,0.500,0.500,0.520,0.520,0.520,0.500,0.500,0.500,217,1
0.500,0.500,0.500,0.500,0.500,0.500,0.500,0.500,0.500,0.550,0.550,0.550,286,2
0.500,0.500,0.500,0.550,0.550,0.550,0.500,0.500,0.500,0.500,0.500,0.500,28,2
0.500,0.500,0.500,0.450,0.450,0.450,0.500,0.500,0.500,0.480,0.480,0.480,565,1
0.500,0.500,0.500,0.550,0.550,0.550,0.500,0.500,0.500,0.480,0.480,0.480,950,1
0.500,0.500,0.500,0.500,0.500,0.500,0.500,0.500,0.500,0.460,0.460,0.460,46,1
0.500,0.500,0.500,0.500,0.500,0.500,0.550,0.550,0.550,0.500,0.500,0.500,979,1
0.500,0.500,0.500,0.500,0.500,0.500,0.500,0.500,0.500,0.450,0.450,0.450,771,1
0.550,0.550,0.550,0.500,0.500,0.500,0.510,0.510,0.510,0.500,0.500,0.500,95,1
0.500,0.500,0.500,0.550,0.550,0.550,0.500,0.500,0.500,0.520,0.520,0.520,789,2
0.500,0.500,0.500,0.500,0.500,0.500,0.490,0.490,0.490,0.500,0.500,0.500,907,2
0.550,0.550,0.550,0.500,0.500,0.500,0.490,0.490,0.490,0.500,0.500,0.500,555,2
0.500,0.500,0.500,0.500,0.500,0.500,0.500,0.500,0.500,0.460,0.460,0.460,871,1
0.500,0.500,0.500,0.500,0.500,0.500,0.500,0.500,0.500,0.470,0.470,0.470,707,1
0.550,0.550,0.550,0.500,0.500,0.500,0.510,0.510,0.510,0.500,0.500,0.500,227,1
0.450,0.450,0.450,0.500,0.500,0.500,0.550,0.550,0.550,0.500,0.500,0.500,704,1
0.450,0.450,0.450,0.500,0.500,0.500,0.540,0.540,0.540,0.500,0.500,0.500,505,1
0.500,0.500,0.500,0.500,0.500,0.500,0.500,0.500,0.500,0.550,0.550,0.550,220,2
0.500,0.500,0.500,0.500,0.500,0.500,0.510,0.510,0.510,0.500,0.500,0.500,843,1
0.550,0.550,0.550,0.500,0.500,0.500,0.470,0.470,0.470,0.500,0.500,0.500,850,2
0.450,0.450,0.450,0.500,0.500,0.500,0.460,0.460,0.460,0.500,0.500,0.500,794,2
0.450,0.450,0.450,0.500,0.500,0.500,0.540,0.540,0.540,0.500,0.500,0.500,175,1
0.500,0.500,0.500,0.500,0.500,0.500,0.520,0.520,0.520,0.500,0.500,0.500,613,1
0.550,0.550,0.550,0.500,0.500,0.500,0.480,0.480,0.480,0.500,0.500,0.500,521,2
0.550,0.550,0.550,0.500,0.500,0.500,0.500,0.500,0.500,0.500,0.500,0.500,193,1
0.500,0.500,0.500,0.550,0.550,0.550,0.500,0.500,0.500,0.500,0.500,0.500,457,2
0.500,0.500,0.500,0.450,0.450,0.450,0.500,0.500,0.500,0.490,0.490,0.490,401,1
0.500,0.500,0.500,0.450,0.450,0.450,0.500,0.500,0.500,0.540,0.540,0.540,373,2
0.500,0.500,0.500,0.500,0.500,0.500,0.530,0.530,0.530,0.500,0.500,0.500,713,1
0.500,0.500,0.500,0.550,0.550,0.550,0.500,0.500,0.500,0.520,0.520,0.520,195,2
0.500,0.500,0.500,0.500,0.500,0.500,0.450,0.450,0.450,0.500,0.500,0.500,540,2
0.450,0.450,0.450,0.500,0.500,0.500,0.470,0.470,0.470,0.500,0.500,0.500,828,2
0.450,0.450,0.450,0.500,0.500,0.500,0.520,0.520,0.520,0.500,0.500,0.500,173,1
0.500,0.500,0.500,0.500,0.500,0.500,0.500,0.500,0.500,0.460,0.460,0.460,541,1
0.500,0.500,0.500,0.550,0.550,0.550,0.500,0.500,0.500,0.550,0.550,0.550,231,2
0.500,0.500,0.500,0.500,0.500,0.500,0.530,0.530,0.530,0.500,0.500,0.500,86,1
0.500,0.500,0.500,0.500,0.500,0.500,0.480,0.480,0.480,0.500,0.500,0.500,48,2
0.500,0.500,0.500,0.500,0.500,0.500,0.470,0.470,0.470,0.500,0.500,0.500,410,2
0.550,0.550,0.550,0.500,0.500,0.500,0.520,0.520,0.520,0.500,0.500,0.500,822,1
0.450,0.450,0.450,0.500,0.500,0.500,0.530,0.530,0.530,0.500,0.500,0.500,75,1
0.550,0.550,0.550,0.500,0.500,0.500,0.530,0.530,0.530,0.500,0.500,0.500,328,1
0.500,0.500,0.500,0.450,0.450,0.450,0.500,0.500,0.500,0.510,0.510,0.510,931,2
0.500,0.500,0.500,0.450,0.450,0.450,0.500,0.500,0.500,0.480,0.480,0.480,136,1
0.500,0.500,0.500,0.550,0.550,0.550,0.500,0.500,0.500,0.470,0.470,0.470,916,1
0.500,0.500,0.500,0.500,0.500,0.500,0.500,0.500,0.500,0.540,0.540,0.540,54,2
0.500,0.500,0.500,0.550,0.550,0.550,0.500,0.500,0.500,0.510,0.510,0.510,755,2
0.500,0.500,0.500,0.450,0.450,0.450,0.500,0.500,0.500,0.520,0.520,0.520,41,2
0.500,0.500,0.500,0.550,0.550,0.550,0.500,0.500,0.500,0.550,0.550,0.550,462,2
0.500,0.500,0.500,0.500,0.500,0.500,0.460,0.460,0.460,0.500,0.500,0.500,244,2
0.500,0.500,0.500,0.500,0.500,0.500,0.530,0.530,0.530,0.500,0.500,0.500,845,1
0.500,0.500,0.500,0.500,0.500,0.500,0.470,0.470,0.470,0.500,0.500,0.500,113,2
0.500,0.500,0.500,0.550,0.550,0.550,0.500,0.500,0.500,0.470,0.470,0.470,355,1
0.500,0.500,0.500,0.550,0.550,0.550,0.500,0.500,0.500,0.490,0.490,0.490,489,1
0.500,0.500,0.500,0.500,0.500,0.500,0.550,0.550,0.550,0.500,0.500,0.500,781,1
0.550,0.550,0.550,0.500,0.500,0.500,0.510,0.510,0.510,0.500,0.500,0.500,491,1
0.500,0.500,0.500,0.500,0.500,0.500,0.500,0.500,0.500,0.490,0.490,0.490,82,1
0.500,0.500,0.500,0.500,0.500,0.500,0.500,0.500,0.500,0.520,0.520,0.520,415,2
0.500,0.500,0.500,0.500,0.500,0.500,0.450,0.450,0.450,0.500,0.500,0.500,375,2
0.500,0.500,0.500,0.550,0.550,0.550,0.500,0.500,0.500,0.470,0.470,0.470,157,1
0.450,0.450,0.450,0.500,0.500,0.500,0.470,0.470,0.470,0.500,0.500,0.500,135,2
0.550,0.550,0.550,0.500,0.500,0.500,0.550,0.550,0.550,0.500,0.500,0.500,825,1
0.500,0.500,0.500,0.500,0.500,0.500,0.470,0.470,0.470,0.500,0.500,0.500,476,2
0.500,0.500,0.500,0.500,0.500,0.500,0.500,0.500,0.500,0.480,0.480,0.480,873,1
0.450,0.450,0.450,0.500,0.500,0.500,0.470,0.470,0.470,0.500,0.500,0.500,795,2
0.500,0.500,0.500,0.450,0.450,0.450,0.500,0.500,0.500,0.530,0.530,0.530,174,2
0.500,0.500,0.500,0.450,0.450,0.450,0.500,0.500,0.500,0.550,0.550,0.550,407,2
0.500,0.500,0.500,0.550,0.550,0.550,0.500,0.500,0.500,0.540,0.540,0.540,362,2
0.450,0.450,0.450,0.500,0.500,0.500,0.550,0.550,0.550,0.500,0.500,0.500,638,1
0.500,0.500,0.500,0.450,0.450,0.450,0.500,0.500,0.500,0.460,0.460,0.460,332,1
0.500,0.500,0.500,0.500,0.500,0.500,0.500,0.500,0.500,0.490,0.490,0.490,676,1
0.550,0.550,0.550,0.500,0.500,0.500,0.450,0.450,0.450,0.500,0.500,0.500,584,2
0.500,0.500,0.500,0.450,0.450,0.450,0.500,0.500,0.500,0.490,0.490,0.490,434,1
0.500,0.500,0.500,0.500,0.500,0.500,0.510,0.510,0.510,0.500,0.500,0.500,975,1
0.550,0.550,0.550,0.500,0.500,0.500,0.480,0.480,0.480,0.500,0.500,0.500,125,2
0.500,0.500,0.500,0.450,0.450,0.450,0.500,0.500,0.500,0.470,0.470,0.470,564,1
0.500,0.500,0.500,0.500,0.500,0.500,0.510,0.510,0.510,0.500,0.500,0.500,348,1
0.450,0.450,0.450,0.500,0.500,0.500,0.510,0.510,0.510,0.500,0.500,0.500,403,1
0.500,0.500,0.500,0.500,0.500,0.500,0.460,0.460,0.460,0.500,0.500,0.500,970,2
0.550,0.550,0.550,0.500,0.500,0.500,0.470,0.470,0.470,0.500,0.500,0.500,652,2
0.500,0.500,0.500,0.550,0.550,0.550,0.500,0.500,0.500,0.520,0.520,0.520,492,2
0.500,0.500,0.500,0.500,0.500,0.500,0.500,0.500,0.500,0.460,0.460,0.460,937,1
0.500,0.500,0.500,0.500,0.500,0.500,0.500,0.500,0.500,0.520,0.520,0.520,382,2
0.450,0.450,0.450,0.500,0.500,0.500,0.530,0.530,0.530,0.500,0.500,0.500,141,1
0.500,0.500,0.500,0.450,0.450,0.450,0.500,0.500,0.500,0.500,0.500,0.500,666,2
0.500,0.500,0.500,0.500,0.500,0.500,0.500,0.500,0.500,0.550,0.550,0.550,418,2
0.500,0.500,0.500,0.450,0.450,0.450,0.500,0.500,0.500,0.510,0.510,0.510,733,2
0.550,0.550,0.550,0.500,0.500,0.500,0.550,0.550,0.550,0.500,0.500,0.500,627,1
0.500,0.500,0.500,0.450,0.450,0.450,0.500,0.500,0.500,0.530,0.530,0.530,438,2
0.500,0.500,0.500,0.450,0.450,0.450,0.500,0.500,0.500,0.540,0.540,0.540,637,2
0.500,0.500,0.500,0.550,0.550,0.550,0.500,0.500,0.500,0.500,0.500,0.500,721,2
0.500,0.500,0.500,0.450,0.450,0.450,0.500,0.500,0.500,0.460,0.460,0.460,134,1
0.500,0.500,0.500,0.500,0.500,0.500,0.460,0.460,0.460,0.500,0.500,0.500,838,2
0.500,0.500,0.500,0.500,0.500,0.500,0.500,0.500,0.500,0.450,0.450,0.450,870,1
0.500,0.500,0.500,0.500,0.500,0.500,0.500,0.500,0.500,0.470,0.470,0.470,740,1
0.500,0.500,0.500,0.450,0.450,0.450,0.500,0.500,0.500,0.540,0.540,0.540,670,2
0.550,0.550,0.550,0.500,0.500,0.500,0.550,0.550,0.550,0.500,0.500,0.500,297,1
0.500,0.500,0.500,0.550,0.550,0.550,0.500,0.500,0.500,0.460,0.460,0.460,222,1
0.500,0.500,0.500,0.500,0.500,0.500,0.500,0.500,0.500,0.550,0.550,0.550,550,2
0.500,0.500,0.500,0.500,0.500,0.500,0.500,0.500,0.500,0.550,0.550,0.550,121,2
0.450,0.450,0.450,0.500,0.500,0.500,0.500,0.500,0.500,0.500,0.500,0.500,930,1
0.500,0.500,0.500,0.500,0.500,0.500,0.480,0.480,0.480,0.500,0.500,0.500,378,2
0.500,0.500,0.500,0.500,0.500,0.500,0.500,0.500,0.500,0.450,0.450,0.450,606,1
0.500,0.500,0.500,0.550,0.550,0.550,0.500,0.500,0.500,0.450,0.450,0.450,221,1
0.500,0.500,0.500,0.500,0.500,0.500,0.530,0.530,0.530,0.500,0.500,0.500,977,1
0.500,0.500,0.500,0.550,0.550,0.550,0.500,0.500,0.500,0.520,0.520,0.520,624,2
0.500,0.500,0.500,0.550,0.550,0.550,0.500,0.500,0.500,0.530,0.530,0.530,295,2
0.500,0.500,0.500,0.450,0.450,0.450,0.500,0.500,0.500,0.520,0.520,0.520,965,2
0.500,0.500,0.500,0.550,0.550,0.550,0.500,0.500,0.500,0.550,0.550,0.550,660,2
0.500,0.500,0.500,0.500,0.500,0.500,0.500,0.500,0.500,0.540,0.540,0.540,186,2
0.550,0.550,0.550,0.500,0.500,0.500,0.530,0.530,0.530,0.500,0.500,0.500,262,1
0.500,0.500,0.500,0.450,0.450,0.450,0.500,0.500,0.500,0.450,0.450,0.450,232,1
0.500,0.500,0.500,0.500,0.500,0.500,0.540,0.540,0.540,0.500,0.500,0.500,681,1
0.500,0.500,0.500,0.500,0.500,0.500,0.550,0.550,0.550,0.500,0.500,0.500,517,1
0.500,0.500,0.500,0.500,0.500,0.500,0.490,0.490,0.490,0.500,0.500,0.500,445,2
0.450,0.450,0.450,0.500,0.500,0.500,0.550,0.550,0.550,0.500,0.500,0.500,803,1
0.550,0.550,0.550,0.500,0.500,0.500,0.460,0.460,0.460,0.500,0.500,0.500,651,2
0.500,0.500,0.500,0.450,0.450,0.450,0.500,0.500,0.500,0.450,0.450,0.450,397,1
0.500,0.500,0.500,0.500,0.500,0.500,0.500,0.500,0.500,0.510,0.510,0.510,315,2
0.550,0.550,0.550,0.500,0.500,0.500,0.550,0.550,0.550,0.500,0.500,0.500,990,1
0.550,0.550,0.550,0.500,0.500,0.500,0.530,0.530,0.530,0.500,0.500,0.500,130,1
0.500,0.500,0.500,0.450,0.450,0.450,0.500,0.500,0.500,0.550,0.550,0.550,902,2
0.500,0.500,0.500,0.550,0.550,0.550,0.500,0.500,0.500,0.500,0.500,0.500,787,2
0.500,0.500,0.500,0.500,0.500,0.500,0.500,0.500,0.500,0.530,0.530,0.530,449,2
0.500,0.500,0.500,0.450,0.450,0.450,0.500,0.500,0.500,0.480,0.480,0.480,532,1
0.450,0.450,0.450,0.500,0.500,0.500,0.480,0.480,0.480,0.500,0.500,0.500,829,2
0.500,0.500,0.500,0.500,0.500,0.500,0.500,0.500,0.500,0.480,0.480,0.480,345,1
0.450,0.450,0.450,0.500,0.500,0.500,0.460,0.460,0.460,0.500,0.500,0.500,563,2
0.550,0.550,0.550,0.500,0.500,0.500,0.470,0.470,0.470,0.500,0.500,0.500,190,2
0.500,0.500,0.500,0.550,0.550,0.550,0.500,0.500,0.500,0.510,0.510,0.510,887,2
0.500,0.500,0.500,0.550,0.550,0.550,0.500,0.500,0.500,0.470,0.470,0.470,685,1
0.500,0.500,0.500,0.450,0.450,0.450,0.500,0.500,0.500,0.480,0.480,0.480,466,1
0.500,0.500,0.500,0.500,0.500,0.500,0.500,0.500,0.500,0.500,0.500,0.500,941,2
0.500,0.500,0.500,0.450,0.450,0.450,0.500,0.500,0.500,0.540,0.540,0.540,241,2
0.500,0.500,0.500,0.450,0.450,0.450,0.500,0.500,0.500,0.520,0.520,0.520,404,2
0.500,0.500,0.500,0.550,0.550,0.550,0.500,0.500,0.500,0.550,0.550,0.550,264,2
0.450,0.450,0.450,0.500,0.500,0.500,0.450,0.450,0.450,0.500,0.500,0.500,628,2
0.550,0.550,0.550,0.500,0.500,0.500,0.470,0.470,0.470,0.500,0.500,0.500,949,2
0.500,0.500,0.500,0.500,0.500,0.500,0.500,0.500,0.500,0.540,0.540,0.540,318,2
0.500,0.500,0.500,0.500,0.500,0.500,0.550,0.550,0.550,0.500,0.500,0.500,946,1
0.500,0.500,0.500,0.500,0.500,0.500,0.500,0.500,0.500,0.540,0.540,0.540,285,2
0.500,0.500,0.500,0.500,0.500,0.500,0.500,0.500,0.500,0.470,0.470,0.470,773,1
0.500,0.500,0.500,0.500,0.500,0.500,0.450,0.450,0.450,0.500,0.500,0.500,474,2
0.500,0.500,0.500,0.500,0.500,0.500,0.470,0.470,0.470,0.500,0.500,0.500,575,2
0.450,0.450,0.450,0.500,0.500,0.500,0.540,0.540,0.540,0.500,0.500,0.500,406,1
0.450,0.450,0.450,0.500,0.500,0.500,0.480,0.480,0.480,0.500,0.500,0.500,400,2
0.500,0.500,0.500,0.500,0.500,0.500,0.500,0.500,0.500,0.540,0.540,0.540,945,2
0.550,0.550,0.550,0.500,0.500,0.500,0.470,0.470,0.470,0.500,0.500,0.500,982,2
0.500,0.500,0.500,0.500,0.500,0.500,0.510,0.510,0.510,0.500,0.500,0.500,51,1
0.500,0.500,0.500,0.500,0.500,0.500,0.520,0.520,0.520,0.500,0.500,0.500,448,1
0.500,0.500,0.500,0.450,0.450,0.450,0.500,0.500,0.500,0.520,0.520,0.520,239,2
0.550,0.550,0.550,0.500,0.500,0.500,0.530,0.530,0.530,0.500,0.500,0.500,559,1
0.500,0.500,0.500,0.500,0.500,0.500,0.540,0.540,0.540,0.500,0.500,0.500,549,1
0.500,0.500,0.500,0.550,0.550,0.550,0.500,0.500,0.500,0.470,0.470,0.470,553,1
0.500,0.500,0.500,0.450,0.450,0.450,0.500,0.500,0.500,0.460,0.460,0.460,530,1
0.500,0.500,0.500,0.450,0.450,0.450,0.500,0.500,0.500,0.520,0.520,0.520,470,2
0.550,0.550,0.550,0.500,0.500,0.500,0.470,0.470,0.470,0.500,0.500,0.500,817,2
0.450,0.450,0.450,0.500,0.500,0.500,0.530,0.530,0.530,0.500,0.500,0.500,405,1
0.500,0.500,0.500,0.500,0.500,0.500,0.520,0.520,0.520,0.500,0.500,0.500,316,1
0.550,0.550,0.550,0.500,0.500,0.500,0.490,0.490,0.490,0.500,0.500,0.500,390,2
0.500,0.500,0.500,0.450,0.450,0.450,0.500,0.500,0.500,0.460,0.460,0.460,728,1
0.500,0.500,0.500,0.450,0.450,0.450,0.500,0.500,0.500,0.550,0.550,0.550,275,2
0.500,0.500,0.500,0.500,0.500,0.500,0.520,0.520,0.520,0.500,0.500,0.500,547,1
0.450,0.450,0.450,0.500,0.500,0.500,0.490,0.490,0.490,0.500,0.500,0.500,335,2
0.500,0.500,0.500,0.450,0.450,0.450,0.500,0.500,0.500,0.540,0.540,0.540,571,2
0.500,0.500,0.500,0.500,0.500,0.500,0.500,0.500,0.500,0.530,0.530,0.530,218,2
0.500,0.500,0.500,0.550,0.550,0.550,0.500,0.500,0.500,0.500,0.500,0.500,325,2
0.550,0.550,0.550,0.500,0.500,0.500,0.470,0.470,0.470,0.500,0.500,0.500,487,2
0.500,0.500,0.500,0.500,0.500,0.500,0.500,0.500,0.500,0.480,0.480,0.480,675,1
0.500,0.500,0.500,0.500,0.500,0.500,0.500,0.500,0.500,0.510,0.510,0.510,84,2
0.500,0.500,0.500,0.500,0.500,0.500,0.500,0.500,0.500,0.520,0.520,0.520,679,2
0.500,0.500,0.500,0.450,0.450,0.450,0.500,0.500,0.500,0.470,0.470,0.470,696,1
0.500,0.500,0.500,0.500,0.500,0.500,0.500,0.500,0.500,0.460,0.460,0.460,13,1
0.450,0.450,0.450,0.500,0.500,0.500,0.550,0.550,0.550,0.500,0.500,0.500,473,1
0.500,0.500,0.500,0.500,0.500,0.500,0.470,0.470,0.470,0.500,0.500,0.500,377,2
0.450,0.450,0.450,0.500,0.500,0.500,0.490,0.490,0.490,0.500,0.500,0.500,368,2
0.500,0.500,0.500,0.500,0.500,0.500,0.500,0.500,0.500,0.470,0.470,0.470,344,1
0.500,0.500,0.500,0.500,0.500,0.500,0.500,0.500,0.500,0.500,0.500,0.500,710,2
0.500,0.500,0.500,0.450,0.450,0.450,0.500,0.500,0.500,0.530,0.530,0.530,537,2
0.500,0.500,0.500,0.550,0.550,0.550,0.500,0.500,0.500,0.450,0.450,0.450,23,1
0.500,0.500,0.500,0.550,0.550,0.550,0.500,0.500,0.500,0.460,0.460,0.460,123,1
0.500,0.500,0.500,0.450,0.450,0.450,0.500,0.500,0.500,0.540,0.540,0.540,76,2
0.500,0.500,0.500,0.550,0.550,0.550,0.500,0.500,0.500,0.540,0.540,0.540,956,2
0.500,0.500,0.500,0.550,0.550,0.550,0.500,0.500,0.500,0.540,0.540,0.540,593,2
0.500,0.500,0.500,0.450,0.450,0.450,0.500,0.500,0.500,0.540,0.540,0.540,736,2
0.500,0.500,0.500,0.450,0.450,0.450,0.500,0.500,0.500,0.510,0.510,0.510,964,2
0.550,0.550,0.550,0.500,0.500,0.500,0.480,0.480,0.480,0.500,0.500,0.500,884,2
0.550,0.550,0.550,0.500,0.500,0.500,0.500,0.500,0.500,0.500,0.500,0.500,424,1
0.500,0.500,0.500,0.450,0.450,0.450,0.500,0.500,0.500,0.480,0.480,0.480,631,1
0.500,0.500,0.500,0.500,0.500,0.500,0.500,0.500,0.500,0.500,0.500,0.500,248,2
0.500,0.500,0.500,0.500,0.500,0.500,0.500,0.500,0.500,0.520,0.520,0.520,910,2
0.500,0.500,0.500,0.500,0.500,0.500,0.490,0.490,0.490,0.500,0.500,0.500,115,2
0.500,0.500,0.500,0.500,0.500,0.500,0.500,0.500,0.500,0.480,0.480,0.480,741,1
0.450,0.450,0.450,0.500,0.500,0.500,0.500,0.500,0.500,0.500,0.500,0.500,963,1
0.450,0.450,0.450,0.500,0.500,0.500,0.550,0.550,0.550,0.500,0.500,0.500,539,1
0.500,0.500,0.500,0.450,0.450,0.450,0.500,0.500,0.500,0.550,0.550,0.550,209,2
0.500,0.500,0.500,0.550,0.550,0.550,0.500,0.500,0.500,0.530,0.530,0.530,790,2
0.450,0.450,0.450,0.500,0.500,0.500,0.550,0.550,0.550,0.500,0.500,0.500,44,1
0.550,0.550,0.550,0.500,0.500,0.500,0.540,0.540,0.540,0.500,0.500,0.500,791,1
0.500,0.500,0.500,0.550,0.550,0.550,0.500,0.500,0.500,0.450,0.450,0.450,287,1
0.450,0.450,0.450,0.500,0.500,0.500,0.450,0.450,0.450,0.500,0.500,0.500,364,2
0.500,0.500,0.500,0.450,0.450,0.450,0.500,0.500,0.500,0.490,0.490,0.490,797,1
0.500,0.500,0.500,0.500,0.500,0.500,0.500,0.500,0.500,0.540,0.540,0.540,912,2
0.450,0.450,0.450,0.500,0.500,0.500,0.460,0.460,0.460,0.500,0.500,0.500,266,2
0.500,0.500,0.500,0.500,0.500,0.500,0.450,0.450,0.450,0.500,0.500,0.500,210,2
0.500,0.500,0.500,0.450,0.450,0.450,0.500,0.500,0.500,0.470,0.470,0.470,102,1
0.500,0.500,0.500,0.500,0.500,0.500,0.500,0.500,0.500,0.490,0.490,0.490,280,1
0.450,0.450,0.450,0.500,0.500,0.500,0.460,0.460,0.460,0.500,0.500,0.500,200,2
0.500,0.500,0.500,0.450,0.450,0.450,0.500,0.500,0.500,0.520,0.520,0.520,140,2
0.450,0.450,0.450,0.500,0.500,0.500,0.490,0.490,0.490,0.500,0.500,0.500,599,2
0.550,0.550,0.550,0.500,0.500,0.500,0.540,0.540,0.540,0.500,0.500,0.500,626,1
0.500,0.500,0.500,0.550,0.550,0.550,0.500,0.500,0.500,0.550,0.550,0.550,726,2
0.500,0.500,0.500,0.500,0.500,0.500,0.500,0.500,0.500,0.460,0.460,0.460,178,1
0.500,0.500,0.500,0.500,0.500,0.500,0.510,0.510,0.510,0.500,0.500,0.500,612,1
0.500,0.500,0.500,0.500,0.500,0.500,0.470,0.470,0.470,0.500,0.500,0.500,443,2
0.500,0.500,0.500,0.550,0.550,0.550,0.500,0.500,0.500,0.480,0.480,0.480,59,1
0.500,0.500,0.500,0.450,0.450,0.450,0.500,0.500,0.500,0.490,0.490,0.490,533,1
0.500,0.500,0.500,0.550,0.550,0.550,0.500,0.500,0.500,0.460,0.460,0.460,684,1
0.500,0.500,0.500,0.450,0.450,0.450,0.500,0.500,0.500,0.500,0.500,0.500,699,2
0.500,0.500,0.500,0.550,0.550,0.550,0.500,0.500,0.500,0.510,0.510,0.510,128,2
0.500,0.500,0.500,0.500,0.500,0.500,0.500,0.500,0.500,0.490,0.490,0.490,544,1
0.550,0.550,0.550,0.500,0.500,0.500,0.550,0.550,0.550,0.500,0.500,0.500,33,1
0.500,0.500,0.500,0.550,0.550,0.550,0.500,0.500,0.500,0.540,0.540,0.540,164,2
0.500,0.500,0.500,0.500,0.500,0.500,0.490,0.490,0.490,0.500,0.500,0.500,346,2
0.500,0.500,0.500,0.450,0.450,0.450,0.500,0.500,0.500,0.460,0.460,0.460,233,1
0.550,0.550,0.550,0.500,0.500,0.500,0.550,0.550,0.550,0.500,0.500,0.500,693,1
0.500,0.500,0.500,0.500,0.500,0.500,0.530,0.530,0.530,0.500,0.500,0.500,53,1
0.500,0.500,0.500,0.500,0.500,0.500,0.450,0.450,0.450,0.500,0.500,0.500,672,2
0.450,0.450,0.450,0.500,0.500,0.500,0.460,0.460,0.460,0.500,0.500,0.500,2,2
0.450,0.450,0.450,0.500,0.500,0.500,0.450,0.450,0.450,0.500,0.500,0.500,727,2
0.500,0.500,0.500,0.550,0.550,0.550,0.500,0.500,0.500,0.470,0.470,0.470,256,1
0.500,0.500,0.500,0.550,0.550,0.550,0.500,0.500,0.500,0.490,0.490,0.490,324,1
0.500,0.500,0.500,0.500,0.500,0.500,0.500,0.500,0.500,0.450,0.450,0.450,342,1
0.500,0.500,0.500,0.500,0.500,0.500,0.520,0.520,0.520,0.500,0.500,0.500,745,1
0.450,0.450,0.450,0.500,0.500,0.500,0.450,0.450,0.450,0.500,0.500,0.500,463,2
0.500,0.500,0.500,0.500,0.500,0.500,0.460,0.460,0.460,0.500,0.500,0.500,442,2
0.500,0.500,0.500,0.500,0.500,0.500,0.470,0.470,0.470,0.500,0.500,0.500,839,2
0.500,0.500,0.500,0.500,0.500,0.500,0.550,0.550,0.550,0.500,0.500,0.500,814,1
0.500,0.500,0.500,0.550,0.550,0.550,0.500,0.500,0.500,0.470,0.470,0.470,784,1
0.500,0.500,0.500,0.500,0.500,0.500,0.500,0.500,0.500,0.450,0.450,0.450,276,1
0.500,0.500,0.500,0.500,0.500,0.500,0.500,0.500,0.500,0.480,0.480,0.480,807,1
0.500,0.500,0.500,0.500,0.500,0.500,0.540,0.540,0.540,0.500,0.500,0.500,747,1
0.500,0.500,0.500,0.500,0.500,0.500,0.500,0.500,0.500,0.500,0.500,0.500,380,2
0.500,0.500,0.500,0.450,0.450,0.450,0.500,0.500,0.500,0.480,0.480,0.480,367,1
0.500,0.500,0.500,0.550,0.550,0.550,0.500,0.500,0.500,0.520,0.520,0.520,558,2
0.450,0.450,0.450,0.500,0.500,0.500,0.460,0.460,0.460,0.500,0.500,0.500,629,2
0.500,0.500,0.500,0.500,0.500,0.500,0.550,0.550,0.550,0.500,0.500,0.500,253,1
0.500,0.500,0.500,0.450,0.450,0.450,0.500,0.500,0.500,0.540,0.540,0.540,142,2
0.500,0.500,0.500,0.450,0.450,0.450,0.500,0.500,0.500,0.510,0.510,0.510,106,2
0.500,0.500,0.500,0.450,0.450,0.450,0.500,0.500,0.500,0.520,0.520,0.520,899,2
0.500,0.500,0.500,0.500,0.500,0.500,0.500,0.500,0.500,0.450,0.450,0.450,45,1
0.450,0.450,0.450,0.500,0.500,0.500,0.530,0.530,0.530,0.500,0.500,0.500,900,1
0.500,0.500,0.500,0.450,0.450,0.450,0.500,0.500,0.500,0.450,0.450,0.450,298,1
0.550,0.550,0.550,0.500,0.500,0.500,0.480,0.480,0.480,0.500,0.500,0.500,818,2
0.500,0.500,0.500,0.550,0.550,0.550,0.500,0.500,0.500,0.550,0.550,0.550,759,2
0.500,0.500,0.500,0.450,0.450,0.450,0.500,0.500,0.500,0.510,0.510,0.510,40,2
0.500,0.500,0.500,0.550,0.550,0.550,0.500,0.500,0.500,0.500,0.500,0.500,556,2
0.500,0.500,0.500,0.450,0.450,0.450,0.500,0.500,0.500,0.530,0.530,0.530,240,2
0.500,0.500,0.500,0.450,0.450,0.450,0.500,0.500,0.500,0.470,0.470,0.470,201,1
0.500,0.500,0.500,0.550,0.550,0.550,0.500,0.500,0.500,0.540,0.540,0.540,659,2
0.550,0.550,0.550,0.500,0.500,0.500,0.480,0.480,0.480,0.500,0.500,0.500,422,2
0.450,0.450,0.450,0.500,0.500,0.500,0.530,0.530,0.530,0.500,0.500,0.500,834,1
0.500,0.500,0.500,0.500,0.500,0.500,0.500,0.500,0.500,0.530,0.530,0.530,383,2
0.500,0.500,0.500,0.550,0.550,0.550,0.500,0.500,0.500,0.520,0.520,0.520,459,2
0.500,0.500,0.500,0.550,0.550,0.550,0.500,0.500,0.500,0.450,0.450,0.450,122,1
0.500,0.500,0.500,0.500,0.500,0.500,0.550,0.550,0.550,0.500,0.500,0.500,715,1
0.500,0.500,0.500,0.500,0.500,0.500,0.450,0.450,0.450,0.500,0.500,0.500,639,2
0.550,0.550,0.550,0.500,0.500,0.500,0.450,0.450,0.450,0.500,0.500,0.500,815,2
0.550,0.550,0.550,0.500,0.500,0.500,0.500,0.500,0.500,0.500,0.500,0.500,655,1
0.500,0.500,0.500,0.550,0.550,0.550,0.500,0.500,0.500,0.530,0.530,0.530,856,2
0.500,0.500,0.500,0.500,0.500,0.500,0.500,0.500,0.500,0.480,0.480,0.480,213,1
0.500,0.500,0.500,0.550,0.550,0.550,0.500,0.500,0.500,0.480,0.480,0.480,653,1
0.500,0.500,0.500,0.550,0.550,0.550,0.500,0.500,0.500,0.500,0.500,0.500,358,2
0.450,0.450,0.450,0.500,0.500,0.500,0.550,0.550,0.550,0.500,0.500,0.500,605,1
0.450,0.450,0.450,0.500,0.500,0.500,0.510,0.510,0.510,0.500,0.500,0.500,700,1
0.550,0.550,0.550,0.500,0.500,0.500,0.450,0.450,0.450,0.500,0.500,0.500,947,2
0.450,0.450,0.450,0.500,0.500,0.500,0.550,0.550,0.550,0.500,0.500,0.500,770,1
0.500,0.500,0.500,0.500,0.500,0.500,0.500,0.500,0.500,0.490,0.490,0.490,181,1
0.550,0.550,0.550,0.500,0.500,0.500,0.530,0.530,0.530,0.500,0.500,0.500,526,1
0.500,0.500,0.500,0.550,0.550,0.550,0.500,0.500,0.500,0.490,0.490,0.490,654,1
0.500,0.500,0.500,0.500,0.500,0.500,0.500,0.500,0.500,0.490,0.490,0.490,379,1
0.500,0.500,0.500,0.450,0.450,0.450,0.500,0.500,0.500,0.530,0.530,0.530,339,2
0.500,0.500,0.500,0.500,0.500,0.500,0.520,0.520,0.520,0.500,0.500,0.500,349,1
0.550,0.550,0.550,0.500,0.500,0.500,0.510,0.510,0.510,0.500,0.500,0.500,524,1
0.500,0.500,0.500,0.450,0.450,0.450,0.500,0.500,0.500,0.550,0.550,0.550,671,2
0.450,0.450,0.450,0.500,0.500,0.500,0.550,0.550,0.550,0.500,0.500,0.500,869,1
0.500,0.500,0.500,0.500,0.500,0.500,0.500,0.500,0.500,0.500,0.500,0.500,479,1
0.500,0.500,0.500,0.500,0.500,0.500,0.500,0.500,0.500,0.450,0.450,0.450,12,1
0.500,0.500,0.500,0.500,0.500,0.500,0.510,0.510,0.510,0.500,0.500,0.500,513,1
0.500,0.500,0.500,0.450,0.450,0.450,0.500,0.500,0.500,0.480,0.480,0.480,70,1
0.450,0.450,0.450,0.500,0.500,0.500,0.470,0.470,0.470,0.500,0.500,0.500,498,2
0.500,0.500,0.500,0.550,0.550,0.550,0.500,0.500,0.500,0.510,0.510,0.510,623,2
0.450,0.450,0.450,0.500,0.500,0.500,0.520,0.520,0.520,0.500,0.500,0.500,338,1
0.500,0.500,0.500,0.550,0.550,0.550,0.500,0.500,0.500,0.480,0.480,0.480,290,1
0.500,0.500,0.500,0.500,0.500,0.500,0.550,0.550,0.550,0.500,0.500,0.500,748,1
0.450,0.450,0.450,0.500,0.500,0.500,0.450,0.450,0.450,0.500,0.500,0.500,859,2
0.450,0.450,0.450,0.500,0.500,0.500,0.490,0.490,0.490,0.500,0.500,0.500,632,2
0.500,0.500,0.500,0.500,0.500,0.500,0.520,0.520,0.520,0.500,0.500,0.500,118,1
0.500,0.500,0.500,0.500,0.500,0.500,0.550,0.550,0.550,0.500,0.500,0.500,319,1
0.500,0.500,0.500,0.550,0.550,0.550,0.500,0.500,0.500,0.550,0.550,0.550,198,2
0.500,0.500,0.500,0.500,0.500,0.500,0.500,0.500,0.500,0.550,0.550,0.550,187,2
0.500,0.500,0.500,0.550,0.550,0.550,0.500,0.500,0.500,0.500,0.500,0.500,754,2
0.500,0.500,0.500,0.450,0.450,0.450,0.500,0.500,0.500,0.510,0.510,0.510,436,2
0.500,0.500,0.500,0.500,0.500,0.500,0.500,0.500,0.500,0.500,0.500,0.500,809,1
0.500,0.500,0.500,0.500,0.500,0.500,0.500,0.500,0.500,0.450,0.450,0.450,936,1
0.500,0.500,0.500,0.450,0.450,0.450,0.500,0.500,0.500,0.510,0.510,0.510,865,2
0.500,0.500,0.500,0.500,0.500,0.500,0.530,0.530,0.530,0.500,0.500,0.500,20,1
0.550,0.550,0.550,0.500,0.500,0.500,0.550,0.550,0.550,0.500,0.500,0.500,99,1
0.550,0.550,0.550,0.500,0.500,0.500,0.480,0.480,0.480,0.500,0.500,0.500,158,2
0.450,0.450,0.450,0.500,0.500,0.500,0.450,0.450,0.450,0.500,0.500,0.500,166,2
0.500,0.500,0.500,0.500,0.500,0.500,0.460,0.460,0.460,0.500,0.500,0.500,706,2
0.500,0.500,0.500,0.500,0.500,0.500,0.500,0.500,0.500,0.510,0.510,0.510,18,2
0.500,0.500,0.500,0.550,0.550,0.550,0.500,0.500,0.500,0.460,0.460,0.460,585,1
0.450,0.450,0.450,0.500,0.500,0.500,0.530,0.530,0.530,0.500,0.500,0.500,669,1
0.550,0.550,0.550,0.500,0.500,0.500,0.470,0.470,0.470,0.500,0.500,0.500,520,2
0.500,0.500,0.500,0.500,0.500,0.500,0.500,0.500,0.500,0.460,0.460,0.460,805,1
0.500,0.500,0.500,0.500,0.500,0.500,0.500,0.500,0.500,0.480,0.480,0.480,576,1
0.500,0.500,0.500,0.500,0.500,0.500,0.510,0.510,0.510,0.500,0.500,0.500,381,1
0.500,0.500,0.500,0.500,0.500,0.500,0.470,0.470,0.470,0.500,0.500,0.500,938,2
0.500,0.500,0.500,0.500,0.500,0.500,0.510,0.510,0.510,0.500,0.500,0.500,876,1
0.500,0.500,0.500,0.500,0.500,0.500,0.530,0.530,0.530,0.500,0.500,0.500,416,1
0.550,0.550,0.550,0.500,0.500,0.500,0.510,0.510,0.510,0.500,0.500,0.500,821,1
0.550,0.550,0.550,0.500,0.500,0.500,0.500,0.500,0.500,0.500,0.500,0.500,259,1
0.550,0.550,0.550,0.500,0.500,0.500,0.480,0.480,0.480,0.500,0.500,0.500,983,2
0.500,0.500,0.500,0.450,0.450,0.450,0.500,0.500,0.500,0.520,0.520,0.520,701,2
0.500,0.500,0.500,0.500,0.500,0.500,0.500,0.500,0.500,0.470,0.470,0.470,146,1
0.500,0.500,0.500,0.550,0.550,0.550,0.500,0.500,0.500,0.500,0.500,0.500,490,2
0.450,0.450,0.450,0.500,0.500,0.500,0.500,0.500,0.500,0.500,0.500,0.500,567,1
0.500,0.500,0.500,0.550,0.550,0.550,0.500,0.500,0.500,0.490,0.490,0.490,258,1
0.500,0.500,0.500,0.450,0.450,0.450,0.500,0.500,0.500,0.490,0.490,0.490,698,1
0.500,0.500,0.500,0.450,0.450,0.450,0.500,0.500,0.500,0.460,0.460,0.460,101,1
0.500,0.500,0.500,0.500,0.500,0.500,0.540,0.540,0.540,0.500,0.500,0.500,384,1
0.500,0.500,0.500,0.500,0.500,0.500,0.540,0.540,0.540,0.500,0.500,0.500,219,1
0.500,0.500,0.500,0.450,0.450,0.450,0.500,0.500,0.500,0.460,0.460,0.460,926,1
0.550,0.550,0.550,0.500,0.500,0.500,0.530,0.530,0.530,0.500,0.500,0.500,592,1
0.550,0.550,0.550,0.500,0.500,0.500,0.460,0.460,0.460,0.500,0.500,0.500,387,2
0.550,0.550,0.550,0.500,0.500,0.500,0.450,0.450,0.450,0.500,0.500,0.500,749,2
0.450,0.450,0.450,0.500,0.500,0.500,0.550,0.550,0.550,0.500,0.500,0.500,968,1
0.500,0.500,0.500,0.550,0.550,0.550,0.500,0.500,0.500,0.480,0.480,0.480,26,1
0.500,0.500,0.500,0.550,0.550,0.550,0.500,0.500,0.500,0.500,0.500,0.500,886,2
0.500,0.500,0.500,0.500,0.500,0.500,0.500,0.500,0.500,0.530,0.530,0.530,482,2
0.500,0.500,0.500,0.550,0.550,0.550,0.500,0.500,0.500,0.490,0.490,0.490,621,1
0.500,0.500,0.500,0.550,0.550,0.550,0.500,0.500,0.500,0.530,0.530,0.530,64,2
0.500,0.500,0.500,0.550,0.550,0.550,0.500,0.500,0.500,0.480,0.480,0.480,389,1
0.550,0.550,0.550,0.500,0.500,0.500,0.510,0.510,0.510,0.500,0.500,0.500,326,1
0.450,0.450,0.450,0.500,0.500,0.500,0.450,0.450,0.450,0.500,0.500,0.500,826,2
0.450,0.450,0.450,0.500,0.500,0.500,0.510,0.510,0.510,0.500,0.500,0.500,73,1
0.500,0.500,0.500,0.550,0.550,0.550,0.500,0.500,0.500,0.460,0.460,0.460,24,1
0.500,0.500,0.500,0.500,0.500,0.500,0.490,0.490,0.490,0.500,0.500,0.500,49,2
0.550,0.550,0.550,0.500,0.500,0.500,0.470,0.470,0.470,0.500,0.500,0.500,25,2
0.450,0.450,0.450,0.500,0.500,0.500,0.530,0.530,0.530,0.500,0.500,0.500,9,1
0.450,0.450,0.450,0.500,0.500,0.500,0.500,0.500,0.500,0.500,0.500,0.500,402,1
0.550,0.550,0.550,0.500,0.500,0.500,0.450,0.450,0.450,0.500,0.500,0.500,683,2
0.550,0.550,0.550,0.500,0.500,0.500,0.520,0.520,0.520,0.500,0.500,0.500,591,1
0.450,0.450,0.450,0.500,0.500,0.500,0.490,0.490,0.490,0.500,0.500,0.500,137,2
0.450,0.450,0.450,0.500,0.500,0.500,0.540,0.540,0.540,0.500,0.500,0.500,109,1
0.550,0.550,0.550,0.500,0.500,0.500,0.530,0.530,0.530,0.500,0.500,0.500,493,1
0.500,0.500,0.500,0.450,0.450,0.450,0.500,0.500,0.500,0.450,0.450,0.450,331,1
0.500,0.500,0.500,0.450,0.450,0.450,0.500,0.500,0.500,0.500,0.500,0.500,831,2
0.500,0.500,0.500,0.450,0.450,0.450,0.500,0.500,0.500,0.460,0.460,0.460,398,1
0.450,0.450,0.450,0.500,0.500,0.500,0.480,0.480,0.480,0.500,0.500,0.500,37,2
0.550,0.550,0.550,0.500,0.500,0.500,0.510,0.510,0.510,0.500,0.500,0.500,62,1
0.500,0.500,0.500,0.550,0.550,0.550,0.500,0.500,0.500,0.520,0.520,0.520,690,2
0.500,0.500,0.500,0.500,0.500,0.500,0.500,0.500,0.500,0.500,0.500,0.500,149,1
0.550,0.550,0.550,0.500,0.500,0.500,0.530,0.530,0.530,0.500,0.500,0.500,988,1
0.500,0.500,0.500,0.550,0.550,0.550,0.500,0.500,0.500,0.490,0.490,0.490,753,1
0.550,0.550,0.550,0.500,0.500,0.500,0.480,0.480,0.480,0.500,0.500,0.500,587,2
0.500,0.500,0.500,0.450,0.450,0.450,0.500,0.500,0.500,0.490,0.490,0.490,962,1
0.500,0.500,0.500,0.500,0.500,0.500,0.500,0.500,0.500,0.500,0.500,0.500,347,2
0.500,0.500,0.500,0.500,0.500,0.500,0.480,0.480,0.480,0.500,0.500,0.500,708,2
0.450,0.450,0.450,0.500,0.500,0.500,0.520,0.520,0.520,0.500,0.500,0.500,272,1
0.450,0.450,0.450,0.500,0.500,0.500,0.550,0.550,0.550,0.500,0.500,0.500,110,1
0.500,0.500,0.500,0.550,0.550,0.550,0.500,0.500,0.500,0.460,0.460,0.460,453,1
0.550,0.550,0.550,0.500,0.500,0.500,0.500,0.500,0.500,0.500,0.500,0.500,226,1
0.500,0.500,0.500,0.500,0.500,0.500,0.500,0.500,0.500,0.500,0.500,0.500,512,2
0.550,0.550,0.550,0.500,0.500,0.500,0.490,0.490,0.490,0.500,0.500,0.500,918,2
0.500,0.500,0.500,0.500,0.500,0.500,0.470,0.470,0.470,0.500,0.500,0.500,674,2
0.500,0.500,0.500,0.550,0.550,0.550,0.500,0.500,0.500,0.550,0.550,0.550,363,2
0.550,0.550,0.550,0.500,0.500,0.500,0.460,0.460,0.460,0.500,0.500,0.500,981,2
0.500,0.500,0.500,0.500,0.500,0.500,0.540,0.540,0.540,0.500,0.500,0.500,846,1
0.550,0.550,0.550,0.500,0.500,0.500,0.450,0.450,0.450,0.500,0.500,0.500,386,2
0.500,0.500,0.500,0.450,0.450,0.450,0.500,0.500,0.500,0.500,0.500,0.500,237,2
0.500,0.500,0.500,0.450,0.450,0.450,0.500,0.500,0.500,0.500,0.500,0.500,600,2
0.500,0.500,0.500,0.500,0.500,0.500,0.500,0.500,0.500,0.500,0.500,0.500,875,2
0.500,0.500,0.500,0.450,0.450,0.450,0.500,0.500,0.500,0.480,0.480,0.480,334,1
0.500,0.500,0.500,0.450,0.450,0.450,0.500,0.500,0.500,0.520,0.520,0.520,371,2
0.500,0.500,0.500,0.550,0.550,0.550,0.500,0.500,0.500,0.480,0.480,0.480,92,1
0.550,0.550,0.550,0.500,0.500,0.500,0.480,0.480,0.480,0.500,0.500,0.500,323,2
0.500,0.500,0.500,0.450,0.450,0.450,0.500,0.500,0.500,0.540,0.540,0.540,43,2
0.500,0.500,0.500,0.450,0.450,0.450,0.500,0.500,0.500,0.520,0.520,0.520,932,2
0.500,0.500,0.500,0.500,0.500,0.500,0.500,0.500,0.500,0.490,0.490,0.490,478,1
0.450,0.450,0.450,0.500,0.500,0.500,0.460,0.460,0.460,0.500,0.500,0.500,167,2
0.500,0.500,0.500,0.550,0.550,0.550,0.500,0.500,0.500,0.540,0.540,0.540,758,2
0.500,0.500,0.500,0.550,0.550,0.550,0.500,0.500,0.500,0.520,0.520,0.520,30,2
0.500,0.500,0.500,0.500,0.500,0.500,0.500,0.500,0.500,0.490,0.490,0.490,742,1
0.450,0.450,0.450,0.500,0.500,0.500,0.520,0.520,0.520,0.500,0.500,0.500,107,1
0.500,0.500,0.500,0.550,0.550,0.550,0.500,0.500,0.500,0.550,0.550,0.550,528,2
0.500,0.500,0.500,0.500,0.500,0.500,0.500,0.500,0.500,0.500,0.500,0.500,446,1
0.500,0.500,0.500,0.500,0.500,0.500,0.530,0.530,0.530,0.500,0.500,0.500,548,1
0.500,0.500,0.500,0.450,0.450,0.450,0.500,0.500,0.500,0.530,0.530,0.530,735,2
0.500,0.500,0.500,0.450,0.450,0.450,0.500,0.500,0.500,0.540,0.540,0.540,901,2
0.550,0.550,0.550,0.500,0.500,0.500,0.520,0.520,0.520,0.500,0.500,0.500,855,1
0.500,0.500,0.500,0.500,0.500,0.500,0.490,0.490,0.490,0.500,0.500,0.500,709,2
0.550,0.550,0.550,0.500,0.500,0.500,0.460,0.460,0.460,0.500,0.500,0.500,420,2
0.450,0.450,0.450,0.500,0.500,0.500,0.460,0.460,0.460,0.500,0.500,0.500,827,2
0.550,0.550,0.550,0.500,0.500,0.500,0.490,0.490,0.490,0.500,0.500,0.500,456,2
0.500,0.500,0.500,0.550,0.550,0.550,0.500,0.500,0.500,0.500,0.500,0.500,391,2
0.500,0.500,0.500,0.500,0.500,0.500,0.510,0.510,0.510,0.500,0.500,0.500,810,1
0.450,0.450,0.450,0.500,0.500,0.500,0.500,0.500,0.500,0.500,0.500,0.500,6,1
0.450,0.450,0.450,0.500,0.500,0.500,0.510,0.510,0.510,0.500,0.500,0.500,172,1
0.500,0.500,0.500,0.450,0.450,0.450,0.500,0.500,0.500,0.470,0.470,0.470,597,1
0.550,0.550,0.550,0.500,0.500,0.500,0.450,0.450,0.450,0.500,0.500,0.500,980,2
0.500,0.500,0.500,0.500,0.500,0.500,0.500,0.500,0.500,0.540,0.540,0.540,351,2
0.450,0.450,0.450,0.500,0.500,0.500,0.450,0.450,0.450,0.500,0.500,0.500,265,2
0.550,0.550,0.550,0.500,0.500,0.500,0.480,0.480,0.480,0.500,0.500,0.500,620,2
0.500,0.500,0.500,0.550,0.550,0.550,0.500,0.500,0.500,0.460,0.460,0.460,189,1
0.550,0.550,0.550,0.500,0.500,0.500,0.510,0.510,0.510,0.500,0.500,0.500,854,1
0.500,0.500,0.500,0.450,0.450,0.450,0.500,0.500,0.500,0.480,0.480,0.480,763,1
0.450,0.450,0.450,0.500,0.500,0.500,0.450,0.450,0.450,0.500,0.500,0.500,562,2
0.500,0.500,0.500,0.550,0.550,0.550,0.500,0.500,0.500,0.490,0.490,0.490,159,1
0.500,0.500,0.500,0.550,0.550,0.550,0.500,0.500,0.500,0.500,0.500,0.500,292,2
0.450,0.450,0.450,0.500,0.500,0.500,0.500,0.500,0.500,0.500,0.500,0.500,633,1
0.550,0.550,0.550,0.500,0.500,0.500,0.490,0.490,0.490,0.500,0.500,0.500,588,2
0.550,0.550,0.550,0.500,0.500,0.500,0.470,0.470,0.470,0.500,0.500,0.500,619,2
0.500,0.500,0.500,0.500,0.500,0.500,0.470,0.470,0.470,0.500,0.500,0.500,971,2
0.450,0.450,0.450,0.500,0.500,0.500,0.510,0.510,0.510,0.500,0.500,0.500,568,1
0.450,0.450,0.450,0.500,0.500,0.500,0.480,0.480,0.480,0.500,0.500,0.500,499,2
0.550,0.550,0.550,0.500,0.500,0.500,0.460,0.460,0.460,0.500,0.500,0.500,57,2
0.500,0.500,0.500,0.450,0.450,0.450,0.500,0.500,0.500,0.450,0.450,0.450,100,1
0.500,0.500,0.500,0.500,0.500,0.500,0.470,0.470,0.470,0.500,0.500,0.500,542,2
0.500,0.500,0.500,0.550,0.550,0.550,0.500,0.500,0.500,0.510,0.510,0.510,29,2
0.500,0.500,0.500,0.500,0.500,0.500,0.500,0.500,0.500,0.500,0.500,0.500,974,1
0.500,0.500,0.500,0.500,0.500,0.500,0.500,0.500,0.500,0.500,0.500,0.500,776,2
0.500,0.500,0.500,0.550,0.550,0.550,0.500,0.500,0.500,0.530,0.530,0.530,889,2
0.500,0.500,0.500,0.500,0.500,0.500,0.500,0.500,0.500,0.500,0.500,0.500,50,1
0.500,0.500,0.500,0.450,0.450,0.450,0.500,0.500,0.500,0.550,0.550,0.550,176,2
0.550,0.550,0.550,0.500,0.500,0.500,0.490,0.490,0.490,0.500,0.500,0.500,819,2
0.500,0.500,0.500,0.500,0.500,0.500,0.500,0.500,0.500,0.540,0.540,0.540,780,2
0.500,0.500,0.500,0.450,0.450,0.450,0.500,0.500,0.500,0.470,0.470,0.470,333,1
0.550,0.550,0.550,0.500,0.500,0.500,0.540,0.540,0.540,0.500,0.500,0.500,428,1
0.500,0.500,0.500,0.500,0.500,0.500,0.500,0.500,0.500,0.530,0.530,0.530,284,2
0.500,0.500,0.500,0.500,0.500,0.500,0.470,0.470,0.470,0.500,0.500,0.500,641,2
0.500,0.500,0.500,0.550,0.550,0.550,0.500,0.500,0.500,0.550,0.550,0.550,924,2
0.500,0.500,0.500,0.450,0.450,0.450,0.500,0.500,0.500,0.480,0.480,0.480,202,1
0.500,0.500,0.500,0.500,0.500,0.500,0.550,0.550,0.550,0.500,0.500,0.500,682,1
0.500,0.500,0.500,0.500,0.500,0.500,0.540,0.540,0.540,0.500,0.500,0.500,450,1
0.450,0.450,0.450,0.500,0.500,0.500,0.450,0.450,0.450,0.500,0.500,0.500,694,2
0.500,0.500,0.500,0.500,0.500,0.500,0.480,0.480,0.480,0.500,0.500,0.500,180,2
0.500,0.500,0.500,0.500,0.500,0.500,0.500,0.500,0.500,0.470,0.470,0.470,212,1
0.500,0.500,0.500,0.500,0.500,0.500,0.500,0.500,0.500,0.510,0.510,0.510,711,2
0.500,0.500,0.500,0.500,0.500,0.500,0.470,0.470,0.470,0.500,0.500,0.500,608,2
0.450,0.450,0.450,0.500,0.500,0.500,0.490,0.490,0.490,0.500,0.500,0.500,5,2
0.500,0.500,0.500,0.500,0.500,0.500,0.500,0.500,0.500,0.460,0.460,0.460,640,1
0.450,0.450,0.450,0.500,0.500,0.500,0.500,0.500,0.500,0.500,0.500,0.500,336,1
0.550,0.550,0.550,0.500,0.500,0.500,0.520,0.520,0.520,0.500,0.500,0.500,426,1
0.550,0.550,0.550,0.500,0.500,0.500,0.530,0.530,0.530,0.500,0.500,0.500,757,1
0.500,0.500,0.500,0.550,0.550,0.550,0.500,0.500,0.500,0.530,0.530,0.530,625,2
0.500,0.500,0.500,0.550,0.550,0.550,0.500,0.500,0.500,0.490,0.490,0.490,423,1
0.500,0.500,0.500,0.550,0.550,0.550,0.500,0.500,0.500,0.470,0.470,0.470,223,1
0.500,0.500,0.500,0.550,0.550,0.550,0.500,0.500,0.500,0.550,0.550,0.550,858,2
0.500,0.500,0.500,0.550,0.550,0.550,0.500,0.500,0.500,0.460,0.460,0.460,156,1
0.500,0.500,0.500,0.550,0.550,0.550,0.500,0.500,0.500,0.510,0.510,0.510,161,2
0.450,0.450,0.450,0.500,0.500,0.500,0.480,0.480,0.480,0.500,0.500,0.500,268,2
0.500,0.500,0.500,0.550,0.550,0.550,0.500,0.500,0.500,0.530,0.530,0.530,922,2
0.550,0.550,0.550,0.500,0.500,0.500,0.540,0.540,0.540,0.500,0.500,0.500,923,1
0.550,0.550,0.550,0.500,0.500,0.500,0.450,0.450,0.450,0.500,0.500,0.500,650,2
