0.700,0.700,0.700,0.650,0.650,0.650,0.700,0.700,0.700,0.720,0.720,0.720,866,2
0.700,0.700,0.700,0.700,0.700,0.700,0.700,0.700,0.700,0.690,0.690,0.690,841,1
0.700,0.700,0.700,0.650,0.650,0.650,0.700,0.700,0.700,0.680,0.680,0.680,268,1
0.750,0.750,0.750,0.700,0.700,0.700,0.730,0.730,0.730,0.700,0.700,0.700,31,1
0.700,0.700,0.700,0.700,0.700,0.700,0.670,0.670,0.670,0.700,0.700,0.700,344,2
0.750,0.750,0.750,0.700,0.700,0.700,0.730,0.730,0.730,0.700,0.700,0.700,493,1
0.650,0.650,0.650,0.700,0.700,0.700,0.750,0.750,0.750,0.700,0.700,0.700,308,1
0.750,0.750,0.750,0.700,0.700,0.700,0.690,0.690,0.690,0.700,0.700,0.700,522,2
0.700,0.700,0.700,0.700,0.700,0.700,0.700,0.700,0.700,0.660,0.660,0.660,937,1
0.700,0.700,0.700,0.650,0.650,0.650,0.700,0.700,0.700,0.730,0.730,0.730,75,2
0.700,0.700,0.700,0.700,0.700,0.700,0.700,0.700,0.700,0.670,0.670,0.670,542,1
0.700,0.700,0.700,0.750,0.750,0.750,0.700,0.700,0.700,0.680,0.680,0.680,554,1
0.700,0.700,0.700,0.700,0.700,0.700,0.670,0.670,0.670,0.700,0.700,0.700,806,2
0.700,0.700,0.700,0.650,0.650,0.650,0.700,0.700,0.700,0.670,0.670,0.670,630,1
0.700,0.700,0.700,0.650,0.650,0.650,0.700,0.700,0.700,0.690,0.690,0.690,764,1
0.700,0.700,0.700,0.650,0.650,0.650,0.700,0.700,0.700,0.670,0.670,0.670,267,1
0.700,0.700,0.700,0.650,0.650,0.650,0.700,0.700,0.700,0.660,0.660,0.660,497,1
0.700,0.700,0.700,0.750,0.750,0.750,0.700,0.700,0.700,0.660,0.660,0.660,321,1
0.750,0.750,0.750,0.700,0.700,0.700,0.750,0.750,0.750,0.700,0.700,0.700,165,1
0.700,0.700,0.700,0.650,0.650,0.650,0.700,0.700,0.700,0.690,0.690,0.690,5,1
0.700,0.700,0.700,0.650,0.650,0.650,0.700,0.700,0.700,0.740,0.740,0.740,835,2
0.700,0.700,0.700,0.700,0.700,0.700,0.710,0.710,0.710,0.700,0.700,0.700,711,1
0.750,0.750,0.750,0.700,0.700,0.700,0.750,0.750,0.750,0.700,0.700,0.700,891,1
0.700,0.700,0.700,0.750,0.750,0.750,0.700,0.700,0.700,0.690,0.690,0.690,819,1
0.700,0.700,0.700,0.700,0.700,0.700,0.730,0.730,0.730,0.700,0.700,0.700,185,1
0.750,0.750,0.750,0.700,0.700,0.700,0.700,0.700,0.700,0.700,0.700,0.700,952,1
0.650,0.650,0.650,0.700,0.700,0.700,0.660,0.660,0.660,0.700,0.700,0.700,464,2
0.700,0.700,0.700,0.700,0.700,0.700,0.700,0.700,0.700,0.690,0.690,0.690,775,1
0.700,0.700,0.700,0.700,0.700,0.700,0.700,0.700,0.700,0.680,0.680,0.680,609,1
0.650,0.650,0.650,0.700,0.700,0.700,0.680,0.680,0.680,0.700,0.700,0.700,301,2
0.700,0.700,0.700,0.650,0.650,0.650,0.700,0.700,0.700,0.670,0.670,0.670,333,1
0.700,0.700,0.700,0.700,0.700,0.700,0.700,0.700,0.700,0.730,0.730,0.730,614,2
0.700,0.700,0.700,0.650,0.650,0.650,0.700,0.700,0.700,0.740,0.740,0.740,307,2
0.700,0.700,0.700,0.700,0.700,0.700,0.700,0.700,0.700,0.750,0.750,0.750,220,2
0.700,0.700,0.700,0.700,0.700,0.700,0.700,0.700,0.700,0.690,0.690,0.690,709,1
0.750,0.750,0.750,0.700,0.700,0.700,0.750,0.750,0.750,0.700,0.700,0.700,858,1
0.750,0.750,0.750,0.700,0.700,0.700,0.750,0.750,0.750,0.700,0.700,0.700,396,1
0.650,0.650,0.650,0.700,0.700,0.700,0.680,0.680,0.680,0.700,0.700,0.700,499,2
0.700,0.700,0.700,0.750,0.750,0.750,0.700,0.700,0.700,0.660,0.660,0.660,354,1
0.700,0.700,0.700,0.750,0.750,0.750,0.700,0.700,0.700,0.680,0.680,0.680,785,1
0.650,0.650,0.650,0.700,0.700,0.700,0.750,0.750,0.750,0.700,0.700,0.700,374,1
0.700,0.700,0.700,0.750,0.750,0.750,0.700,0.700,0.700,0.710,0.710,0.710,590,2
0.700,0.700,0.700,0.700,0.700,0.700,0.700,0.700,0.700,0.700,0.700,0.700,215,1
0.700,0.700,0.700,0.700,0.700,0.700,0.750,0.750,0.750,0.700,0.700,0.700,187,1
0.700,0.700,0.700,0.700,0.700,0.700,0.700,0.700,0.700,0.680,0.680,0.680,48,1
0.700,0.700,0.700,0.700,0.700,0.700,0.700,0.700,0.700,0.740,0.740,0.740,219,2
0.650,0.650,0.650,0.700,0.700,0.700,0.710,0.710,0.710,0.700,0.700,0.700,271,1
0.700,0.700,0.700,0.650,0.650,0.650,0.700,0.700,0.700,0.720,0.720,0.720,503,2
0.700,0.700,0.700,0.750,0.750,0.750,0.700,0.700,0.700,0.650,0.650,0.650,815,1
0.700,0.700,0.700,0.700,0.700,0.700,0.700,0.700,0.700,0.700,0.700,0.700,512,1
0.750,0.750,0.750,0.700,0.700,0.700,0.720,0.720,0.720,0.700,0.700,0.700,987,1
0.700,0.700,0.700,0.650,0.650,0.650,0.700,0.700,0.700,0.710,0.710,0.710,172,2
0.700,0.700,0.700,0.700,0.700,0.700,0.660,0.660,0.660,0.700,0.700,0.700,904,2
0.700,0.700,0.700,0.700,0.700,0.700,0.700,0.700,0.700,0.710,0.710,0.710,876,2
0.700,0.700,0.700,0.750,0.750,0.750,0.700,0.700,0.700,0.730,0.730,0.730,823,2
0.650,0.650,0.650,0.700,0.700,0.700,0.730,0.730,0.730,0.700,0.700,0.700,471,1
0.700,0.700,0.700,0.650,0.650,0.650,0.700,0.700,0.700,0.710,0.710,0.710,304,2
0.750,0.750,0.750,0.700,0.700,0.700,0.670,0.670,0.670,0.700,0.700,0.700,784,2
0.700,0.700,0.700,0.700,0.700,0.700,0.700,0.700,0.700,0.730,0.730,0.730,218,2
0.700,0.700,0.700,0.700,0.700,0.700,0.750,0.750,0.750,0.700,0.700,0.700,715,1
0.700,0.700,0.700,0.650,0.650,0.650,0.700,0.700,0.700,0.650,0.650,0.650,496,1
0.750,0.750,0.750,0.700,0.700,0.700,0.720,0.720,0.720,0.700,0.700,0.700,393,1
0.650,0.650,0.650,0.700,0.700,0.700,0.650,0.650,0.650,0.700,0.700,0.700,364,2
0.750,0.750,0.750,0.700,0.700,0.700,0.740,0.740,0.740,0.700,0.700,0.700,791,1
0.700,0.700,0.700,0.700,0.700,0.700,0.700,0.700,0.700,0.740,0.740,0.740,120,2
0.700,0.700,0.700,0.700,0.700,0.700,0.700,0.700,0.700,0.730,0.730,0.730,53,2
0.700,0.700,0.700,0.650,0.650,0.650,0.700,0.700,0.700,0.670,0.670,0.670,696,1
0.700,0.700,0.700,0.650,0.650,0.650,0.700,0.700,0.700,0.720,0.720,0.720,239,2
0.700,0.700,0.700,0.650,0.650,0.650,0.700,0.700,0.700,0.740,0.740,0.740,604,2
0.700,0.700,0.700,0.700,0.700,0.700,0.720,0.720,0.720,0.700,0.700,0.700,448,1
0.650,0.650,0.650,0.700,0.700,0.700,0.750,0.750,0.750,0.700,0.700,0.700,539,1
0.700,0.700,0.700,0.700,0.700,0.700,0.700,0.700,0.700,0.740,0.740,0.740,516,2
0.700,0.700,0.700,0.700,0.700,0.700,0.700,0.700,0.700,0.660,0.660,0.660,706,1
0.700,0.700,0.700,0.650,0.650,0.650,0.700,0.700,0.700,0.710,0.710,0.710,601,2
0.700,0.700,0.700,0.750,0.750,0.750,0.700,0.700,0.700,0.700,0.700,0.700,457,2
0.700,0.700,0.700,0.750,0.750,0.750,0.700,0.700,0.700,0.700,0.700,0.700,523,2
0.650,0.650,0.650,0.700,0.700,0.700,0.690,0.690,0.690,0.700,0.700,0.700,896,2
0.750,0.750,0.750,0.700,0.700,0.700,0.750,0.750,0.750,0.700,0.700,0.700,33,1
0.750,0.750,0.750,0.700,0.700,0.700,0.650,0.650,0.650,0.700,0.700,0.700,716,2
0.700,0.700,0.700,0.700,0.700,0.700,0.700,0.700,0.700,0.700,0.700,0.700,83,2
0.700,0.700,0.700,0.650,0.650,0.650,0.700,0.700,0.700,0.710,0.710,0.710,502,2
0.700,0.700,0.700,0.700,0.700,0.700,0.700,0.700,0.700,0.690,0.690,0.690,445,1
0.750,0.750,0.750,0.700,0.700,0.700,0.690,0.690,0.690,0.700,0.700,0.700,687,2
0.750,0.750,0.750,0.700,0.700,0.700,0.690,0.690,0.690,0.700,0.700,0.700,918,2
0.700,0.700,0.700,0.700,0.700,0.700,0.700,0.700,0.700,0.700,0.700,0.700,611,1
0.700,0.700,0.700,0.650,0.650,0.650,0.700,0.700,0.700,0.700,0.700,0.700,336,2
0.650,0.650,0.650,0.700,0.700,0.700,0.700,0.700,0.700,0.700,0.700,0.700,6,1
0.650,0.650,0.650,0.700,0.700,0.700,0.700,0.700,0.700,0.700,0.700,0.700,600,1
0.750,0.750,0.750,0.700,0.700,0.700,0.650,0.650,0.650,0.700,0.700,0.700,584,2
0.700,0.700,0.700,0.700,0.700,0.700,0.700,0.700,0.700,0.680,0.680,0.680,444,1
0.700,0.700,0.700,0.700,0.700,0.700,0.700,0.700,0.700,0.720,0.720,0.720,679,2
0.700,0.700,0.700,0.700,0.700,0.700,0.700,0.700,0.700,0.650,0.650,0.650,144,1
0.700,0.700,0.700,0.650,0.650,0.650,0.700,0.700,0.700,0.740,0.740,0.740,769,2
0.700,0.700,0.700,0.700,0.700,0.700,0.700,0.700,0.700,0.710,0.710,0.710,414,2
0.700,0.700,0.700,0.700,0.700,0.700,0.670,0.670,0.670,0.700,0.700,0.700,14,2
0.650,0.650,0.650,0.700,0.700,0.700,0.740,0.740,0.740,0.700,0.700,0.700,901,1
0.700,0.700,0.700,0.700,0.700,0.700,0.670,0.670,0.670,0.700,0.700,0.700,740,2
0.650,0.650,0.650,0.700,0.700,0.700,0.700,0.700,0.700,0.700,0.700,0.700,204,1
0.650,0.650,0.650,0.700,0.700,0.700,0.720,0.720,0.720,0.700,0.700,0.700,800,1
0.700,0.700,0.700,0.650,0.650,0.650,0.700,0.700,0.700,0.700,0.700,0.700,39,2
0.750,0.750,0.750,0.700,0.700,0.700,0.700,0.700,0.700,0.700,0.700,0.700,325,1
0.700,0.700,0.700,0.700,0.700,0.700,0.730,0.730,0.730,0.700,0.700,0.700,482,1
0.700,0.700,0.700,0.650,0.650,0.650,0.700,0.700,0.700,0.690,0.690,0.690,170,1
0.700,0.700,0.700,0.650,0.650,0.650,0.700,0.700,0.700,0.700,0.700,0.700,765,2
0.700,0.700,0.700,0.650,0.650,0.650,0.700,0.700,0.700,0.650,0.650,0.650,1,1
0.700,0.700,0.700,0.700,0.700,0.700,0.700,0.700,0.700,0.650,0.650,0.650,276,1
0.700,0.700,0.700,0.650,0.650,0.650,0.700,0.700,0.700,0.690,0.690,0.690,665,1
0.700,0.700,0.700,0.700,0.700,0.700,0.700,0.700,0.700,0.710,0.710,0.710,117,2
0.700,0.700,0.700,0.650,0.650,0.650,0.700,0.700,0.700,0.740,0.740,0.740,76,2
0.700,0.700,0.700,0.700,0.700,0.700,0.700,0.700,0.700,0.700,0.700,0.700,479,2
0.700,0.700,0.700,0.750,0.750,0.750,0.700,0.700,0.700,0.730,0.730,0.730,163,2
0.750,0.750,0.750,0.700,0.700,0.700,0.740,0.740,0.740,0.700,0.700,0.700,296,1
0.700,0.700,0.700,0.700,0.700,0.700,0.700,0.700,0.700,0.650,0.650,0.650,243,1
0.700,0.700,0.700,0.750,0.750,0.750,0.700,0.700,0.700,0.650,0.650,0.650,848,1
0.700,0.700,0.700,0.700,0.700,0.700,0.700,0.700,0.700,0.700,0.700,0.700,17,2
0.700,0.700,0.700,0.700,0.700,0.700,0.700,0.700,0.700,0.740,0.740,0.740,252,2
0.700,0.700,0.700,0.700,0.700,0.700,0.700,0.700,0.700,0.730,0.730,0.730,416,2
0.650,0.650,0.650,0.700,0.700,0.700,0.720,0.720,0.720,0.700,0.700,0.700,437,1
0.650,0.650,0.650,0.700,0.700,0.700,0.750,0.750,0.750,0.700,0.700,0.700,341,1
0.700,0.700,0.700,0.700,0.700,0.700,0.700,0.700,0.700,0.730,0.730,0.730,119,2
0.650,0.650,0.650,0.700,0.700,0.700,0.720,0.720,0.720,0.700,0.700,0.700,602,1
0.750,0.750,0.750,0.700,0.700,0.700,0.720,0.720,0.720,0.700,0.700,0.700,327,1
0.700,0.700,0.700,0.700,0.700,0.700,0.660,0.660,0.660,0.700,0.700,0.700,838,2
0.700,0.700,0.700,0.750,0.750,0.750,0.700,0.700,0.700,0.680,0.680,0.680,686,1
0.650,0.650,0.650,0.700,0.700,0.700,0.730,0.730,0.730,0.700,0.700,0.700,669,1
0.700,0.700,0.700,0.750,0.750,0.750,0.700,0.700,0.700,0.720,0.720,0.720,558,2
0.700,0.700,0.700,0.700,0.700,0.700,0.670,0.670,0.670,0.700,0.700,0.700,443,2
0.650,0.650,0.650,0.700,0.700,0.700,0.750,0.750,0.750,0.700,0.700,0.700,572,1
0.750,0.750,0.750,0.700,0.700,0.700,0.730,0.730,0.730,0.700,0.700,0.700,559,1
0.700,0.700,0.700,0.700,0.700,0.700,0.700,0.700,0.700,0.660,0.660,0.660,508,1
0.700,0.700,0.700,0.650,0.650,0.650,0.700,0.700,0.700,0.650,0.650,0.650,199,1
0.700,0.700,0.700,0.700,0.700,0.700,0.650,0.650,0.650,0.700,0.700,0.700,309,2
0.700,0.700,0.700,0.700,0.700,0.700,0.700,0.700,0.700,0.670,0.670,0.670,509,1
0.650,0.650,0.650,0.700,0.700,0.700,0.670,0.670,0.670,0.700,0.700,0.700,3,2
0.700,0.700,0.700,0.750,0.750,0.750,0.700,0.700,0.700,0.720,0.720,0.720,426,2
0.700,0.700,0.700,0.700,0.700,0.700,0.700,0.700,0.700,0.720,0.720,0.720,745,2
0.700,0.700,0.700,0.700,0.700,0.700,0.710,0.710,0.710,0.700,0.700,0.700,381,1
0.700,0.700,0.700,0.650,0.650,0.650,0.700,0.700,0.700,0.700,0.700,0.700,930,2
0.700,0.700,0.700,0.700,0.700,0.700,0.700,0.700,0.700,0.700,0.700,0.700,974,1
0.700,0.700,0.700,0.700,0.700,0.700,0.730,0.730,0.730,0.700,0.700,0.700,680,1
0.700,0.700,0.700,0.650,0.650,0.650,0.700,0.700,0.700,0.740,0.740,0.740,340,2
0.700,0.700,0.700,0.750,0.750,0.750,0.700,0.700,0.700,0.710,0.710,0.710,260,2
0.700,0.700,0.700,0.700,0.700,0.700,0.740,0.740,0.740,0.700,0.700,0.700,780,1
0.700,0.700,0.700,0.650,0.650,0.650,0.700,0.700,0.700,0.660,0.660,0.660,662,1
0.650,0.650,0.650,0.700,0.700,0.700,0.720,0.720,0.720,0.700,0.700,0.700,371,1
0.700,0.700,0.700,0.700,0.700,0.700,0.700,0.700,0.700,0.700,0.700,0.700,446,1
0.700,0.700,0.700,0.750,0.750,0.750,0.700,0.700,0.700,0.690,0.690,0.690,456,1
0.700,0.700,0.700,0.750,0.750,0.750,0.700,0.700,0.700,0.700,0.700,0.700,853,2
0.750,0.750,0.750,0.700,0.700,0.700,0.670,0.670,0.670,0.700,0.700,0.700,454,2
0.750,0.750,0.750,0.700,0.700,0.700,0.670,0.670,0.670,0.700,0.700,0.700,949,2
0.700,0.700,0.700,0.700,0.700,0.700,0.700,0.700,0.700,0.680,0.680,0.680,279,1
0.700,0.700,0.700,0.700,0.700,0.700,0.740,0.740,0.740,0.700,0.700,0.700,879,1
0.650,0.650,0.650,0.700,0.700,0.700,0.670,0.670,0.670,0.700,0.700,0.700,399,2
0.750,0.750,0.750,0.700,0.700,0.700,0.730,0.730,0.730,0.700,0.700,0.700,394,1
0.750,0.750,0.750,0.700,0.700,0.700,0.730,0.730,0.730,0.700,0.700,0.700,526,1
0.750,0.750,0.750,0.700,0.700,0.700,0.680,0.680,0.680,0.700,0.700,0.700,158,2
0.750,0.750,0.750,0.700,0.700,0.700,0.660,0.660,0.660,0.700,0.700,0.700,189,2
0.750,0.750,0.750,0.700,0.700,0.700,0.670,0.670,0.670,0.700,0.700,0.700,322,2
0.700,0.700,0.700,0.700,0.700,0.700,0.650,0.650,0.650,0.700,0.700,0.700,870,2
0.700,0.700,0.700,0.700,0.700,0.700,0.700,0.700,0.700,0.650,0.650,0.650,705,1
0.700,0.700,0.700,0.750,0.750,0.750,0.700,0.700,0.700,0.700,0.700,0.700,886,2
0.700,0.700,0.700,0.700,0.700,0.700,0.700,0.700,0.700,0.700,0.700,0.700,314,1
0.750,0.750,0.750,0.700,0.700,0.700,0.740,0.740,0.740,0.700,0.700,0.700,263,1
0.700,0.700,0.700,0.700,0.700,0.700,0.700,0.700,0.700,0.670,0.670,0.670,245,1
0.700,0.700,0.700,0.750,0.750,0.750,0.700,0.700,0.700,0.680,0.680,0.680,752,1
0.700,0.700,0.700,0.700,0.700,0.700,0.680,0.680,0.680,0.700,0.700,0.700,906,2
0.700,0.700,0.700,0.700,0.700,0.700,0.700,0.700,0.700,0.720,0.720,0.720,811,2
0.700,0.700,0.700,0.650,0.650,0.650,0.700,0.700,0.700,0.670,0.670,0.670,234,1
0.700,0.700,0.700,0.700,0.700,0.700,0.700,0.700,0.700,0.710,0.710,0.710,777,2
0.700,0.700,0.700,0.700,0.700,0.700,0.660,0.660,0.660,0.700,0.700,0.700,607,2
0.750,0.750,0.750,0.700,0.700,0.700,0.750,0.750,0.750,0.700,0.700,0.700,363,1
0.700,0.700,0.700,0.700,0.700,0.700,0.700,0.700,0.700,0.740,0.740,0.740,384,2
0.700,0.700,0.700,0.750,0.750,0.750,0.700,0.700,0.700,0.750,0.750,0.750,264,2
0.750,0.750,0.750,0.700,0.700,0.700,0.670,0.670,0.670,0.700,0.700,0.700,850,2
0.700,0.700,0.700,0.700,0.700,0.700,0.650,0.650,0.650,0.700,0.700,0.700,12,2
0.750,0.750,0.750,0.700,0.700,0.700,0.670,0.670,0.670,0.700,0.700,0.700,751,2
0.650,0.650,0.650,0.700,0.700,0.700,0.700,0.700,0.700,0.700,0.700,0.700,666,1
0.700,0.700,0.700,0.650,0.650,0.650,0.700,0.700,0.700,0.670,0.670,0.670,432,1
0.700,0.700,0.700,0.700,0.700,0.700,0.730,0.730,0.730,0.700,0.700,0.700,86,1
0.700,0.700,0.700,0.700,0.700,0.700,0.700,0.700,0.700,0.690,0.690,0.690,247,1
0.650,0.650,0.650,0.700,0.700,0.700,0.690,0.690,0.690,0.700,0.700,0.700,434,2
0.700,0.700,0.700,0.750,0.750,0.750,0.700,0.700,0.700,0.690,0.690,0.690,291,1
0.650,0.650,0.650,0.700,0.700,0.700,0.700,0.700,0.700,0.700,0.700,0.700,897,1
0.700,0.700,0.700,0.750,0.750,0.750,0.700,0.700,0.700,0.650,0.650,0.650,914,1
0.650,0.650,0.650,0.700,0.700,0.700,0.740,0.740,0.740,0.700,0.700,0.700,967,1
0.700,0.700,0.700,0.700,0.700,0.700,0.680,0.680,0.680,0.700,0.700,0.700,840,2
0.750,0.750,0.750,0.700,0.700,0.700,0.650,0.650,0.650,0.700,0.700,0.700,980,2
0.750,0.750,0.750,0.700,0.700,0.700,0.660,0.660,0.660,0.700,0.700,0.700,849,2
0.700,0.700,0.700,0.700,0.700,0.700,0.680,0.680,0.680,0.700,0.700,0.700,774,2
0.700,0.700,0.700,0.650,0.650,0.650,0.700,0.700,0.700,0.700,0.700,0.700,732,2
0.650,0.650,0.650,0.700,0.700,0.700,0.740,0.740,0.740,0.700,0.700,0.700,241,1
0.700,0.700,0.700,0.750,0.750,0.750,0.700,0.700,0.700,0.690,0.690,0.690,258,1
0.700,0.700,0.700,0.650,0.650,0.650,0.700,0.700,0.700,0.680,0.680,0.680,730,1
0.650,0.650,0.650,0.700,0.700,0.700,0.690,0.690,0.690,0.700,0.700,0.700,401,2
0.700,0.700,0.700,0.650,0.650,0.650,0.700,0.700,0.700,0.690,0.690,0.690,137,1
0.700,0.700,0.700,0.750,0.750,0.750,0.700,0.700,0.700,0.740,0.740,0.740,758,2
0.650,0.650,0.650,0.700,0.700,0.700,0.680,0.680,0.680,0.700,0.700,0.700,433,2
0.650,0.650,0.650,0.700,0.700,0.700,0.700,0.700,0.700,0.700,0.700,0.700,105,1
0.700,0.700,0.700,0.700,0.700,0.700,0.710,0.710,0.710,0.700,0.700,0.700,678,1
0.650,0.650,0.650,0.700,0.700,0.700,0.720,0.720,0.720,0.700,0.700,0.700,965,1
0.700,0.700,0.700,0.650,0.650,0.650,0.700,0.700,0.700,0.740,0.740,0.740,10,2
0.750,0.750,0.750,0.700,0.700,0.700,0.720,0.720,0.720,0.700,0.700,0.700,921,1
0.700,0.700,0.700,0.650,0.650,0.650,0.700,0.700,0.700,0.650,0.650,0.650,166,1
0.700,0.700,0.700,0.650,0.650,0.650,0.700,0.700,0.700,0.700,0.700,0.700,534,2
0.650,0.650,0.650,0.700,0.700,0.700,0.660,0.660,0.660,0.700,0.700,0.700,959,2
0.700,0.700,0.700,0.650,0.650,0.650,0.700,0.700,0.700,0.750,0.750,0.750,110,2
0.700,0.700,0.700,0.750,0.750,0.750,0.700,0.700,0.700,0.700,0.700,0.700,424,2
0.700,0.700,0.700,0.650,0.650,0.650,0.700,0.700,0.700,0.710,0.710,0.710,568,2
0.700,0.700,0.700,0.650,0.650,0.650,0.700,0.700,0.700,0.720,0.720,0.720,41,2
0.700,0.700,0.700,0.700,0.700,0.700,0.700,0.700,0.700,0.720,0.720,0.720,943,2
0.700,0.700,0.700,0.750,0.750,0.750,0.700,0.700,0.700,0.750,0.750,0.750,462,2
0.700,0.700,0.700,0.750,0.750,0.750,0.700,0.700,0.700,0.730,0.730,0.730,955,2
0.700,0.700,0.700,0.650,0.650,0.650,0.700,0.700,0.700,0.650,0.650,0.650,331,1
0.750,0.750,0.750,0.700,0.700,0.700,0.700,0.700,0.700,0.700,0.700,0.700,391,1
0.700,0.700,0.700,0.700,0.700,0.700,0.700,0.700,0.700,0.660,0.660,0.660,442,1
0.700,0.700,0.700,0.650,0.650,0.650,0.700,0.700,0.700,0.730,0.730,0.730,174,2
0.700,0.700,0.700,0.750,0.750,0.750,0.700,0.700,0.700,0.720,0.720,0.720,228,2
0.700,0.700,0.700,0.750,0.750,0.750,0.700,0.700,0.700,0.720,0.720,0.720,789,2
0.700,0.700,0.700,0.750,0.750,0.750,0.700,0.700,0.700,0.680,0.680,0.680,191,1
0.700,0.700,0.700,0.650,0.650,0.650,0.700,0.700,0.700,0.650,0.650,0.650,958,1
0.750,0.750,0.750,0.700,0.700,0.700,0.710,0.710,0.710,0.700,0.700,0.700,755,1
0.700,0.700,0.700,0.750,0.750,0.750,0.700,0.700,0.700,0.710,0.710,0.710,920,2
0.700,0.700,0.700,0.750,0.750,0.750,0.700,0.700,0.700,0.710,0.710,0.710,854,2
0.650,0.650,0.650,0.700,0.700,0.700,0.680,0.680,0.680,0.700,0.700,0.700,70,2
0.700,0.700,0.700,0.750,0.750,0.750,0.700,0.700,0.700,0.690,0.690,0.690,885,1
0.700,0.700,0.700,0.650,0.650,0.650,0.700,0.700,0.700,0.690,0.690,0.690,698,1
0.750,0.750,0.750,0.700,0.700,0.700,0.710,0.710,0.710,0.700,0.700,0.700,95,1
0.750,0.750,0.750,0.700,0.700,0.700,0.680,0.680,0.680,0.700,0.700,0.700,356,2
0.750,0.750,0.750,0.700,0.700,0.700,0.700,0.700,0.700,0.700,0.700,0.700,655,1
0.700,0.700,0.700,0.650,0.650,0.650,0.700,0.700,0.700,0.750,0.750,0.750,869,2
0.700,0.700,0.700,0.700,0.700,0.700,0.700,0.700,0.700,0.750,0.750,0.750,781,2
0.650,0.650,0.650,0.700,0.700,0.700,0.730,0.730,0.730,0.700,0.700,0.700,405,1
0.650,0.650,0.650,0.700,0.700,0.700,0.700,0.700,0.700,0.700,0.700,0.700,963,1
0.750,0.750,0.750,0.700,0.700,0.700,0.710,0.710,0.710,0.700,0.700,0.700,458,1
0.650,0.650,0.650,0.700,0.700,0.700,0.690,0.690,0.690,0.700,0.700,0.700,533,2
0.700,0.700,0.700,0.700,0.700,0.700,0.700,0.700,0.700,0.700,0.700,0.700,545,1
0.700,0.700,0.700,0.750,0.750,0.750,0.700,0.700,0.700,0.750,0.750,0.750,231,2
0.700,0.700,0.700,0.750,0.750,0.750,0.700,0.700,0.700,0.720,0.720,0.720,129,2
0.650,0.650,0.650,0.700,0.700,0.700,0.750,0.750,0.750,0.700,0.700,0.700,473,1
0.700,0.700,0.700,0.700,0.700,0.700,0.680,0.680,0.680,0.700,0.700,0.700,939,2
0.750,0.750,0.750,0.700,0.700,0.700,0.670,0.670,0.670,0.700,0.700,0.700,487,2
0.700,0.700,0.700,0.750,0.750,0.750,0.700,0.700,0.700,0.720,0.720,0.720,261,2
0.700,0.700,0.700,0.750,0.750,0.750,0.700,0.700,0.700,0.700,0.700,0.700,259,2
0.700,0.700,0.700,0.650,0.650,0.650,0.700,0.700,0.700,0.670,0.670,0.670,69,1
0.700,0.700,0.700,0.700,0.700,0.700,0.700,0.700,0.700,0.710,0.710,0.710,480,2
0.650,0.650,0.650,0.700,0.700,0.700,0.740,0.740,0.740,0.700,0.700,0.700,505,1
0.750,0.750,0.750,0.700,0.700,0.700,0.710,0.710,0.710,0.700,0.700,0.700,623,1
0.700,0.700,0.700,0.700,0.700,0.700,0.670,0.670,0.670,0.700,0.700,0.700,938,2
0.700,0.700,0.700,0.650,0.650,0.650,0.700,0.700,0.700,0.740,0.740,0.740,571,2
0.700,0.700,0.700,0.700,0.700,0.700,0.700,0.700,0.700,0.690,0.690,0.690,478,1
0.700,0.700,0.700,0.750,0.750,0.750,0.700,0.700,0.700,0.720,0.720,0.720,822,2
0.700,0.700,0.700,0.700,0.700,0.700,0.700,0.700,0.700,0.750,0.750,0.750,880,2
0.700,0.700,0.700,0.700,0.700,0.700,0.700,0.700,0.700,0.720,0.720,0.720,778,2
0.700,0.700,0.700,0.700,0.700,0.700,0.700,0.700,0.700,0.720,0.720,0.720,613,2
0.650,0.650,0.650,0.700,0.700,0.700,0.680,0.680,0.680,0.700,0.700,0.700,466,2
0.700,0.700,0.700,0.650,0.650,0.650,0.700,0.700,0.700,0.720,0.720,0.720,272,2
0.700,0.700,0.700,0.700,0.700,0.700,0.700,0.700,0.700,0.700,0.700,0.700,50,1
0.700,0.700,0.700,0.650,0.650,0.650,0.700,0.700,0.700,0.680,0.680,0.680,829,1
0.700,0.700,0.700,0.750,0.750,0.750,0.700,0.700,0.700,0.690,0.690,0.690,390,1
0.750,0.750,0.750,0.700,0.700,0.700,0.750,0.750,0.750,0.700,0.700,0.700,726,1
0.700,0.700,0.700,0.650,0.650,0.650,0.700,0.700,0.700,0.750,0.750,0.750,803,2
0.700,0.700,0.700,0.750,0.750,0.750,0.700,0.700,0.700,0.680,0.680,0.680,884,1
0.700,0.700,0.700,0.750,0.750,0.750,0.700,0.700,0.700,0.710,0.710,0.710,788,2
0.700,0.700,0.700,0.750,0.750,0.750,0.700,0.700,0.700,0.650,0.650,0.650,89,1
0.700,0.700,0.700,0.650,0.650,0.650,0.700,0.700,0.700,0.740,0.740,0.740,373,2
0.750,0.750,0.750,0.700,0.700,0.700,0.720,0.720,0.720,0.700,0.700,0.700,591,1
0.700,0.700,0.700,0.700,0.700,0.700,0.740,0.740,0.740,0.700,0.700,0.700,813,1
0.650,0.650,0.650,0.700,0.700,0.700,0.670,0.670,0.670,0.700,0.700,0.700,531,2
0.700,0.700,0.700,0.650,0.650,0.650,0.700,0.700,0.700,0.750,0.750,0.750,176,2
0.700,0.700,0.700,0.700,0.700,0.700,0.650,0.650,0.650,0.700,0.700,0.700,573,2
0.750,0.750,0.750,0.700,0.700,0.700,0.730,0.730,0.730,0.700,0.700,0.700,724,1
0.700,0.700,0.700,0.700,0.700,0.700,0.720,0.720,0.720,0.700,0.700,0.700,52,1
0.650,0.650,0.650,0.700,0.700,0.700,0.660,0.660,0.660,0.700,0.700,0.700,134,2
0.750,0.750,0.750,0.700,0.700,0.700,0.750,0.750,0.750,0.700,0.700,0.700,429,1
0.750,0.750,0.750,0.700,0.700,0.700,0.670,0.670,0.670,0.700,0.700,0.700,652,2
0.700,0.700,0.700,0.700,0.700,0.700,0.720,0.720,0.720,0.700,0.700,0.700,547,1
0.700,0.700,0.700,0.700,0.700,0.700,0.700,0.700,0.700,0.660,0.660,0.660,343,1
0.700,0.700,0.700,0.700,0.700,0.700,0.720,0.720,0.720,0.700,0.700,0.700,910,1
0.700,0.700,0.700,0.700,0.700,0.700,0.660,0.660,0.660,0.700,0.700,0.700,244,2
0.700,0.700,0.700,0.650,0.650,0.650,0.700,0.700,0.700,0.690,0.690,0.690,632,1
0.750,0.750,0.750,0.700,0.700,0.700,0.710,0.710,0.710,0.700,0.700,0.700,986,1
0.750,0.750,0.750,0.700,0.700,0.700,0.750,0.750,0.750,0.700,0.700,0.700,495,1
0.700,0.700,0.700,0.700,0.700,0.700,0.700,0.700,0.700,0.650,0.650,0.650,771,1
0.700,0.700,0.700,0.700,0.700,0.700,0.750,0.750,0.750,0.700,0.700,0.700,319,1
0.700,0.700,0.700,0.650,0.650,0.650,0.700,0.700,0.700,0.730,0.730,0.730,504,2
0.700,0.700,0.700,0.650,0.650,0.650,0.700,0.700,0.700,0.680,0.680,0.680,202,1
0.700,0.700,0.700,0.750,0.750,0.750,0.700,0.700,0.700,0.730,0.730,0.730,97,2
0.700,0.700,0.700,0.700,0.700,0.700,0.700,0.700,0.700,0.730,0.730,0.730,350,2
0.750,0.750,0.750,0.700,0.700,0.700,0.680,0.680,0.680,0.700,0.700,0.700,59,2
0.700,0.700,0.700,0.700,0.700,0.700,0.700,0.700,0.700,0.700,0.700,0.700,182,1
0.700,0.700,0.700,0.750,0.750,0.750,0.700,0.700,0.700,0.660,0.660,0.660,453,1
0.650,0.650,0.650,0.700,0.700,0.700,0.740,0.740,0.740,0.700,0.700,0.700,670,1
0.650,0.650,0.650,0.700,0.700,0.700,0.710,0.710,0.710,0.700,0.700,0.700,766,1
0.750,0.750,0.750,0.700,0.700,0.700,0.690,0.690,0.690,0.700,0.700,0.700,126,2
0.750,0.750,0.750,0.700,0.700,0.700,0.680,0.680,0.680,0.700,0.700,0.700,125,2
0.750,0.750,0.750,0.700,0.700,0.700,0.670,0.670,0.670,0.700,0.700,0.700,355,2
0.700,0.700,0.700,0.650,0.650,0.650,0.700,0.700,0.700,0.730,0.730,0.730,306,2
0.700,0.700,0.700,0.700,0.700,0.700,0.700,0.700,0.700,0.710,0.710,0.710,183,2
0.700,0.700,0.700,0.750,0.750,0.750,0.700,0.700,0.700,0.730,0.730,0.730,130,2
0.750,0.750,0.750,0.700,0.700,0.700,0.720,0.720,0.720,0.700,0.700,0.700,855,1
0.700,0.700,0.700,0.700,0.700,0.700,0.700,0.700,0.700,0.660,0.660,0.660,112,1
0.700,0.700,0.700,0.700,0.700,0.700,0.690,0.690,0.690,0.700,0.700,0.700,544,2
0.700,0.700,0.700,0.650,0.650,0.650,0.700,0.700,0.700,0.660,0.660,0.660,794,1
0.700,0.700,0.700,0.700,0.700,0.700,0.700,0.700,0.700,0.730,0.730,0.730,845,2
0.750,0.750,0.750,0.700,0.700,0.700,0.660,0.660,0.660,0.700,0.700,0.700,123,2
0.650,0.650,0.650,0.700,0.700,0.700,0.720,0.720,0.720,0.700,0.700,0.700,470,1
0.700,0.700,0.700,0.700,0.700,0.700,0.700,0.700,0.700,0.670,0.670,0.670,476,1
0.700,0.700,0.700,0.700,0.700,0.700,0.700,0.700,0.700,0.750,0.750,0.750,55,2
0.700,0.700,0.700,0.650,0.650,0.650,0.700,0.700,0.700,0.650,0.650,0.650,793,1
0.750,0.750,0.750,0.700,0.700,0.700,0.680,0.680,0.680,0.700,0.700,0.700,719,2
0.700,0.700,0.700,0.700,0.700,0.700,0.700,0.700,0.700,0.740,0.740,0.740,549,2
0.700,0.700,0.700,0.650,0.650,0.650,0.700,0.700,0.700,0.670,0.670,0.670,564,1
0.700,0.700,0.700,0.700,0.700,0.700,0.660,0.660,0.660,0.700,0.700,0.700,409,2
0.750,0.750,0.750,0.700,0.700,0.700,0.650,0.650,0.650,0.700,0.700,0.700,353,2
0.650,0.650,0.650,0.700,0.700,0.700,0.740,0.740,0.740,0.700,0.700,0.700,868,1
0.700,0.700,0.700,0.700,0.700,0.700,0.740,0.740,0.740,0.700,0.700,0.700,615,1
0.700,0.700,0.700,0.700,0.700,0.700,0.700,0.700,0.700,0.690,0.690,0.690,214,1
0.750,0.750,0.750,0.700,0.700,0.700,0.690,0.690,0.690,0.700,0.700,0.700,588,2
0.750,0.750,0.750,0.700,0.700,0.700,0.650,0.650,0.650,0.700,0.700,0.700,23,2
0.700,0.700,0.700,0.750,0.750,0.750,0.700,0.700,0.700,0.700,0.700,0.700,985,2
0.700,0.700,0.700,0.650,0.650,0.650,0.700,0.700,0.700,0.740,0.740,0.740,43,2
0.650,0.650,0.650,0.700,0.700,0.700,0.710,0.710,0.710,0.700,0.700,0.700,139,1
0.700,0.700,0.700,0.700,0.700,0.700,0.690,0.690,0.690,0.700,0.700,0.700,16,2
0.700,0.700,0.700,0.700,0.700,0.700,0.700,0.700,0.700,0.660,0.660,0.660,79,1
0.700,0.700,0.700,0.700,0.700,0.700,0.700,0.700,0.700,0.700,0.700,0.700,116,2
0.700,0.700,0.700,0.700,0.700,0.700,0.700,0.700,0.700,0.690,0.690,0.690,412,1
0.700,0.700,0.700,0.700,0.700,0.700,0.700,0.700,0.700,0.750,0.750,0.750,154,2
0.700,0.700,0.700,0.750,0.750,0.750,0.700,0.700,0.700,0.700,0.700,0.700,754,2
0.650,0.650,0.650,0.700,0.700,0.700,0.670,0.670,0.670,0.700,0.700,0.700,366,2
0.700,0.700,0.700,0.650,0.650,0.650,0.700,0.700,0.700,0.750,0.750,0.750,737,2
0.750,0.750,0.750,0.700,0.700,0.700,0.700,0.700,0.700,0.700,0.700,0.700,358,1
0.700,0.700,0.700,0.700,0.700,0.700,0.700,0.700,0.700,0.670,0.670,0.670,641,1
0.700,0.700,0.700,0.650,0.650,0.650,0.700,0.700,0.700,0.730,0.730,0.730,141,2
0.700,0.700,0.700,0.750,0.750,0.750,0.700,0.700,0.700,0.660,0.660,0.660,684,1
0.700,0.700,0.700,0.650,0.650,0.650,0.700,0.700,0.700,0.690,0.690,0.690,269,1
0.700,0.700,0.700,0.750,0.750,0.750,0.700,0.700,0.700,0.740,0.740,0.740,197,2
0.650,0.650,0.650,0.700,0.700,0.700,0.680,0.680,0.680,0.700,0.700,0.700,895,2
0.700,0.700,0.700,0.700,0.700,0.700,0.720,0.720,0.720,0.700,0.700,0.700,877,1
0.700,0.700,0.700,0.650,0.650,0.650,0.700,0.700,0.700,0.680,0.680,0.680,598,1
0.700,0.700,0.700,0.700,0.700,0.700,0.650,0.650,0.650,0.700,0.700,0.700,969,2
0.700,0.700,0.700,0.650,0.650,0.650,0.700,0.700,0.700,0.670,0.670,0.670,168,1
0.700,0.700,0.700,0.750,0.750,0.750,0.700,0.700,0.700,0.660,0.660,0.660,651,1
0.700,0.700,0.700,0.700,0.700,0.700,0.720,0.720,0.720,0.700,0.700,0.700,250,1
0.650,0.650,0.650,0.700,0.700,0.700,0.730,0.730,0.730,0.700,0.700,0.700,702,1
0.700,0.700,0.700,0.700,0.700,0.700,0.650,0.650,0.650,0.700,0.700,0.700,639,2
0.650,0.650,0.650,0.700,0.700,0.700,0.750,0.750,0.750,0.700,0.700,0.700,506,1
0.750,0.750,0.750,0.700,0.700,0.700,0.750,0.750,0.750,0.700,0.700,0.700,132,1
0.700,0.700,0.700,0.700,0.700,0.700,0.690,0.690,0.690,0.700,0.700,0.700,280,2
0.700,0.700,0.700,0.700,0.700,0.700,0.700,0.700,0.700,0.670,0.670,0.670,80,1
0.750,0.750,0.750,0.700,0.700,0.700,0.720,0.720,0.720,0.700,0.700,0.700,195,1
0.750,0.750,0.750,0.700,0.700,0.700,0.750,0.750,0.750,0.700,0.700,0.700,330,1
0.650,0.650,0.650,0.700,0.700,0.700,0.660,0.660,0.660,0.700,0.700,0.700,2,2
0.700,0.700,0.700,0.750,0.750,0.750,0.700,0.700,0.700,0.740,0.740,0.740,890,2
0.700,0.700,0.700,0.750,0.750,0.750,0.700,0.700,0.700,0.690,0.690,0.690,984,1
0.700,0.700,0.700,0.700,0.700,0.700,0.660,0.660,0.660,0.700,0.700,0.700,376,2
0.650,0.650,0.650,0.700,0.700,0.700,0.660,0.660,0.660,0.700,0.700,0.700,35,2
0.750,0.750,0.750,0.700,0.700,0.700,0.650,0.650,0.650,0.700,0.700,0.700,254,2
0.700,0.700,0.700,0.750,0.750,0.750,0.700,0.700,0.700,0.700,0.700,0.700,622,2
0.650,0.650,0.650,0.700,0.700,0.700,0.650,0.650,0.650,0.700,0.700,0.700,628,2
0.700,0.700,0.700,0.650,0.650,0.650,0.700,0.700,0.700,0.650,0.650,0.650,463,1
0.700,0.700,0.700,0.700,0.700,0.700,0.710,0.710,0.710,0.700,0.700,0.700,909,1
0.750,0.750,0.750,0.700,0.700,0.700,0.740,0.740,0.740,0.700,0.700,0.700,329,1
0.650,0.650,0.650,0.700,0.700,0.700,0.680,0.680,0.680,0.700,0.700,0.700,796,2
0.700,0.700,0.700,0.650,0.650,0.650,0.700,0.700,0.700,0.700,0.700,0.700,468,2
0.750,0.750,0.750,0.700,0.700,0.700,0.650,0.650,0.650,0.700,0.700,0.700,485,2
0.700,0.700,0.700,0.700,0.700,0.700,0.750,0.750,0.750,0.700,0.700,0.700,682,1
0.650,0.650,0.650,0.700,0.700,0.700,0.660,0.660,0.660,0.700,0.700,0.700,332,2
0.700,0.700,0.700,0.750,0.750,0.750,0.700,0.700,0.700,0.690,0.690,0.690,621,1
0.700,0.700,0.700,0.700,0.700,0.700,0.700,0.700,0.700,0.720,0.720,0.720,712,2
0.700,0.700,0.700,0.700,0.700,0.700,0.720,0.720,0.720,0.700,0.700,0.700,217,1
0.750,0.750,0.750,0.700,0.700,0.700,0.670,0.670,0.670,0.700,0.700,0.700,718,2
0.650,0.650,0.650,0.700,0.700,0.700,0.750,0.750,0.750,0.700,0.700,0.700,770,1
0.650,0.650,0.650,0.700,0.700,0.700,0.690,0.690,0.690,0.700,0.700,0.700,104,2
0.700,0.700,0.700,0.650,0.650,0.650,0.700,0.700,0.700,0.670,0.670,0.670,861,1
0.700,0.700,0.700,0.750,0.750,0.750,0.700,0.700,0.700,0.720,0.720,0.720,30,2
0.700,0.700,0.700,0.700,0.700,0.700,0.720,0.720,0.720,0.700,0.700,0.700,184,1
0.700,0.700,0.700,0.750,0.750,0.750,0.700,0.700,0.700,0.660,0.660,0.660,816,1
0.750,0.750,0.750,0.700,0.700,0.700,0.720,0.720,0.720,0.700,0.700,0.700,954,1
0.700,0.700,0.700,0.750,0.750,0.750,0.700,0.700,0.700,0.660,0.660,0.660,90,1
0.700,0.700,0.700,0.700,0.700,0.700,0.660,0.660,0.660,0.700,0.700,0.700,211,2
0.700,0.700,0.700,0.750,0.750,0.750,0.700,0.700,0.700,0.710,0.710,0.710,392,2
0.700,0.700,0.700,0.650,0.650,0.650,0.700,0.700,0.700,0.680,0.680,0.680,532,1
0.650,0.650,0.650,0.700,0.700,0.700,0.690,0.690,0.690,0.700,0.700,0.700,797,2
0.700,0.700,0.700,0.650,0.650,0.650,0.700,0.700,0.700,0.710,0.710,0.710,535,2
0.700,0.700,0.700,0.700,0.700,0.700,0.700,0.700,0.700,0.740,0.740,0.740,351,2
0.700,0.700,0.700,0.700,0.700,0.700,0.700,0.700,0.700,0.650,0.650,0.650,78,1
0.700,0.700,0.700,0.750,0.750,0.750,0.700,0.700,0.700,0.690,0.690,0.690,720,1
0.700,0.700,0.700,0.750,0.750,0.750,0.700,0.700,0.700,0.670,0.670,0.670,58,1
0.750,0.750,0.750,0.700,0.700,0.700,0.680,0.680,0.680,0.700,0.700,0.700,521,2
0.700,0.700,0.700,0.650,0.650,0.650,0.700,0.700,0.700,0.710,0.710,0.710,832,2
0.700,0.700,0.700,0.650,0.650,0.650,0.700,0.700,0.700,0.680,0.680,0.680,169,1
0.700,0.700,0.700,0.750,0.750,0.750,0.700,0.700,0.700,0.750,0.750,0.750,594,2
0.650,0.650,0.650,0.700,0.700,0.700,0.720,0.720,0.720,0.700,0.700,0.700,74,1
0.700,0.700,0.700,0.700,0.700,0.700,0.700,0.700,0.700,0.750,0.750,0.750,286,2
0.650,0.650,0.650,0.700,0.700,0.700,0.720,0.720,0.720,0.700,0.700,0.700,635,1
0.700,0.700,0.700,0.700,0.700,0.700,0.700,0.700,0.700,0.700,0.700,0.700,248,2
0.700,0.700,0.700,0.650,0.650,0.650,0.700,0.700,0.700,0.730,0.730,0.730,801,2
0.700,0.700,0.700,0.700,0.700,0.700,0.700,0.700,0.700,0.740,0.740,0.740,846,2
0.700,0.700,0.700,0.700,0.700,0.700,0.700,0.700,0.700,0.750,0.750,0.750,979,2
0.650,0.650,0.650,0.700,0.700,0.700,0.750,0.750,0.750,0.700,0.700,0.700,605,1
0.700,0.700,0.700,0.650,0.650,0.650,0.700,0.700,0.700,0.670,0.670,0.670,135,1
0.700,0.700,0.700,0.650,0.650,0.650,0.700,0.700,0.700,0.750,0.750,0.750,44,2
0.700,0.700,0.700,0.650,0.650,0.650,0.700,0.700,0.700,0.730,0.730,0.730,603,2
0.700,0.700,0.700,0.750,0.750,0.750,0.700,0.700,0.700,0.740,0.740,0.740,923,2
0.750,0.750,0.750,0.700,0.700,0.700,0.710,0.710,0.710,0.700,0.700,0.700,656,1
0.700,0.700,0.700,0.700,0.700,0.700,0.700,0.700,0.700,0.710,0.710,0.710,216,2
0.700,0.700,0.700,0.700,0.700,0.700,0.710,0.710,0.710,0.700,0.700,0.700,612,1
0.700,0.700,0.700,0.750,0.750,0.750,0.700,0.700,0.700,0.690,0.690,0.690,555,1
0.750,0.750,0.750,0.700,0.700,0.700,0.730,0.730,0.730,0.700,0.700,0.700,625,1
0.700,0.700,0.700,0.700,0.700,0.700,0.700,0.700,0.700,0.680,0.680,0.680,477,1
0.700,0.700,0.700,0.700,0.700,0.700,0.700,0.700,0.700,0.650,0.650,0.650,441,1
0.700,0.700,0.700,0.650,0.650,0.650,0.700,0.700,0.700,0.720,0.720,0.720,305,2
0.650,0.650,0.650,0.700,0.700,0.700,0.690,0.690,0.690,0.700,0.700,0.700,38,2
0.700,0.700,0.700,0.650,0.650,0.650,0.700,0.700,0.700,0.680,0.680,0.680,565,1
0.750,0.750,0.750,0.700,0.700,0.700,0.730,0.730,0.730,0.700,0.700,0.700,592,1
0.750,0.750,0.750,0.700,0.700,0.700,0.740,0.740,0.740,0.700,0.700,0.700,857,1
0.750,0.750,0.750,0.700,0.700,0.700,0.710,0.710,0.710,0.700,0.700,0.700,326,1
0.650,0.650,0.650,0.700,0.700,0.700,0.750,0.750,0.750,0.700,0.700,0.700,671,1
0.650,0.650,0.650,0.700,0.700,0.700,0.740,0.740,0.740,0.700,0.700,0.700,802,1
0.700,0.700,0.700,0.700,0.700,0.700,0.700,0.700,0.700,0.680,0.680,0.680,15,1
0.700,0.700,0.700,0.650,0.650,0.650,0.700,0.700,0.700,0.710,0.710,0.710,634,2
0.700,0.700,0.700,0.750,0.750,0.750,0.700,0.700,0.700,0.750,0.750,0.750,66,2
0.700,0.700,0.700,0.750,0.750,0.750,0.700,0.700,0.700,0.740,0.740,0.740,527,2
0.700,0.700,0.700,0.650,0.650,0.650,0.700,0.700,0.700,0.690,0.690,0.690,599,1
0.700,0.700,0.700,0.750,0.750,0.750,0.700,0.700,0.700,0.700,0.700,0.700,226,2
0.700,0.700,0.700,0.700,0.700,0.700,0.650,0.650,0.650,0.700,0.700,0.700,672,2
0.700,0.700,0.700,0.750,0.750,0.750,0.700,0.700,0.700,0.650,0.650,0.650,683,1
0.700,0.700,0.700,0.700,0.700,0.700,0.700,0.700,0.700,0.670,0.670,0.670,575,1
0.700,0.700,0.700,0.700,0.700,0.700,0.710,0.710,0.710,0.700,0.700,0.700,810,1
0.700,0.700,0.700,0.750,0.750,0.750,0.700,0.700,0.700,0.650,0.650,0.650,650,1
0.650,0.650,0.650,0.700,0.700,0.700,0.650,0.650,0.650,0.700,0.700,0.700,694,2
0.700,0.700,0.700,0.750,0.750,0.750,0.700,0.700,0.700,0.690,0.690,0.690,951,1
0.700,0.700,0.700,0.750,0.750,0.750,0.700,0.700,0.700,0.670,0.670,0.670,223,1
0.750,0.750,0.750,0.700,0.700,0.700,0.680,0.680,0.680,0.700,0.700,0.700,323,2
0.700,0.700,0.700,0.650,0.650,0.650,0.700,0.700,0.700,0.720,0.720,0.720,140,2
0.700,0.700,0.700,0.650,0.650,0.650,0.700,0.700,0.700,0.750,0.750,0.750,638,2
0.700,0.700,0.700,0.700,0.700,0.700,0.650,0.650,0.650,0.700,0.700,0.700,738,2
0.700,0.700,0.700,0.700,0.700,0.700,0.700,0.700,0.700,0.740,0.740,0.740,87,2
0.700,0.700,0.700,0.700,0.700,0.700,0.700,0.700,0.700,0.700,0.700,0.700,413,1
0.650,0.650,0.650,0.700,0.700,0.700,0.710,0.710,0.710,0.700,0.700,0.700,898,1
0.700,0.700,0.700,0.750,0.750,0.750,0.700,0.700,0.700,0.670,0.670,0.670,586,1
0.700,0.700,0.700,0.700,0.700,0.700,0.710,0.710,0.710,0.700,0.700,0.700,51,1
0.750,0.750,0.750,0.700,0.700,0.700,0.710,0.710,0.710,0.700,0.700,0.700,953,1
0.650,0.650,0.650,0.700,0.700,0.700,0.740,0.740,0.740,0.700,0.700,0.700,109,1
0.700,0.700,0.700,0.650,0.650,0.650,0.700,0.700,0.700,0.670,0.670,0.670,300,1
0.700,0.700,0.700,0.700,0.700,0.700,0.660,0.660,0.660,0.700,0.700,0.700,772,2
0.700,0.700,0.700,0.700,0.700,0.700,0.700,0.700,0.700,0.710,0.710,0.710,18,2
0.700,0.700,0.700,0.700,0.700,0.700,0.700,0.700,0.700,0.750,0.750,0.750,385,2
0.700,0.700,0.700,0.650,0.650,0.650,0.700,0.700,0.700,0.740,0.740,0.740,175,2
0.700,0.700,0.700,0.650,0.650,0.650,0.700,0.700,0.700,0.720,0.720,0.720,404,2
0.700,0.700,0.700,0.650,0.650,0.650,0.700,0.700,0.700,0.710,0.710,0.710,667,2
0.750,0.750,0.750,0.700,0.700,0.700,0.710,0.710,0.710,0.700,0.700,0.700,425,1
0.650,0.650,0.650,0.700,0.700,0.700,0.650,0.650,0.650,0.700,0.700,0.700,826,2
0.700,0.700,0.700,0.650,0.650,0.650,0.700,0.700,0.700,0.720,0.720,0.720,734,2
0.750,0.750,0.750,0.700,0.700,0.700,0.730,0.730,0.730,0.700,0.700,0.700,262,1
0.700,0.700,0.700,0.700,0.700,0.700,0.700,0.700,0.700,0.670,0.670,0.670,146,1
0.750,0.750,0.750,0.700,0.700,0.700,0.700,0.700,0.700,0.700,0.700,0.700,919,1
0.700,0.700,0.700,0.700,0.700,0.700,0.700,0.700,0.700,0.690,0.690,0.690,610,1
0.700,0.700,0.700,0.700,0.700,0.700,0.700,0.700,0.700,0.650,0.650,0.650,474,1
0.700,0.700,0.700,0.700,0.700,0.700,0.740,0.740,0.740,0.700,0.700,0.700,648,1
0.700,0.700,0.700,0.700,0.700,0.700,0.720,0.720,0.720,0.700,0.700,0.700,85,1
0.700,0.700,0.700,0.750,0.750,0.750,0.700,0.700,0.700,0.720,0.720,0.720,63,2
0.700,0.700,0.700,0.700,0.700,0.700,0.700,0.700,0.700,0.670,0.670,0.670,839,1
0.700,0.700,0.700,0.700,0.700,0.700,0.700,0.700,0.700,0.650,0.650,0.650,606,1
0.750,0.750,0.750,0.700,0.700,0.700,0.720,0.720,0.720,0.700,0.700,0.700,756,1
0.700,0.700,0.700,0.750,0.750,0.750,0.700,0.700,0.700,0.650,0.650,0.650,188,1
0.700,0.700,0.700,0.700,0.700,0.700,0.700,0.700,0.700,0.710,0.710,0.710,84,2
0.700,0.700,0.700,0.750,0.750,0.750,0.700,0.700,0.700,0.750,0.750,0.750,99,2
0.700,0.700,0.700,0.700,0.700,0.700,0.700,0.700,0.700,0.670,0.670,0.670,113,1
0.650,0.650,0.650,0.700,0.700,0.700,0.740,0.740,0.740,0.700,0.700,0.700,934,1
0.700,0.700,0.700,0.700,0.700,0.700,0.690,0.690,0.690,0.700,0.700,0.700,49,2
0.650,0.650,0.650,0.700,0.700,0.700,0.650,0.650,0.650,0.700,0.700,0.700,562,2
0.700,0.700,0.700,0.700,0.700,0.700,0.700,0.700,0.700,0.730,0.730,0.730,20,2
0.700,0.700,0.700,0.700,0.700,0.700,0.700,0.700,0.700,0.670,0.670,0.670,971,1
0.750,0.750,0.750,0.700,0.700,0.700,0.670,0.670,0.670,0.700,0.700,0.700,916,2
0.700,0.700,0.700,0.700,0.700,0.700,0.690,0.690,0.690,0.700,0.700,0.700,940,2
0.750,0.750,0.750,0.700,0.700,0.700,0.750,0.750,0.750,0.700,0.700,0.700,957,1
0.650,0.650,0.650,0.700,0.700,0.700,0.690,0.690,0.690,0.700,0.700,0.700,566,2
0.650,0.650,0.650,0.700,0.700,0.700,0.700,0.700,0.700,0.700,0.700,0.700,699,1
0.700,0.700,0.700,0.750,0.750,0.750,0.700,0.700,0.700,0.720,0.720,0.720,624,2
0.750,0.750,0.750,0.700,0.700,0.700,0.660,0.660,0.660,0.700,0.700,0.700,981,2
0.700,0.700,0.700,0.700,0.700,0.700,0.700,0.700,0.700,0.710,0.710,0.710,645,2
0.700,0.700,0.700,0.750,0.750,0.750,0.700,0.700,0.700,0.740,0.740,0.740,362,2
0.650,0.650,0.650,0.700,0.700,0.700,0.670,0.670,0.670,0.700,0.700,0.700,663,2
0.700,0.700,0.700,0.700,0.700,0.700,0.700,0.700,0.700,0.670,0.670,0.670,212,1
0.700,0.700,0.700,0.750,0.750,0.750,0.700,0.700,0.700,0.730,0.730,0.730,856,2
0.700,0.700,0.700,0.750,0.750,0.750,0.700,0.700,0.700,0.710,0.710,0.710,689,2
0.750,0.750,0.750,0.700,0.700,0.700,0.690,0.690,0.690,0.700,0.700,0.700,192,2
0.700,0.700,0.700,0.700,0.700,0.700,0.670,0.670,0.670,0.700,0.700,0.700,311,2
0.700,0.700,0.700,0.700,0.700,0.700,0.700,0.700,0.700,0.680,0.680,0.680,147,1
0.650,0.650,0.650,0.700,0.700,0.700,0.740,0.740,0.740,0.700,0.700,0.700,439,1
0.750,0.750,0.750,0.700,0.700,0.700,0.720,0.720,0.720,0.700,0.700,0.700,96,1
0.700,0.700,0.700,0.700,0.700,0.700,0.700,0.700,0.700,0.660,0.660,0.660,541,1
0.700,0.700,0.700,0.700,0.700,0.700,0.740,0.740,0.740,0.700,0.700,0.700,153,1
0.750,0.750,0.750,0.700,0.700,0.700,0.650,0.650,0.650,0.700,0.700,0.700,881,2
0.700,0.700,0.700,0.650,0.650,0.650,0.700,0.700,0.700,0.670,0.670,0.670,927,1
0.750,0.750,0.750,0.700,0.700,0.700,0.690,0.690,0.690,0.700,0.700,0.700,225,2
0.650,0.650,0.650,0.700,0.700,0.700,0.730,0.730,0.730,0.700,0.700,0.700,438,1
0.650,0.650,0.650,0.700,0.700,0.700,0.730,0.730,0.730,0.700,0.700,0.700,372,1
0.700,0.700,0.700,0.650,0.650,0.650,0.700,0.700,0.700,0.670,0.670,0.670,498,1
0.650,0.650,0.650,0.700,0.700,0.700,0.710,0.710,0.710,0.700,0.700,0.700,436,1
0.650,0.650,0.650,0.700,0.700,0.700,0.750,0.750,0.750,0.700,0.700,0.700,968,1
0.650,0.650,0.650,0.700,0.700,0.700,0.670,0.670,0.670,0.700,0.700,0.700,597,2
0.700,0.700,0.700,0.700,0.700,0.700,0.730,0.730,0.730,0.700,0.700,0.700,284,1
0.700,0.700,0.700,0.700,0.700,0.700,0.700,0.700,0.700,0.750,0.750,0.750,352,2
0.700,0.700,0.700,0.700,0.700,0.700,0.700,0.700,0.700,0.680,0.680,0.680,180,1
0.650,0.650,0.650,0.700,0.700,0.700,0.670,0.670,0.670,0.700,0.700,0.700,795,2
0.700,0.700,0.700,0.700,0.700,0.700,0.700,0.700,0.700,0.710,0.710,0.710,249,2
0.700,0.700,0.700,0.650,0.650,0.650,0.700,0.700,0.700,0.660,0.660,0.660,893,1
0.700,0.700,0.700,0.700,0.700,0.700,0.700,0.700,0.700,0.720,0.720,0.720,349,2
0.750,0.750,0.750,0.700,0.700,0.700,0.710,0.710,0.710,0.700,0.700,0.700,62,1
0.750,0.750,0.750,0.700,0.700,0.700,0.680,0.680,0.680,0.700,0.700,0.700,290,2
0.650,0.650,0.650,0.700,0.700,0.700,0.730,0.730,0.730,0.700,0.700,0.700,735,1
0.700,0.700,0.700,0.650,0.650,0.650,0.700,0.700,0.700,0.690,0.690,0.690,500,1
0.700,0.700,0.700,0.750,0.750,0.750,0.700,0.700,0.700,0.670,0.670,0.670,256,1
0.700,0.700,0.700,0.650,0.650,0.650,0.700,0.700,0.700,0.660,0.660,0.660,299,1
0.700,0.700,0.700,0.750,0.750,0.750,0.700,0.700,0.700,0.660,0.660,0.660,519,1
0.700,0.700,0.700,0.700,0.700,0.700,0.680,0.680,0.680,0.700,0.700,0.700,345,2
0.700,0.700,0.700,0.700,0.700,0.700,0.700,0.700,0.700,0.750,0.750,0.750,913,2
0.700,0.700,0.700,0.700,0.700,0.700,0.700,0.700,0.700,0.660,0.660,0.660,277,1
0.650,0.650,0.650,0.700,0.700,0.700,0.720,0.720,0.720,0.700,0.700,0.700,668,1
0.750,0.750,0.750,0.700,0.700,0.700,0.660,0.660,0.660,0.700,0.700,0.700,255,2
0.700,0.700,0.700,0.700,0.700,0.700,0.670,0.670,0.670,0.700,0.700,0.700,707,2
0.700,0.700,0.700,0.750,0.750,0.750,0.700,0.700,0.700,0.710,0.710,0.710,359,2
0.700,0.700,0.700,0.700,0.700,0.700,0.700,0.700,0.700,0.730,0.730,0.730,779,2
0.650,0.650,0.650,0.700,0.700,0.700,0.690,0.690,0.690,0.700,0.700,0.700,71,2
0.650,0.650,0.650,0.700,0.700,0.700,0.710,0.710,0.710,0.700,0.700,0.700,7,1
0.650,0.650,0.650,0.700,0.700,0.700,0.690,0.690,0.690,0.700,0.700,0.700,368,2
0.700,0.700,0.700,0.650,0.650,0.650,0.700,0.700,0.700,0.750,0.750,0.750,704,2
0.700,0.700,0.700,0.700,0.700,0.700,0.700,0.700,0.700,0.730,0.730,0.730,944,2
0.700,0.700,0.700,0.650,0.650,0.650,0.700,0.700,0.700,0.700,0.700,0.700,72,2
0.700,0.700,0.700,0.700,0.700,0.700,0.720,0.720,0.720,0.700,0.700,0.700,382,1
0.750,0.750,0.750,0.700,0.700,0.700,0.740,0.740,0.740,0.700,0.700,0.700,824,1
0.700,0.700,0.700,0.750,0.750,0.750,0.700,0.700,0.700,0.670,0.670,0.670,421,1
0.650,0.650,0.650,0.700,0.700,0.700,0.680,0.680,0.680,0.700,0.700,0.700,37,2
0.700,0.700,0.700,0.650,0.650,0.650,0.700,0.700,0.700,0.700,0.700,0.700,567,2
0.700,0.700,0.700,0.700,0.700,0.700,0.700,0.700,0.700,0.740,0.740,0.740,318,2
0.700,0.700,0.700,0.700,0.700,0.700,0.690,0.690,0.690,0.700,0.700,0.700,676,2
0.700,0.700,0.700,0.650,0.650,0.650,0.700,0.700,0.700,0.710,0.710,0.710,865,2
0.700,0.700,0.700,0.700,0.700,0.700,0.750,0.750,0.750,0.700,0.700,0.700,22,1
0.700,0.700,0.700,0.750,0.750,0.750,0.700,0.700,0.700,0.740,0.740,0.740,428,2
0.700,0.700,0.700,0.700,0.700,0.700,0.700,0.700,0.700,0.750,0.750,0.750,583,2
0.700,0.700,0.700,0.700,0.700,0.700,0.700,0.700,0.700,0.660,0.660,0.660,640,1
0.650,0.650,0.650,0.700,0.700,0.700,0.730,0.730,0.730,0.700,0.700,0.700,933,1
0.650,0.650,0.650,0.700,0.700,0.700,0.700,0.700,0.700,0.700,0.700,0.700,270,1
0.700,0.700,0.700,0.650,0.650,0.650,0.700,0.700,0.700,0.720,0.720,0.720,701,2
0.700,0.700,0.700,0.750,0.750,0.750,0.700,0.700,0.700,0.650,0.650,0.650,320,1
0.700,0.700,0.700,0.700,0.700,0.700,0.740,0.740,0.740,0.700,0.700,0.700,945,1
0.700,0.700,0.700,0.650,0.650,0.650,0.700,0.700,0.700,0.710,0.710,0.710,205,2
0.650,0.650,0.650,0.700,0.700,0.700,0.650,0.650,0.650,0.700,0.700,0.700,34,2
0.700,0.700,0.700,0.750,0.750,0.750,0.700,0.700,0.700,0.720,0.720,0.720,690,2
0.700,0.700,0.700,0.700,0.700,0.700,0.720,0.720,0.720,0.700,0.700,0.700,415,1
0.700,0.700,0.700,0.700,0.700,0.700,0.750,0.750,0.750,0.700,0.700,0.700,847,1
0.750,0.750,0.750,0.700,0.700,0.700,0.700,0.700,0.700,0.700,0.700,0.700,127,1
0.700,0.700,0.700,0.700,0.700,0.700,0.700,0.700,0.700,0.650,0.650,0.650,177,1
0.650,0.650,0.650,0.700,0.700,0.700,0.720,0.720,0.720,0.700,0.700,0.700,569,1
0.700,0.700,0.700,0.750,0.750,0.750,0.700,0.700,0.700,0.680,0.680,0.680,983,1
0.700,0.700,0.700,0.650,0.650,0.650,0.700,0.700,0.700,0.710,0.710,0.710,964,2
0.700,0.700,0.700,0.700,0.700,0.700,0.700,0.700,0.700,0.710,0.710,0.710,975,2
0.750,0.750,0.750,0.700,0.700,0.700,0.730,0.730,0.730,0.700,0.700,0.700,691,1
0.700,0.700,0.700,0.750,0.750,0.750,0.700,0.700,0.700,0.680,0.680,0.680,92,1
0.700,0.700,0.700,0.700,0.700,0.700,0.680,0.680,0.680,0.700,0.700,0.700,312,2
0.700,0.700,0.700,0.750,0.750,0.750,0.700,0.700,0.700,0.690,0.690,0.690,159,1
0.650,0.650,0.650,0.700,0.700,0.700,0.720,0.720,0.720,0.700,0.700,0.700,206,1
0.700,0.700,0.700,0.700,0.700,0.700,0.700,0.700,0.700,0.660,0.660,0.660,310,1
0.700,0.700,0.700,0.750,0.750,0.750,0.700,0.700,0.700,0.680,0.680,0.680,851,1
0.700,0.700,0.700,0.700,0.700,0.700,0.730,0.730,0.730,0.700,0.700,0.700,647,1
0.700,0.700,0.700,0.700,0.700,0.700,0.720,0.720,0.720,0.700,0.700,0.700,514,1
0.700,0.700,0.700,0.700,0.700,0.700,0.700,0.700,0.700,0.700,0.700,0.700,842,1
0.700,0.700,0.700,0.750,0.750,0.750,0.700,0.700,0.700,0.740,0.740,0.740,989,2
0.700,0.700,0.700,0.700,0.700,0.700,0.700,0.700,0.700,0.740,0.740,0.740,54,2
0.700,0.700,0.700,0.700,0.700,0.700,0.700,0.700,0.700,0.730,0.730,0.730,581,2
0.700,0.700,0.700,0.700,0.700,0.700,0.700,0.700,0.700,0.710,0.710,0.710,744,2
0.700,0.700,0.700,0.650,0.650,0.650,0.700,0.700,0.700,0.650,0.650,0.650,100,1
0.700,0.700,0.700,0.700,0.700,0.700,0.700,0.700,0.700,0.660,0.660,0.660,871,1
0.700,0.700,0.700,0.750,0.750,0.750,0.700,0.700,0.700,0.670,0.670,0.670,883,1
0.700,0.700,0.700,0.650,0.650,0.650,0.700,0.700,0.700,0.730,0.730,0.730,9,2
0.700,0.700,0.700,0.750,0.750,0.750,0.700,0.700,0.700,0.750,0.750,0.750,759,2
0.700,0.700,0.700,0.750,0.750,0.750,0.700,0.700,0.700,0.690,0.690,0.690,753,1
0.750,0.750,0.750,0.700,0.700,0.700,0.730,0.730,0.730,0.700,0.700,0.700,922,1
0.700,0.700,0.700,0.700,0.700,0.700,0.730,0.730,0.730,0.700,0.700,0.700,251,1
0.700,0.700,0.700,0.750,0.750,0.750,0.700,0.700,0.700,0.650,0.650,0.650,518,1
0.650,0.650,0.650,0.700,0.700,0.700,0.720,0.720,0.720,0.700,0.700,0.700,833,1
0.700,0.700,0.700,0.750,0.750,0.750,0.700,0.700,0.700,0.680,0.680,0.680,422,1
0.700,0.700,0.700,0.750,0.750,0.750,0.700,0.700,0.700,0.710,0.710,0.710,161,2
0.700,0.700,0.700,0.650,0.650,0.650,0.700,0.700,0.700,0.690,0.690,0.690,731,1
0.700,0.700,0.700,0.650,0.650,0.650,0.700,0.700,0.700,0.690,0.690,0.690,863,1
0.700,0.700,0.700,0.650,0.650,0.650,0.700,0.700,0.700,0.690,0.690,0.690,962,1
0.700,0.700,0.700,0.750,0.750,0.750,0.700,0.700,0.700,0.670,0.670,0.670,520,1
0.750,0.750,0.750,0.700,0.700,0.700,0.750,0.750,0.750,0.700,0.700,0.700,990,1
0.700,0.700,0.700,0.700,0.700,0.700,0.700,0.700,0.700,0.700,0.700,0.700,710,1
0.750,0.750,0.750,0.700,0.700,0.700,0.680,0.680,0.680,0.700,0.700,0.700,653,2
0.750,0.750,0.750,0.700,0.700,0.700,0.750,0.750,0.750,0.700,0.700,0.700,924,1
0.700,0.700,0.700,0.750,0.750,0.750,0.700,0.700,0.700,0.730,0.730,0.730,196,2
0.650,0.650,0.650,0.700,0.700,0.700,0.730,0.730,0.730,0.700,0.700,0.700,339,1
0.700,0.700,0.700,0.700,0.700,0.700,0.700,0.700,0.700,0.720,0.720,0.720,118,2
0.650,0.650,0.650,0.700,0.700,0.700,0.670,0.670,0.670,0.700,0.700,0.700,36,2
0.650,0.650,0.650,0.700,0.700,0.700,0.680,0.680,0.680,0.700,0.700,0.700,763,2
0.700,0.700,0.700,0.750,0.750,0.750,0.700,0.700,0.700,0.690,0.690,0.690,423,1
0.650,0.650,0.650,0.700,0.700,0.700,0.700,0.700,0.700,0.700,0.700,0.700,633,1
0.700,0.700,0.700,0.700,0.700,0.700,0.670,0.670,0.670,0.700,0.700,0.700,773,2
0.750,0.750,0.750,0.700,0.700,0.700,0.670,0.670,0.670,0.700,0.700,0.700,817,2
0.750,0.750,0.750,0.700,0.700,0.700,0.750,0.750,0.750,0.700,0.700,0.700,660,1
0.700,0.700,0.700,0.700,0.700,0.700,0.700,0.700,0.700,0.680,0.680,0.680,972,1
0.750,0.750,0.750,0.700,0.700,0.700,0.750,0.750,0.750,0.700,0.700,0.700,792,1
0.700,0.700,0.700,0.750,0.750,0.750,0.700,0.700,0.700,0.660,0.660,0.660,618,1
0.750,0.750,0.750,0.700,0.700,0.700,0.740,0.740,0.740,0.700,0.700,0.700,164,1
0.700,0.700,0.700,0.700,0.700,0.700,0.700,0.700,0.700,0.680,0.680,0.680,873,1
0.700,0.700,0.700,0.650,0.650,0.650,0.700,0.700,0.700,0.660,0.660,0.660,167,1
0.750,0.750,0.750,0.700,0.700,0.700,0.670,0.670,0.670,0.700,0.700,0.700,91,2
0.650,0.650,0.650,0.700,0.700,0.700,0.710,0.710,0.710,0.700,0.700,0.700,238,1
0.700,0.700,0.700,0.700,0.700,0.700,0.700,0.700,0.700,0.720,0.720,0.720,844,2
0.700,0.700,0.700,0.750,0.750,0.750,0.700,0.700,0.700,0.680,0.680,0.680,917,1
0.700,0.700,0.700,0.750,0.750,0.750,0.700,0.700,0.700,0.700,0.700,0.700,688,2
0.700,0.700,0.700,0.700,0.700,0.700,0.700,0.700,0.700,0.690,0.690,0.690,511,1
0.700,0.700,0.700,0.700,0.700,0.700,0.700,0.700,0.700,0.680,0.680,0.680,510,1
0.700,0.700,0.700,0.700,0.700,0.700,0.720,0.720,0.720,0.700,0.700,0.700,976,1
0.700,0.700,0.700,0.700,0.700,0.700,0.690,0.690,0.690,0.700,0.700,0.700,181,2
0.750,0.750,0.750,0.700,0.700,0.700,0.680,0.680,0.680,0.700,0.700,0.700,620,2
0.700,0.700,0.700,0.700,0.700,0.700,0.700,0.700,0.700,0.730,0.730,0.730,911,2
0.650,0.650,0.650,0.700,0.700,0.700,0.670,0.670,0.670,0.700,0.700,0.700,894,2
0.650,0.650,0.650,0.700,0.700,0.700,0.660,0.660,0.660,0.700,0.700,0.700,629,2
0.650,0.650,0.650,0.700,0.700,0.700,0.650,0.650,0.650,0.700,0.700,0.700,397,2
0.700,0.700,0.700,0.750,0.750,0.750,0.700,0.700,0.700,0.680,0.680,0.680,950,1
0.700,0.700,0.700,0.700,0.700,0.700,0.700,0.700,0.700,0.710,0.710,0.710,447,2
0.700,0.700,0.700,0.750,0.750,0.750,0.700,0.700,0.700,0.680,0.680,0.680,818,1
0.750,0.750,0.750,0.700,0.700,0.700,0.700,0.700,0.700,0.700,0.700,0.700,61,1
0.700,0.700,0.700,0.700,0.700,0.700,0.700,0.700,0.700,0.730,0.730,0.730,746,2
0.750,0.750,0.750,0.700,0.700,0.700,0.720,0.720,0.720,0.700,0.700,0.700,723,1
0.700,0.700,0.700,0.700,0.700,0.700,0.700,0.700,0.700,0.700,0.700,0.700,578,1
0.700,0.700,0.700,0.700,0.700,0.700,0.750,0.750,0.750,0.700,0.700,0.700,121,1
0.750,0.750,0.750,0.700,0.700,0.700,0.650,0.650,0.650,0.700,0.700,0.700,386,2
0.700,0.700,0.700,0.750,0.750,0.750,0.700,0.700,0.700,0.660,0.660,0.660,783,1
0.700,0.700,0.700,0.650,0.650,0.650,0.700,0.700,0.700,0.740,0.740,0.740,472,2
0.700,0.700,0.700,0.700,0.700,0.700,0.740,0.740,0.740,0.700,0.700,0.700,417,1
0.700,0.700,0.700,0.650,0.650,0.650,0.700,0.700,0.700,0.680,0.680,0.680,400,1
0.700,0.700,0.700,0.700,0.700,0.700,0.700,0.700,0.700,0.740,0.740,0.740,582,2
0.750,0.750,0.750,0.700,0.700,0.700,0.700,0.700,0.700,0.700,0.700,0.700,490,1
0.650,0.650,0.650,0.700,0.700,0.700,0.680,0.680,0.680,0.700,0.700,0.700,4,2
0.750,0.750,0.750,0.700,0.700,0.700,0.690,0.690,0.690,0.700,0.700,0.700,357,2
0.700,0.700,0.700,0.750,0.750,0.750,0.700,0.700,0.700,0.660,0.660,0.660,552,1
0.700,0.700,0.700,0.650,0.650,0.650,0.700,0.700,0.700,0.660,0.660,0.660,398,1
0.700,0.700,0.700,0.700,0.700,0.700,0.700,0.700,0.700,0.730,0.730,0.730,713,2
0.700,0.700,0.700,0.700,0.700,0.700,0.700,0.700,0.700,0.680,0.680,0.680,378,1
0.750,0.750,0.750,0.700,0.700,0.700,0.690,0.690,0.690,0.700,0.700,0.700,654,2
0.700,0.700,0.700,0.750,0.750,0.750,0.700,0.700,0.700,0.660,0.660,0.660,948,1
0.700,0.700,0.700,0.650,0.650,0.650,0.700,0.700,0.700,0.750,0.750,0.750,209,2
0.650,0.650,0.650,0.700,0.700,0.700,0.720,0.720,0.720,0.700,0.700,0.700,173,1
0.700,0.700,0.700,0.650,0.650,0.650,0.700,0.700,0.700,0.730,0.730,0.730,900,2
0.650,0.650,0.650,0.700,0.700,0.700,0.720,0.720,0.720,0.700,0.700,0.700,107,1
0.700,0.700,0.700,0.700,0.700,0.700,0.680,0.680,0.680,0.700,0.700,0.700,114,2
0.750,0.750,0.750,0.700,0.700,0.700,0.650,0.650,0.650,0.700,0.700,0.700,122,2
0.700,0.700,0.700,0.750,0.750,0.750,0.700,0.700,0.700,0.750,0.750,0.750,297,2
0.700,0.700,0.700,0.700,0.700,0.700,0.700,0.700,0.700,0.650,0.650,0.650,507,1
0.700,0.700,0.700,0.700,0.700,0.700,0.700,0.700,0.700,0.660,0.660,0.660,13,1
0.700,0.700,0.700,0.650,0.650,0.650,0.700,0.700,0.700,0.660,0.660,0.660,431,1
0.700,0.700,0.700,0.700,0.700,0.700,0.660,0.660,0.660,0.700,0.700,0.700,475,2
0.700,0.700,0.700,0.750,0.750,0.750,0.700,0.700,0.700,0.710,0.710,0.710,821,2
0.700,0.700,0.700,0.700,0.700,0.700,0.700,0.700,0.700,0.730,0.730,0.730,548,2
0.650,0.650,0.650,0.700,0.700,0.700,0.660,0.660,0.660,0.700,0.700,0.700,761,2
0.750,0.750,0.750,0.700,0.700,0.700,0.660,0.660,0.660,0.700,0.700,0.700,420,2
0.750,0.750,0.750,0.700,0.700,0.700,0.700,0.700,0.700,0.700,0.700,0.700,28,1
0.700,0.700,0.700,0.750,0.750,0.750,0.700,0.700,0.700,0.740,0.740,0.740,131,2
0.700,0.700,0.700,0.700,0.700,0.700,0.720,0.720,0.720,0.700,0.700,0.700,283,1
0.650,0.650,0.650,0.700,0.700,0.700,0.710,0.710,0.710,0.700,0.700,0.700,799,1
0.650,0.650,0.650,0.700,0.700,0.700,0.720,0.720,0.720,0.700,0.700,0.700,932,1
0.700,0.700,0.700,0.650,0.650,0.650,0.700,0.700,0.700,0.710,0.710,0.710,733,2
0.700,0.700,0.700,0.650,0.650,0.650,0.700,0.700,0.700,0.660,0.660,0.660,695,1
0.650,0.650,0.650,0.700,0.700,0.700,0.700,0.700,0.700,0.700,0.700,0.700,501,1
0.700,0.700,0.700,0.750,0.750,0.750,0.700,0.700,0.700,0.730,0.730,0.730,460,2
0.650,0.650,0.650,0.700,0.700,0.700,0.660,0.660,0.660,0.700,0.700,0.700,266,2
0.700,0.700,0.700,0.700,0.700,0.700,0.700,0.700,0.700,0.740,0.740,0.740,681,2
0.750,0.750,0.750,0.700,0.700,0.700,0.720,0.720,0.720,0.700,0.700,0.700,459,1
0.700,0.700,0.700,0.700,0.700,0.700,0.690,0.690,0.690,0.700,0.700,0.700,346,2
0.750,0.750,0.750,0.700,0.700,0.700,0.650,0.650,0.650,0.700,0.700,0.700,782,2
0.650,0.650,0.650,0.700,0.700,0.700,0.730,0.730,0.730,0.700,0.700,0.700,273,1
0.700,0.700,0.700,0.750,0.750,0.750,0.700,0.700,0.700,0.650,0.650,0.650,419,1
0.700,0.700,0.700,0.750,0.750,0.750,0.700,0.700,0.700,0.740,0.740,0.740,692,2
0.650,0.650,0.650,0.700,0.700,0.700,0.750,0.750,0.750,0.700,0.700,0.700,77,1
0.700,0.700,0.700,0.700,0.700,0.700,0.700,0.700,0.700,0.710,0.710,0.710,546,2
0.750,0.750,0.750,0.700,0.700,0.700,0.730,0.730,0.730,0.700,0.700,0.700,427,1
0.700,0.700,0.700,0.650,0.650,0.650,0.700,0.700,0.700,0.720,0.720,0.720,767,2
0.650,0.650,0.650,0.700,0.700,0.700,0.650,0.650,0.650,0.700,0.700,0.700,892,2
0.750,0.750,0.750,0.700,0.700,0.700,0.660,0.660,0.660,0.700,0.700,0.700,288,2
0.650,0.650,0.650,0.700,0.700,0.700,0.700,0.700,0.700,0.700,0.700,0.700,369,1
0.700,0.700,0.700,0.700,0.700,0.700,0.700,0.700,0.700,0.740,0.740,0.740,714,2
0.700,0.700,0.700,0.700,0.700,0.700,0.700,0.700,0.700,0.730,0.730,0.730,812,2
0.700,0.700,0.700,0.700,0.700,0.700,0.700,0.700,0.700,0.710,0.710,0.710,315,2
0.700,0.700,0.700,0.750,0.750,0.750,0.700,0.700,0.700,0.650,0.650,0.650,947,1
0.700,0.700,0.700,0.700,0.700,0.700,0.700,0.700,0.700,0.680,0.680,0.680,741,1
0.700,0.700,0.700,0.650,0.650,0.650,0.700,0.700,0.700,0.680,0.680,0.680,631,1
0.700,0.700,0.700,0.650,0.650,0.650,0.700,0.700,0.700,0.750,0.750,0.750,935,2
0.700,0.700,0.700,0.650,0.650,0.650,0.700,0.700,0.700,0.680,0.680,0.680,928,1
0.700,0.700,0.700,0.650,0.650,0.650,0.700,0.700,0.700,0.680,0.680,0.680,697,1
0.650,0.650,0.650,0.700,0.700,0.700,0.730,0.730,0.730,0.700,0.700,0.700,636,1
0.700,0.700,0.700,0.700,0.700,0.700,0.740,0.740,0.740,0.700,0.700,0.700,186,1
0.750,0.750,0.750,0.700,0.700,0.700,0.740,0.740,0.740,0.700,0.700,0.700,32,1
0.700,0.700,0.700,0.700,0.700,0.700,0.700,0.700,0.700,0.750,0.750,0.750,946,2
0.700,0.700,0.700,0.650,0.650,0.650,0.700,0.700,0.700,0.740,0.740,0.740,208,2
0.700,0.700,0.700,0.750,0.750,0.750,0.700,0.700,0.700,0.660,0.660,0.660,57,1
0.650,0.650,0.650,0.700,0.700,0.700,0.730,0.730,0.730,0.700,0.700,0.700,867,1
0.700,0.700,0.700,0.750,0.750,0.750,0.700,0.700,0.700,0.740,0.740,0.740,230,2
0.700,0.700,0.700,0.700,0.700,0.700,0.700,0.700,0.700,0.700,0.700,0.700,347,1
0.700,0.700,0.700,0.700,0.700,0.700,0.700,0.700,0.700,0.700,0.700,0.700,776,1
0.750,0.750,0.750,0.700,0.700,0.700,0.660,0.660,0.660,0.700,0.700,0.700,915,2
0.700,0.700,0.700,0.650,0.650,0.650,0.700,0.700,0.700,0.650,0.650,0.650,232,1
0.700,0.700,0.700,0.700,0.700,0.700,0.700,0.700,0.700,0.650,0.650,0.650,45,1
0.700,0.700,0.700,0.650,0.650,0.650,0.700,0.700,0.700,0.660,0.660,0.660,200,1
0.750,0.750,0.750,0.700,0.700,0.700,0.670,0.670,0.670,0.700,0.700,0.700,124,2
0.700,0.700,0.700,0.650,0.650,0.650,0.700,0.700,0.700,0.660,0.660,0.660,596,1
0.700,0.700,0.700,0.700,0.700,0.700,0.700,0.700,0.700,0.710,0.710,0.710,513,2
0.700,0.700,0.700,0.650,0.650,0.650,0.700,0.700,0.700,0.690,0.690,0.690,467,1
0.700,0.700,0.700,0.750,0.750,0.750,0.700,0.700,0.700,0.720,0.720,0.720,360,2
0.700,0.700,0.700,0.750,0.750,0.750,0.700,0.700,0.700,0.650,0.650,0.650,452,1
0.700,0.700,0.700,0.750,0.750,0.750,0.700,0.700,0.700,0.660,0.660,0.660,24,1
0.700,0.700,0.700,0.700,0.700,0.700,0.690,0.690,0.690,0.700,0.700,0.700,577,2
0.700,0.700,0.700,0.650,0.650,0.650,0.700,0.700,0.700,0.730,0.730,0.730,207,2
0.700,0.700,0.700,0.750,0.750,0.750,0.700,0.700,0.700,0.710,0.710,0.710,194,2
0.750,0.750,0.750,0.700,0.700,0.700,0.650,0.650,0.650,0.700,0.700,0.700,221,2
0.650,0.650,0.650,0.700,0.700,0.700,0.680,0.680,0.680,0.700,0.700,0.700,136,2
0.700,0.700,0.700,0.700,0.700,0.700,0.700,0.700,0.700,0.720,0.720,0.720,580,2
0.700,0.700,0.700,0.700,0.700,0.700,0.700,0.700,0.700,0.710,0.710,0.710,579,2
0.700,0.700,0.700,0.650,0.650,0.650,0.700,0.700,0.700,0.730,0.730,0.730,240,2
0.700,0.700,0.700,0.700,0.700,0.700,0.700,0.700,0.700,0.650,0.650,0.650,210,1
0.700,0.700,0.700,0.700,0.700,0.700,0.690,0.690,0.690,0.700,0.700,0.700,115,2
0.750,0.750,0.750,0.700,0.700,0.700,0.680,0.680,0.680,0.700,0.700,0.700,389,2
0.750,0.750,0.750,0.700,0.700,0.700,0.680,0.680,0.680,0.700,0.700,0.700,455,2
0.700,0.700,0.700,0.750,0.750,0.750,0.700,0.700,0.700,0.740,0.740,0.740,956,2
0.750,0.750,0.750,0.700,0.700,0.700,0.690,0.690,0.690,0.700,0.700,0.700,852,2
0.650,0.650,0.650,0.700,0.700,0.700,0.680,0.680,0.680,0.700,0.700,0.700,367,2
0.700,0.700,0.700,0.750,0.750,0.750,0.700,0.700,0.700,0.750,0.750,0.750,528,2
0.700,0.700,0.700,0.700,0.700,0.700,0.700,0.700,0.700,0.700,0.700,0.700,677,1
0.700,0.700,0.700,0.700,0.700,0.700,0.710,0.710,0.710,0.700,0.700,0.700,282,1
0.750,0.750,0.750,0.700,0.700,0.700,0.710,0.710,0.710,0.700,0.700,0.700,128,1
0.700,0.700,0.700,0.650,0.650,0.650,0.700,0.700,0.700,0.700,0.700,0.700,237,2
0.650,0.650,0.650,0.700,0.700,0.700,0.750,0.750,0.750,0.700,0.700,0.700,11,1
0.650,0.650,0.650,0.700,0.700,0.700,0.700,0.700,0.700,0.700,0.700,0.700,171,1
0.700,0.700,0.700,0.700,0.700,0.700,0.730,0.730,0.730,0.700,0.700,0.700,977,1
0.750,0.750,0.750,0.700,0.700,0.700,0.710,0.710,0.710,0.700,0.700,0.700,524,1
0.700,0.700,0.700,0.650,0.650,0.650,0.700,0.700,0.700,0.660,0.660,0.660,101,1
0.700,0.700,0.700,0.750,0.750,0.750,0.700,0.700,0.700,0.720,0.720,0.720,162,2
0.700,0.700,0.700,0.650,0.650,0.650,0.700,0.700,0.700,0.680,0.680,0.680,862,1
0.700,0.700,0.700,0.700,0.700,0.700,0.650,0.650,0.650,0.700,0.700,0.700,408,2
0.750,0.750,0.750,0.700,0.700,0.700,0.740,0.740,0.740,0.700,0.700,0.700,98,1
0.700,0.700,0.700,0.700,0.700,0.700,0.720,0.720,0.720,0.700,0.700,0.700,481,1
0.750,0.750,0.750,0.700,0.700,0.700,0.690,0.690,0.690,0.700,0.700,0.700,60,2
0.700,0.700,0.700,0.700,0.700,0.700,0.660,0.660,0.660,0.700,0.700,0.700,739,2
0.700,0.700,0.700,0.700,0.700,0.700,0.680,0.680,0.680,0.700,0.700,0.700,213,2
0.750,0.750,0.750,0.700,0.700,0.700,0.740,0.740,0.740,0.700,0.700,0.700,65,1
0.750,0.750,0.750,0.700,0.700,0.700,0.710,0.710,0.710,0.700,0.700,0.700,29,1
0.700,0.700,0.700,0.650,0.650,0.650,0.700,0.700,0.700,0.650,0.650,0.650,133,1
0.700,0.700,0.700,0.700,0.700,0.700,0.700,0.700,0.700,0.670,0.670,0.670,179,1
0.700,0.700,0.700,0.700,0.700,0.700,0.700,0.700,0.700,0.710,0.710,0.710,348,2
0.750,0.750,0.750,0.700,0.700,0.700,0.730,0.730,0.730,0.700,0.700,0.700,295,1
0.700,0.700,0.700,0.700,0.700,0.700,0.690,0.690,0.690,0.700,0.700,0.700,808,2
0.700,0.700,0.700,0.650,0.650,0.650,0.700,0.700,0.700,0.730,0.730,0.730,42,2
0.750,0.750,0.750,0.700,0.700,0.700,0.730,0.730,0.730,0.700,0.700,0.700,889,1
0.750,0.750,0.750,0.700,0.700,0.700,0.700,0.700,0.700,0.700,0.700,0.700,94,1
0.700,0.700,0.700,0.700,0.700,0.700,0.700,0.700,0.700,0.740,0.740,0.740,21,2
0.700,0.700,0.700,0.700,0.700,0.700,0.700,0.700,0.700,0.700,0.700,0.700,644,2
0.700,0.700,0.700,0.750,0.750,0.750,0.700,0.700,0.700,0.690,0.690,0.690,93,1
0.750,0.750,0.750,0.700,0.700,0.700,0.660,0.660,0.660,0.700,0.700,0.700,882,2
0.700,0.700,0.700,0.700,0.700,0.700,0.700,0.700,0.700,0.680,0.680,0.680,576,1
0.700,0.700,0.700,0.650,0.650,0.650,0.700,0.700,0.700,0.740,0.740,0.740,736,2
0.700,0.700,0.700,0.700,0.700,0.700,0.700,0.700,0.700,0.660,0.660,0.660,46,1
0.700,0.700,0.700,0.650,0.650,0.650,0.700,0.700,0.700,0.670,0.670,0.670,729,1
0.700,0.700,0.700,0.650,0.650,0.650,0.700,0.700,0.700,0.710,0.710,0.710,931,2
0.750,0.750,0.750,0.700,0.700,0.700,0.680,0.680,0.680,0.700,0.700,0.700,488,2
0.650,0.650,0.650,0.700,0.700,0.700,0.730,0.730,0.730,0.700,0.700,0.700,570,1
0.650,0.650,0.650,0.700,0.700,0.700,0.650,0.650,0.650,0.700,0.700,0.700,67,2
0.700,0.700,0.700,0.700,0.700,0.700,0.740,0.740,0.740,0.700,0.700,0.700,747,1
0.700,0.700,0.700,0.650,0.650,0.650,0.700,0.700,0.700,0.700,0.700,0.700,798,2
0.750,0.750,0.750,0.700,0.700,0.700,0.650,0.650,0.650,0.700,0.700,0.700,617,2
0.700,0.700,0.700,0.650,0.650,0.650,0.700,0.700,0.700,0.700,0.700,0.700,831,2
0.650,0.650,0.650,0.700,0.700,0.700,0.700,0.700,0.700,0.700,0.700,0.700,864,1
0.650,0.650,0.650,0.700,0.700,0.700,0.650,0.650,0.650,0.700,0.700,0.700,925,2
0.700,0.700,0.700,0.650,0.650,0.650,0.700,0.700,0.700,0.650,0.650,0.650,298,1
0.650,0.650,0.650,0.700,0.700,0.700,0.660,0.660,0.660,0.700,0.700,0.700,563,2
0.700,0.700,0.700,0.700,0.700,0.700,0.700,0.700,0.700,0.650,0.650,0.650,342,1
0.750,0.750,0.750,0.700,0.700,0.700,0.660,0.660,0.660,0.700,0.700,0.700,585,2
0.700,0.700,0.700,0.700,0.700,0.700,0.700,0.700,0.700,0.750,0.750,0.750,484,2
0.700,0.700,0.700,0.700,0.700,0.700,0.700,0.700,0.700,0.740,0.740,0.740,978,2
0.700,0.700,0.700,0.700,0.700,0.700,0.700,0.700,0.700,0.680,0.680,0.680,675,1
0.700,0.700,0.700,0.650,0.650,0.650,0.700,0.700,0.700,0.660,0.660,0.660,728,1
0.650,0.650,0.650,0.700,0.700,0.700,0.740,0.740,0.740,0.700,0.700,0.700,406,1
0.700,0.700,0.700,0.700,0.700,0.700,0.720,0.720,0.720,0.700,0.700,0.700,316,1
0.700,0.700,0.700,0.750,0.750,0.750,0.700,0.700,0.700,0.730,0.730,0.730,64,2
0.650,0.650,0.650,0.700,0.700,0.700,0.730,0.730,0.730,0.700,0.700,0.700,537,1
0.700,0.700,0.700,0.650,0.650,0.650,0.700,0.700,0.700,0.750,0.750,0.750,407,2
0.700,0.700,0.700,0.750,0.750,0.750,0.700,0.700,0.700,0.710,0.710,0.710,227,2
0.650,0.650,0.650,0.700,0.700,0.700,0.700,0.700,0.700,0.700,0.700,0.700,303,1
0.700,0.700,0.700,0.650,0.650,0.650,0.700,0.700,0.700,0.710,0.710,0.710,469,2
0.700,0.700,0.700,0.700,0.700,0.700,0.660,0.660,0.660,0.700,0.700,0.700,970,2
0.700,0.700,0.700,0.700,0.700,0.700,0.730,0.730,0.730,0.700,0.700,0.700,317,1
0.700,0.700,0.700,0.750,0.750,0.750,0.700,0.700,0.700,0.740,0.740,0.740,659,2
0.650,0.650,0.650,0.700,0.700,0.700,0.670,0.670,0.670,0.700,0.700,0.700,102,2
0.700,0.700,0.700,0.700,0.700,0.700,0.700,0.700,0.700,0.700,0.700,0.700,809,1
0.700,0.700,0.700,0.700,0.700,0.700,0.700,0.700,0.700,0.750,0.750,0.750,814,2
0.750,0.750,0.750,0.700,0.700,0.700,0.650,0.650,0.650,0.700,0.700,0.700,56,2
0.700,0.700,0.700,0.700,0.700,0.700,0.700,0.700,0.700,0.670,0.670,0.670,410,1
0.700,0.700,0.700,0.750,0.750,0.750,0.700,0.700,0.700,0.750,0.750,0.750,825,2
0.700,0.700,0.700,0.650,0.650,0.650,0.700,0.700,0.700,0.730,0.730,0.730,108,2
0.700,0.700,0.700,0.750,0.750,0.750,0.700,0.700,0.700,0.750,0.750,0.750,627,2
0.650,0.650,0.650,0.700,0.700,0.700,0.700,0.700,0.700,0.700,0.700,0.700,138,1
0.700,0.700,0.700,0.700,0.700,0.700,0.690,0.690,0.690,0.700,0.700,0.700,907,2
0.700,0.700,0.700,0.700,0.700,0.700,0.700,0.700,0.700,0.740,0.740,0.740,483,2
0.650,0.650,0.650,0.700,0.700,0.700,0.650,0.650,0.650,0.700,0.700,0.700,595,2
0.700,0.700,0.700,0.700,0.700,0.700,0.700,0.700,0.700,0.680,0.680,0.680,543,1
0.700,0.700,0.700,0.750,0.750,0.750,0.700,0.700,0.700,0.740,0.740,0.740,593,2
0.700,0.700,0.700,0.750,0.750,0.750,0.700,0.700,0.700,0.700,0.700,0.700,820,2
0.700,0.700,0.700,0.700,0.700,0.700,0.700,0.700,0.700,0.690,0.690,0.690,742,1
0.700,0.700,0.700,0.700,0.700,0.700,0.700,0.700,0.700,0.740,0.740,0.740,285,2
0.700,0.700,0.700,0.750,0.750,0.750,0.700,0.700,0.700,0.650,0.650,0.650,287,1
0.700,0.700,0.700,0.650,0.650,0.650,0.700,0.700,0.700,0.650,0.650,0.650,529,1
0.650,0.650,0.650,0.700,0.700,0.700,0.660,0.660,0.660,0.700,0.700,0.700,926,2
0.750,0.750,0.750,0.700,0.700,0.700,0.710,0.710,0.710,0.700,0.700,0.700,557,1
0.750,0.750,0.750,0.700,0.700,0.700,0.730,0.730,0.730,0.700,0.700,0.700,229,1
0.700,0.700,0.700,0.750,0.750,0.750,0.700,0.700,0.700,0.670,0.670,0.670,190,1
0.650,0.650,0.650,0.700,0.700,0.700,0.750,0.750,0.750,0.700,0.700,0.700,143,1
0.650,0.650,0.650,0.700,0.700,0.700,0.700,0.700,0.700,0.700,0.700,0.700,435,1
0.750,0.750,0.750,0.700,0.700,0.700,0.650,0.650,0.650,0.700,0.700,0.700,155,2
0.750,0.750,0.750,0.700,0.700,0.700,0.680,0.680,0.680,0.700,0.700,0.700,224,2
0.750,0.750,0.750,0.700,0.700,0.700,0.650,0.650,0.650,0.700,0.700,0.700,749,2
0.650,0.650,0.650,0.700,0.700,0.700,0.650,0.650,0.650,0.700,0.700,0.700,727,2
0.700,0.700,0.700,0.650,0.650,0.650,0.700,0.700,0.700,0.730,0.730,0.730,834,2
0.700,0.700,0.700,0.750,0.750,0.750,0.700,0.700,0.700,0.660,0.660,0.660,222,1
0.650,0.650,0.650,0.700,0.700,0.700,0.730,0.730,0.730,0.700,0.700,0.700,768,1
0.750,0.750,0.750,0.700,0.700,0.700,0.720,0.720,0.720,0.700,0.700,0.700,525,1
0.700,0.700,0.700,0.650,0.650,0.650,0.700,0.700,0.700,0.650,0.650,0.650,661,1
0.700,0.700,0.700,0.750,0.750,0.750,0.700,0.700,0.700,0.660,0.660,0.660,750,1
0.700,0.700,0.700,0.700,0.700,0.700,0.730,0.730,0.730,0.700,0.700,0.700,878,1
0.700,0.700,0.700,0.700,0.700,0.700,0.660,0.660,0.660,0.700,0.700,0.700,805,2
0.650,0.650,0.650,0.700,0.700,0.700,0.670,0.670,0.670,0.700,0.700,0.700,465,2
0.700,0.700,0.700,0.700,0.700,0.700,0.700,0.700,0.700,0.670,0.670,0.670,608,1
0.700,0.700,0.700,0.700,0.700,0.700,0.660,0.660,0.660,0.700,0.700,0.700,574,2
0.750,0.750,0.750,0.700,0.700,0.700,0.680,0.680,0.680,0.700,0.700,0.700,587,2
0.700,0.700,0.700,0.750,0.750,0.750,0.700,0.700,0.700,0.690,0.690,0.690,786,1
0.700,0.700,0.700,0.650,0.650,0.650,0.700,0.700,0.700,0.720,0.720,0.720,8,2
0.700,0.700,0.700,0.700,0.700,0.700,0.690,0.690,0.690,0.700,0.700,0.700,379,2
0.700,0.700,0.700,0.650,0.650,0.650,0.700,0.700,0.700,0.750,0.750,0.750,440,2
0.700,0.700,0.700,0.700,0.700,0.700,0.710,0.710,0.710,0.700,0.700,0.700,150,1
0.700,0.700,0.700,0.700,0.700,0.700,0.700,0.700,0.700,0.750,0.750,0.750,253,2
0.750,0.750,0.750,0.700,0.700,0.700,0.700,0.700,0.700,0.700,0.700,0.700,556,1
0.750,0.750,0.750,0.700,0.700,0.700,0.660,0.660,0.660,0.700,0.700,0.700,156,2
0.700,0.700,0.700,0.650,0.650,0.650,0.700,0.700,0.700,0.710,0.710,0.710,403,2
0.650,0.650,0.650,0.700,0.700,0.700,0.660,0.660,0.660,0.700,0.700,0.700,68,2
0.700,0.700,0.700,0.700,0.700,0.700,0.730,0.730,0.730,0.700,0.700,0.700,383,1
0.750,0.750,0.750,0.700,0.700,0.700,0.730,0.730,0.730,0.700,0.700,0.700,988,1
0.700,0.700,0.700,0.700,0.700,0.700,0.700,0.700,0.700,0.750,0.750,0.750,748,2
0.650,0.650,0.650,0.700,0.700,0.700,0.740,0.740,0.740,0.700,0.700,0.700,274,1
0.750,0.750,0.750,0.700,0.700,0.700,0.720,0.720,0.720,0.700,0.700,0.700,888,1
0.700,0.700,0.700,0.650,0.650,0.650,0.700,0.700,0.700,0.680,0.680,0.680,103,1
0.750,0.750,0.750,0.700,0.700,0.700,0.690,0.690,0.690,0.700,0.700,0.700,324,2
0.700,0.700,0.700,0.650,0.650,0.650,0.700,0.700,0.700,0.660,0.660,0.660,860,1
0.750,0.750,0.750,0.700,0.700,0.700,0.670,0.670,0.670,0.700,0.700,0.700,619,2
0.750,0.750,0.750,0.700,0.700,0.700,0.670,0.670,0.670,0.700,0.700,0.700,553,2
0.700,0.700,0.700,0.700,0.700,0.700,0.700,0.700,0.700,0.750,0.750,0.750,616,2
0.650,0.650,0.650,0.700,0.700,0.700,0.690,0.690,0.690,0.700,0.700,0.700,830,2
0.700,0.700,0.700,0.750,0.750,0.750,0.700,0.700,0.700,0.670,0.670,0.670,157,1
0.650,0.650,0.650,0.700,0.700,0.700,0.670,0.670,0.670,0.700,0.700,0.700,960,2
0.650,0.650,0.650,0.700,0.700,0.700,0.650,0.650,0.650,0.700,0.700,0.700,265,2
0.700,0.700,0.700,0.700,0.700,0.700,0.670,0.670,0.670,0.700,0.700,0.700,278,2
0.700,0.700,0.700,0.700,0.700,0.700,0.660,0.660,0.660,0.700,0.700,0.700,145,2
0.700,0.700,0.700,0.700,0.700,0.700,0.670,0.670,0.670,0.700,0.700,0.700,377,2
0.700,0.700,0.700,0.700,0.700,0.700,0.700,0.700,0.700,0.670,0.670,0.670,905,1
0.700,0.700,0.700,0.650,0.650,0.650,0.700,0.700,0.700,0.710,0.710,0.710,337,2
0.700,0.700,0.700,0.700,0.700,0.700,0.710,0.710,0.710,0.700,0.700,0.700,843,1
0.700,0.700,0.700,0.700,0.700,0.700,0.700,0.700,0.700,0.700,0.700,0.700,281,1
0.700,0.700,0.700,0.750,0.750,0.750,0.700,0.700,0.700,0.740,0.740,0.740,494,2
0.700,0.700,0.700,0.700,0.700,0.700,0.680,0.680,0.680,0.700,0.700,0.700,642,2
0.700,0.700,0.700,0.700,0.700,0.700,0.700,0.700,0.700,0.660,0.660,0.660,673,1
0.700,0.700,0.700,0.650,0.650,0.650,0.700,0.700,0.700,0.690,0.690,0.690,236,1
0.700,0.700,0.700,0.700,0.700,0.700,0.700,0.700,0.700,0.650,0.650,0.650,936,1
0.650,0.650,0.650,0.700,0.700,0.700,0.710,0.710,0.710,0.700,0.700,0.700,700,1
0.650,0.650,0.650,0.700,0.700,0.700,0.740,0.740,0.740,0.700,0.700,0.700,142,1
0.650,0.650,0.650,0.700,0.700,0.700,0.680,0.680,0.680,0.700,0.700,0.700,235,2
0.700,0.700,0.700,0.750,0.750,0.750,0.700,0.700,0.700,0.680,0.680,0.680,26,1
0.700,0.700,0.700,0.650,0.650,0.650,0.700,0.700,0.700,0.740,0.740,0.740,637,2
0.700,0.700,0.700,0.650,0.650,0.650,0.700,0.700,0.700,0.710,0.710,0.710,106,2
0.700,0.700,0.700,0.700,0.700,0.700,0.700,0.700,0.700,0.700,0.700,0.700,908,2
0.700,0.700,0.700,0.700,0.700,0.700,0.680,0.680,0.680,0.700,0.700,0.700,708,2
0.700,0.700,0.700,0.750,0.750,0.750,0.700,0.700,0.700,0.670,0.670,0.670,982,1
0.700,0.700,0.700,0.700,0.700,0.700,0.670,0.670,0.670,0.700,0.700,0.700,47,2
0.700,0.700,0.700,0.700,0.700,0.700,0.700,0.700,0.700,0.700,0.700,0.700,941,1
0.700,0.700,0.700,0.700,0.700,0.700,0.700,0.700,0.700,0.650,0.650,0.650,837,1
0.650,0.650,0.650,0.700,0.700,0.700,0.660,0.660,0.660,0.700,0.700,0.700,530,2
0.750,0.750,0.750,0.700,0.700,0.700,0.660,0.660,0.660,0.700,0.700,0.700,486,2
0.700,0.700,0.700,0.650,0.650,0.650,0.700,0.700,0.700,0.650,0.650,0.650,859,1
0.700,0.700,0.700,0.700,0.700,0.700,0.700,0.700,0.700,0.700,0.700,0.700,743,1
0.700,0.700,0.700,0.750,0.750,0.750,0.700,0.700,0.700,0.660,0.660,0.660,717,1
0.750,0.750,0.750,0.700,0.700,0.700,0.720,0.720,0.720,0.700,0.700,0.700,492,1
0.700,0.700,0.700,0.750,0.750,0.750,0.700,0.700,0.700,0.670,0.670,0.670,289,1
0.700,0.700,0.700,0.700,0.700,0.700,0.700,0.700,0.700,0.680,0.680,0.680,807,1
0.700,0.700,0.700,0.700,0.700,0.700,0.700,0.700,0.700,0.740,0.740,0.740,450,2
0.650,0.650,0.650,0.700,0.700,0.700,0.660,0.660,0.660,0.700,0.700,0.700,233,2
0.750,0.750,0.750,0.700,0.700,0.700,0.740,0.740,0.740,0.700,0.700,0.700,560,1
0.700,0.700,0.700,0.650,0.650,0.650,0.700,0.700,0.700,0.680,0.680,0.680,334,1
0.700,0.700,0.700,0.650,0.650,0.650,0.700,0.700,0.700,0.660,0.660,0.660,827,1
0.700,0.700,0.700,0.700,0.700,0.700,0.700,0.700,0.700,0.750,0.750,0.750,88,2
0.650,0.650,0.650,0.700,0.700,0.700,0.720,0.720,0.720,0.700,0.700,0.700,899,1
0.700,0.700,0.700,0.750,0.750,0.750,0.700,0.700,0.700,0.670,0.670,0.670,388,1
0.700,0.700,0.700,0.700,0.700,0.700,0.700,0.700,0.700,0.730,0.730,0.730,152,2
0.700,0.700,0.700,0.750,0.750,0.750,0.700,0.700,0.700,0.670,0.670,0.670,25,1
0.700,0.700,0.700,0.700,0.700,0.700,0.700,0.700,0.700,0.700,0.700,0.700,875,2
0.700,0.700,0.700,0.700,0.700,0.700,0.700,0.700,0.700,0.680,0.680,0.680,246,1
0.700,0.700,0.700,0.750,0.750,0.750,0.700,0.700,0.700,0.710,0.710,0.710,293,2
0.650,0.650,0.650,0.700,0.700,0.700,0.720,0.720,0.720,0.700,0.700,0.700,536,1
0.700,0.700,0.700,0.650,0.650,0.650,0.700,0.700,0.700,0.720,0.720,0.720,338,2
0.700,0.700,0.700,0.650,0.650,0.650,0.700,0.700,0.700,0.680,0.680,0.680,961,1
0.750,0.750,0.750,0.700,0.700,0.700,0.690,0.690,0.690,0.700,0.700,0.700,27,2
0.700,0.700,0.700,0.750,0.750,0.750,0.700,0.700,0.700,0.700,0.700,0.700,787,2
0.750,0.750,0.750,0.700,0.700,0.700,0.700,0.700,0.700,0.700,0.700,0.700,292,1
0.700,0.700,0.700,0.700,0.700,0.700,0.700,0.700,0.700,0.720,0.720,0.720,151,2
0.650,0.650,0.650,0.700,0.700,0.700,0.670,0.670,0.670,0.700,0.700,0.700,762,2
0.650,0.650,0.650,0.700,0.700,0.700,0.710,0.710,0.710,0.700,0.700,0.700,40,1
0.700,0.700,0.700,0.700,0.700,0.700,0.690,0.690,0.690,0.700,0.700,0.700,874,2
0.750,0.750,0.750,0.700,0.700,0.700,0.710,0.710,0.710,0.700,0.700,0.700,722,1
0.700,0.700,0.700,0.700,0.700,0.700,0.650,0.650,0.650,0.700,0.700,0.700,903,2
0.750,0.750,0.750,0.700,0.700,0.700,0.740,0.740,0.740,0.700,0.700,0.700,395,1
0.700,0.700,0.700,0.650,0.650,0.650,0.700,0.700,0.700,0.690,0.690,0.690,203,1
0.700,0.700,0.700,0.650,0.650,0.650,0.700,0.700,0.700,0.750,0.750,0.750,275,2
0.700,0.700,0.700,0.700,0.700,0.700,0.720,0.720,0.720,0.700,0.700,0.700,646,1
0.750,0.750,0.750,0.700,0.700,0.700,0.700,0.700,0.700,0.700,0.700,0.700,589,1
0.700,0.700,0.700,0.700,0.700,0.700,0.700,0.700,0.700,0.750,0.750,0.750,649,2
0.700,0.700,0.700,0.700,0.700,0.700,0.700,0.700,0.700,0.650,0.650,0.650,375,1
0.650,0.650,0.650,0.700,0.700,0.700,0.670,0.670,0.670,0.700,0.700,0.700,201,2
0.700,0.700,0.700,0.750,0.750,0.750,0.700,0.700,0.700,0.740,0.740,0.740,626,2
0.700,0.700,0.700,0.700,0.700,0.700,0.700,0.700,0.700,0.690,0.690,0.690,643,1
0.700,0.700,0.700,0.700,0.700,0.700,0.700,0.700,0.700,0.750,0.750,0.750,517,2
0.700,0.700,0.700,0.750,0.750,0.750,0.700,0.700,0.700,0.740,0.740,0.740,461,2
0.700,0.700,0.700,0.700,0.700,0.700,0.700,0.700,0.700,0.690,0.690,0.690,973,1
0.700,0.700,0.700,0.700,0.700,0.700,0.700,0.700,0.700,0.650,0.650,0.650,111,1
0.750,0.750,0.750,0.700,0.700,0.700,0.730,0.730,0.730,0.700,0.700,0.700,658,1
0.650,0.650,0.650,0.700,0.700,0.700,0.690,0.690,0.690,0.700,0.700,0.700,929,2
0.700,0.700,0.700,0.700,0.700,0.700,0.700,0.700,0.700,0.650,0.650,0.650,804,1
0.750,0.750,0.750,0.700,0.700,0.700,0.750,0.750,0.750,0.700,0.700,0.700,198,1
0.750,0.750,0.750,0.700,0.700,0.700,0.730,0.730,0.730,0.700,0.700,0.700,361,1
0.700,0.700,0.700,0.750,0.750,0.750,0.700,0.700,0.700,0.660,0.660,0.660,387,1
0.700,0.700,0.700,0.700,0.700,0.700,0.700,0.700,0.700,0.750,0.750,0.750,451,2
0.700,0.700,0.700,0.750,0.750,0.750,0.700,0.700,0.700,0.700,0.700,0.700,721,2
0.700,0.700,0.700,0.750,0.750,0.750,0.700,0.700,0.700,0.650,0.650,0.650,551,1
0.700,0.700,0.700,0.700,0.700,0.700,0.660,0.660,0.660,0.700,0.700,0.700,178,2
0.700,0.700,0.700,0.700,0.700,0.700,0.700,0.700,0.700,0.650,0.650,0.650,540,1
0.700,0.700,0.700,0.650,0.650,0.650,0.700,0.700,0.700,0.700,0.700,0.700,402,2
0.750,0.750,0.750,0.700,0.700,0.700,0.720,0.720,0.720,0.700,0.700,0.700,294,1
0.650,0.650,0.650,0.700,0.700,0.700,0.740,0.740,0.740,0.700,0.700,0.700,703,1
0.700,0.700,0.700,0.650,0.650,0.650,0.700,0.700,0.700,0.750,0.750,0.750,242,2
0.700,0.700,0.700,0.700,0.700,0.700,0.690,0.690,0.690,0.700,0.700,0.700,148,2
0.700,0.700,0.700,0.750,0.750,0.750,0.700,0.700,0.700,0.710,0.710,0.710,887,2
0.700,0.700,0.700,0.750,0.750,0.750,0.700,0.700,0.700,0.750,0.750,0.750,561,2
0.750,0.750,0.750,0.700,0.700,0.700,0.670,0.670,0.670,0.700,0.700,0.700,685,2
0.700,0.700,0.700,0.650,0.650,0.650,0.700,0.700,0.700,0.730,0.730,0.730,966,2
0.700,0.700,0.700,0.700,0.700,0.700,0.670,0.670,0.670,0.700,0.700,0.700,872,2
0.700,0.700,0.700,0.700,0.700,0.700,0.700,0.700,0.700,0.690,0.690,0.690,82,1
0.700,0.700,0.700,0.700,0.700,0.700,0.700,0.700,0.700,0.690,0.690,0.690,313,1
0.700,0.700,0.700,0.700,0.700,0.700,0.700,0.700,0.700,0.700,0.700,0.700,149,1
0.700,0.700,0.700,0.700,0.700,0.700,0.730,0.730,0.730,0.700,0.700,0.700,515,1
0.650,0.650,0.650,0.700,0.700,0.700,0.710,0.710,0.710,0.700,0.700,0.700,73,1
0.700,0.700,0.700,0.650,0.650,0.650,0.700,0.700,0.700,0.660,0.660,0.660,365,1
0.700,0.700,0.700,0.700,0.700,0.700,0.700,0.700,0.700,0.680,0.680,0.680,411,1
0.750,0.750,0.750,0.700,0.700,0.700,0.700,0.700,0.700,0.700,0.700,0.700,160,1
0.700,0.700,0.700,0.650,0.650,0.650,0.700,0.700,0.700,0.690,0.690,0.690,335,1
0.700,0.700,0.700,0.650,0.650,0.650,0.700,0.700,0.700,0.710,0.710,0.710,370,2
0.750,0.750,0.750,0.700,0.700,0.700,0.730,0.730,0.730,0.700,0.700,0.700,757,1
0.700,0.700,0.700,0.750,0.750,0.750,0.700,0.700,0.700,0.730,0.730,0.730,790,2
0.700,0.700,0.700,0.750,0.750,0.750,0.700,0.700,0.700,0.730,0.730,0.730,328,2
0.650,0.650,0.650,0.700,0.700,0.700,0.650,0.650,0.650,0.700,0.700,0.700,430,2
0.750,0.750,0.750,0.700,0.700,0.700,0.750,0.750,0.750,0.700,0.700,0.700,693,1
0.700,0.700,0.700,0.750,0.750,0.750,0.700,0.700,0.700,0.710,0.710,0.710,491,2
0.700,0.700,0.700,0.700,0.700,0.700,0.710,0.710,0.710,0.700,0.700,0.700,942,1
0.700,0.700,0.700,0.700,0.700,0.700,0.720,0.720,0.720,0.700,0.700,0.700,19,1
0.700,0.700,0.700,0.700,0.700,0.700,0.750,0.750,0.750,0.700,0.700,0.700,418,1
0.700,0.700,0.700,0.650,0.650,0.650,0.700,0.700,0.700,0.750,0.750,0.750,836,2
0.750,0.750,0.750,0.700,0.700,0.700,0.690,0.690,0.690,0.700,0.700,0.700,489,2
0.650,0.650,0.650,0.700,0.700,0.700,0.650,0.650,0.650,0.700,0.700,0.700,760,2
0.750,0.750,0.750,0.700,0.700,0.700,0.720,0.720,0.720,0.700,0.700,0.700,657,1
0.700,0.700,0.700,0.700,0.700,0.700,0.700,0.700,0.700,0.670,0.670,0.670,674,1
0.700,0.700,0.700,0.700,0.700,0.700,0.700,0.700,0.700,0.740,0.740,0.740,912,2
0.700,0.700,0.700,0.700,0.700,0.700,0.700,0.700,0.700,0.700,0.700,0.700,380,1
0.700,0.700,0.700,0.700,0.700,0.700,0.750,0.750,0.750,0.700,0.700,0.700,550,1
0.650,0.650,0.650,0.700,0.700,0.700,0.690,0.690,0.690,0.700,0.700,0.700,302,2
0.700,0.700,0.700,0.700,0.700,0.700,0.700,0.700,0.700,0.730,0.730,0.730,449,2
0.650,0.650,0.650,0.700,0.700,0.700,0.750,0.750,0.750,0.700,0.700,0.700,902,1
0.650,0.650,0.650,0.700,0.700,0.700,0.680,0.680,0.680,0.700,0.700,0.700,664,2
0.650,0.650,0.650,0.700,0.700,0.700,0.670,0.670,0.670,0.700,0.700,0.700,828,2
0.700,0.700,0.700,0.700,0.700,0.700,0.700,0.700,0.700,0.680,0.680,0.680,81,1
0.700,0.700,0.700,0.750,0.750,0.750,0.700,0.700,0.700,0.680,0.680,0.680,257,1
0.650,0.650,0.650,0.700,0.700,0.700,0.740,0.740,0.740,0.700,0.700,0.700,538,1
0.700,0.700,0.700,0.750,0.750,0.750,0.700,0.700,0.700,0.700,0.700,0.700,193,2
0.700,0.700,0.700,0.750,0.750,0.750,0.700,0.700,0.700,0.740,0.740,0.740,725,2
