0.700,0.700,0.700,0.650,0.650,0.650,0.700,0.700,0.700,0.660,0.660,0.660,563,1
0.750,0.750,0.750,0.700,0.700,0.700,0.710,0.710,0.710,0.700,0.700,0.700,590,1
0.700,0.700,0.700,0.650,0.650,0.650,0.700,0.700,0.700,0.730,0.730,0.730,867,2
0.650,0.650,0.650,0.700,0.700,0.700,0.680,0.680,0.680,0.700,0.700,0.700,565,2
0.650,0.650,0.650,0.700,0.700,0.700,0.660,0.660,0.660,0.700,0.700,0.700,299,2
0.650,0.650,0.650,0.700,0.700,0.700,0.750,0.750,0.750,0.700,0.700,0.700,11,1
0.650,0.650,0.650,0.700,0.700,0.700,0.740,0.740,0.740,0.700,0.700,0.700,373,1
0.700,0.700,0.700,0.650,0.650,0.650,0.700,0.700,0.700,0.650,0.650,0.650,364,1
0.700,0.700,0.700,0.700,0.700,0.700,0.710,0.710,0.710,0.700,0.700,0.700,546,1
0.700,0.700,0.700,0.650,0.650,0.650,0.700,0.700,0.700,0.710,0.710,0.710,106,2
0.650,0.650,0.650,0.700,0.700,0.700,0.720,0.720,0.720,0.700,0.700,0.700,503,1
0.750,0.750,0.750,0.700,0.700,0.700,0.730,0.730,0.730,0.700,0.700,0.700,559,1
0.750,0.750,0.750,0.700,0.700,0.700,0.650,0.650,0.650,0.700,0.700,0.700,353,2
0.650,0.650,0.650,0.700,0.700,0.700,0.690,0.690,0.690,0.700,0.700,0.700,236,2
0.650,0.650,0.650,0.700,0.700,0.700,0.720,0.720,0.720,0.700,0.700,0.700,107,1
0.700,0.700,0.700,0.700,0.700,0.700,0.650,0.650,0.650,0.700,0.700,0.700,573,2
0.700,0.700,0.700,0.700,0.700,0.700,0.700,0.700,0.700,0.660,0.660,0.660,310,1
0.700,0.700,0.700,0.700,0.700,0.700,0.750,0.750,0.750,0.700,0.700,0.700,22,1
0.700,0.700,0.700,0.650,0.650,0.650,0.700,0.700,0.700,0.720,0.720,0.720,734,2
0.700,0.700,0.700,0.750,0.750,0.750,0.700,0.700,0.700,0.720,0.720,0.720,558,2
0.700,0.700,0.700,0.700,0.700,0.700,0.700,0.700,0.700,0.680,0.680,0.680,114,1
0.700,0.700,0.700,0.750,0.750,0.750,0.700,0.700,0.700,0.710,0.710,0.710,326,2
0.700,0.700,0.700,0.750,0.750,0.750,0.700,0.700,0.700,0.650,0.650,0.650,617,1
0.700,0.700,0.700,0.700,0.700,0.700,0.690,0.690,0.690,0.700,0.700,0.700,148,2
0.700,0.700,0.700,0.700,0.700,0.700,0.710,0.710,0.710,0.700,0.700,0.700,579,1
0.700,0.700,0.700,0.750,0.750,0.750,0.700,0.700,0.700,0.750,0.750,0.750,825,2
0.650,0.650,0.650,0.700,0.700,0.700,0.740,0.740,0.740,0.700,0.700,0.700,340,1
0.750,0.750,0.750,0.700,0.700,0.700,0.700,0.700,0.700,0.700,0.700,0.700,127,1
0.700,0.700,0.700,0.750,0.750,0.750,0.700,0.700,0.700,0.660,0.660,0.660,882,1
0.700,0.700,0.700,0.650,0.650,0.650,0.700,0.700,0.700,0.740,0.740,0.740,868,2
0.750,0.750,0.750,0.700,0.700,0.700,0.660,0.660,0.660,0.700,0.700,0.700,552,2
0.700,0.700,0.700,0.750,0.750,0.750,0.700,0.700,0.700,0.730,0.730,0.730,988,2
0.700,0.700,0.700,0.700,0.700,0.700,0.750,0.750,0.750,0.700,0.700,0.700,187,1
0.650,0.650,0.650,0.700,0.700,0.700,0.720,0.720,0.720,0.700,0.700,0.700,305,1
0.700,0.700,0.700,0.750,0.750,0.750,0.700,0.700,0.700,0.730,0.730,0.730,64,2
0.700,0.700,0.700,0.700,0.700,0.700,0.650,0.650,0.650,0.700,0.700,0.700,342,2
0.700,0.700,0.700,0.750,0.750,0.750,0.700,0.700,0.700,0.690,0.690,0.690,852,1
0.750,0.750,0.750,0.700,0.700,0.700,0.730,0.730,0.730,0.700,0.700,0.700,955,1
0.700,0.700,0.700,0.700,0.700,0.700,0.700,0.700,0.700,0.710,0.710,0.710,414,2
0.700,0.700,0.700,0.700,0.700,0.700,0.700,0.700,0.700,0.740,0.740,0.740,714,2
0.700,0.700,0.700,0.650,0.650,0.650,0.700,0.700,0.700,0.700,0.700,0.700,237,2
0.650,0.650,0.650,0.700,0.700,0.700,0.730,0.730,0.730,0.700,0.700,0.700,273,1
0.700,0.700,0.700,0.650,0.650,0.650,0.700,0.700,0.700,0.740,0.740,0.740,604,2
0.700,0.700,0.700,0.750,0.750,0.750,0.700,0.700,0.700,0.710,0.710,0.710,557,2
0.650,0.650,0.650,0.700,0.700,0.700,0.710,0.710,0.710,0.700,0.700,0.700,766,1
0.750,0.750,0.750,0.700,0.700,0.700,0.710,0.710,0.710,0.700,0.700,0.700,722,1
0.650,0.650,0.650,0.700,0.700,0.700,0.650,0.650,0.650,0.700,0.700,0.700,397,2
0.700,0.700,0.700,0.750,0.750,0.750,0.700,0.700,0.700,0.650,0.650,0.650,650,1
0.700,0.700,0.700,0.700,0.700,0.700,0.690,0.690,0.690,0.700,0.700,0.700,808,2
0.650,0.650,0.650,0.700,0.700,0.700,0.690,0.690,0.690,0.700,0.700,0.700,929,2
0.700,0.700,0.700,0.650,0.650,0.650,0.700,0.700,0.700,0.710,0.710,0.710,304,2
0.650,0.650,0.650,0.700,0.700,0.700,0.720,0.720,0.720,0.700,0.700,0.700,602,1
0.700,0.700,0.700,0.700,0.700,0.700,0.660,0.660,0.660,0.700,0.700,0.700,79,2
0.700,0.700,0.700,0.750,0.750,0.750,0.700,0.700,0.700,0.670,0.670,0.670,58,1
0.700,0.700,0.700,0.650,0.650,0.650,0.700,0.700,0.700,0.710,0.710,0.710,832,2
0.700,0.700,0.700,0.700,0.700,0.700,0.740,0.740,0.740,0.700,0.700,0.700,384,1
0.700,0.700,0.700,0.650,0.650,0.650,0.700,0.700,0.700,0.720,0.720,0.720,239,2
0.700,0.700,0.700,0.700,0.700,0.700,0.700,0.700,0.700,0.660,0.660,0.660,607,1
0.750,0.750,0.750,0.700,0.700,0.700,0.660,0.660,0.660,0.700,0.700,0.700,24,2
0.700,0.700,0.700,0.650,0.650,0.650,0.700,0.700,0.700,0.680,0.680,0.680,532,1
0.700,0.700,0.700,0.700,0.700,0.700,0.700,0.700,0.700,0.730,0.730,0.730,317,2
0.700,0.700,0.700,0.700,0.700,0.700,0.700,0.700,0.700,0.660,0.660,0.660,541,1
0.700,0.700,0.700,0.750,0.750,0.750,0.700,0.700,0.700,0.710,0.710,0.710,194,2
0.700,0.700,0.700,0.700,0.700,0.700,0.720,0.720,0.720,0.700,0.700,0.700,316,1
0.750,0.750,0.750,0.700,0.700,0.700,0.740,0.740,0.740,0.700,0.700,0.700,164,1
0.650,0.650,0.650,0.700,0.700,0.700,0.710,0.710,0.710,0.700,0.700,0.700,271,1
0.700,0.700,0.700,0.650,0.650,0.650,0.700,0.700,0.700,0.690,0.690,0.690,368,1
0.700,0.700,0.700,0.650,0.650,0.650,0.700,0.700,0.700,0.660,0.660,0.660,200,1
0.700,0.700,0.700,0.750,0.750,0.750,0.700,0.700,0.700,0.710,0.710,0.710,986,2
0.750,0.750,0.750,0.700,0.700,0.700,0.710,0.710,0.710,0.700,0.700,0.700,524,1
0.700,0.700,0.700,0.750,0.750,0.750,0.700,0.700,0.700,0.690,0.690,0.690,720,1
0.700,0.700,0.700,0.700,0.700,0.700,0.700,0.700,0.700,0.710,0.710,0.710,249,2
0.700,0.700,0.700,0.700,0.700,0.700,0.700,0.700,0.700,0.690,0.690,0.690,676,1
0.700,0.700,0.700,0.750,0.750,0.750,0.700,0.700,0.700,0.670,0.670,0.670,619,1
0.700,0.700,0.700,0.750,0.750,0.750,0.700,0.700,0.700,0.670,0.670,0.670,553,1
0.700,0.700,0.700,0.650,0.650,0.650,0.700,0.700,0.700,0.690,0.690,0.690,764,1
0.700,0.700,0.700,0.650,0.650,0.650,0.700,0.700,0.700,0.720,0.720,0.720,470,2
0.700,0.700,0.700,0.700,0.700,0.700,0.700,0.700,0.700,0.700,0.700,0.700,545,1
0.700,0.700,0.700,0.700,0.700,0.700,0.700,0.700,0.700,0.690,0.690,0.690,346,1
0.700,0.700,0.700,0.700,0.700,0.700,0.700,0.700,0.700,0.700,0.700,0.700,512,2
0.700,0.700,0.700,0.700,0.700,0.700,0.710,0.710,0.710,0.700,0.700,0.700,117,1
0.700,0.700,0.700,0.650,0.650,0.650,0.700,0.700,0.700,0.740,0.740,0.740,406,2
0.750,0.750,0.750,0.700,0.700,0.700,0.690,0.690,0.690,0.700,0.700,0.700,654,2
0.700,0.700,0.700,0.700,0.700,0.700,0.710,0.710,0.710,0.700,0.700,0.700,18,1
0.700,0.700,0.700,0.700,0.700,0.700,0.700,0.700,0.700,0.720,0.720,0.720,217,2
0.700,0.700,0.700,0.700,0.700,0.700,0.700,0.700,0.700,0.720,0.720,0.720,778,2
0.650,0.650,0.650,0.700,0.700,0.700,0.750,0.750,0.750,0.700,0.700,0.700,143,1
0.700,0.700,0.700,0.650,0.650,0.650,0.700,0.700,0.700,0.750,0.750,0.750,605,2
0.750,0.750,0.750,0.700,0.700,0.700,0.750,0.750,0.750,0.700,0.700,0.700,693,1
0.700,0.700,0.700,0.700,0.700,0.700,0.700,0.700,0.700,0.750,0.750,0.750,286,2
0.700,0.700,0.700,0.750,0.750,0.750,0.700,0.700,0.700,0.750,0.750,0.750,198,2
0.750,0.750,0.750,0.700,0.700,0.700,0.710,0.710,0.710,0.700,0.700,0.700,260,1
0.700,0.700,0.700,0.700,0.700,0.700,0.700,0.700,0.700,0.670,0.670,0.670,872,1
0.700,0.700,0.700,0.700,0.700,0.700,0.730,0.730,0.730,0.700,0.700,0.700,647,1
0.700,0.700,0.700,0.650,0.650,0.650,0.700,0.700,0.700,0.690,0.690,0.690,137,1
0.700,0.700,0.700,0.700,0.700,0.700,0.670,0.670,0.670,0.700,0.700,0.700,344,2
0.750,0.750,0.750,0.700,0.700,0.700,0.660,0.660,0.660,0.700,0.700,0.700,288,2
0.700,0.700,0.700,0.650,0.650,0.650,0.700,0.700,0.700,0.670,0.670,0.670,69,1
0.650,0.650,0.650,0.700,0.700,0.700,0.690,0.690,0.690,0.700,0.700,0.700,665,2
0.700,0.700,0.700,0.700,0.700,0.700,0.700,0.700,0.700,0.710,0.710,0.710,480,2
0.650,0.650,0.650,0.700,0.700,0.700,0.700,0.700,0.700,0.700,0.700,0.700,171,1
0.700,0.700,0.700,0.650,0.650,0.650,0.700,0.700,0.700,0.660,0.660,0.660,794,1
0.750,0.750,0.750,0.700,0.700,0.700,0.710,0.710,0.710,0.700,0.700,0.700,656,1
0.700,0.700,0.700,0.700,0.700,0.700,0.700,0.700,0.700,0.700,0.700,0.700,380,2
0.700,0.700,0.700,0.650,0.650,0.650,0.700,0.700,0.700,0.680,0.680,0.680,499,1
0.700,0.700,0.700,0.650,0.650,0.650,0.700,0.700,0.700,0.690,0.690,0.690,335,1
0.650,0.650,0.650,0.700,0.700,0.700,0.730,0.730,0.730,0.700,0.700,0.700,174,1
0.750,0.750,0.750,0.700,0.700,0.700,0.740,0.740,0.740,0.700,0.700,0.700,692,1
0.700,0.700,0.700,0.750,0.750,0.750,0.700,0.700,0.700,0.750,0.750,0.750,33,2
0.700,0.700,0.700,0.700,0.700,0.700,0.700,0.700,0.700,0.700,0.700,0.700,875,2
0.700,0.700,0.700,0.750,0.750,0.750,0.700,0.700,0.700,0.680,0.680,0.680,719,1
0.700,0.700,0.700,0.750,0.750,0.750,0.700,0.700,0.700,0.670,0.670,0.670,916,1
0.750,0.750,0.750,0.700,0.700,0.700,0.700,0.700,0.700,0.700,0.700,0.700,853,1
0.750,0.750,0.750,0.700,0.700,0.700,0.680,0.680,0.680,0.700,0.700,0.700,290,2
0.750,0.750,0.750,0.700,0.700,0.700,0.730,0.730,0.730,0.700,0.700,0.700,790,1
0.700,0.700,0.700,0.750,0.750,0.750,0.700,0.700,0.700,0.740,0.740,0.740,98,2
0.700,0.700,0.700,0.700,0.700,0.700,0.700,0.700,0.700,0.730,0.730,0.730,845,2
0.700,0.700,0.700,0.700,0.700,0.700,0.650,0.650,0.650,0.700,0.700,0.700,12,2
0.650,0.650,0.650,0.700,0.700,0.700,0.680,0.680,0.680,0.700,0.700,0.700,4,2
0.750,0.750,0.750,0.700,0.700,0.700,0.660,0.660,0.660,0.700,0.700,0.700,651,2
0.700,0.700,0.700,0.650,0.650,0.650,0.700,0.700,0.700,0.650,0.650,0.650,67,1
0.700,0.700,0.700,0.750,0.750,0.750,0.700,0.700,0.700,0.670,0.670,0.670,190,1
0.700,0.700,0.700,0.750,0.750,0.750,0.700,0.700,0.700,0.740,0.740,0.740,527,2
0.700,0.700,0.700,0.700,0.700,0.700,0.700,0.700,0.700,0.740,0.740,0.740,615,2
0.700,0.700,0.700,0.700,0.700,0.700,0.700,0.700,0.700,0.680,0.680,0.680,675,1
0.700,0.700,0.700,0.700,0.700,0.700,0.710,0.710,0.710,0.700,0.700,0.700,612,1
0.700,0.700,0.700,0.650,0.650,0.650,0.700,0.700,0.700,0.700,0.700,0.700,666,2
0.700,0.700,0.700,0.750,0.750,0.750,0.700,0.700,0.700,0.750,0.750,0.750,594,2
0.700,0.700,0.700,0.650,0.650,0.650,0.700,0.700,0.700,0.710,0.710,0.710,172,2
0.650,0.650,0.650,0.700,0.700,0.700,0.680,0.680,0.680,0.700,0.700,0.700,400,2
0.700,0.700,0.700,0.650,0.650,0.650,0.700,0.700,0.700,0.720,0.720,0.720,74,2
0.750,0.750,0.750,0.700,0.700,0.700,0.720,0.720,0.720,0.700,0.700,0.700,954,1
0.700,0.700,0.700,0.700,0.700,0.700,0.700,0.700,0.700,0.720,0.720,0.720,877,2
0.750,0.750,0.750,0.700,0.700,0.700,0.710,0.710,0.710,0.700,0.700,0.700,458,1
0.700,0.700,0.700,0.750,0.750,0.750,0.700,0.700,0.700,0.700,0.700,0.700,655,2
0.700,0.700,0.700,0.650,0.650,0.650,0.700,0.700,0.700,0.660,0.660,0.660,596,1
0.700,0.700,0.700,0.700,0.700,0.700,0.700,0.700,0.700,0.720,0.720,0.720,646,2
0.700,0.700,0.700,0.700,0.700,0.700,0.700,0.700,0.700,0.710,0.710,0.710,513,2
0.700,0.700,0.700,0.700,0.700,0.700,0.700,0.700,0.700,0.660,0.660,0.660,673,1
0.700,0.700,0.700,0.700,0.700,0.700,0.720,0.720,0.720,0.700,0.700,0.700,943,1
0.700,0.700,0.700,0.700,0.700,0.700,0.700,0.700,0.700,0.730,0.730,0.730,416,2
0.650,0.650,0.650,0.700,0.700,0.700,0.670,0.670,0.670,0.700,0.700,0.700,201,2
0.700,0.700,0.700,0.700,0.700,0.700,0.700,0.700,0.700,0.680,0.680,0.680,576,1
0.700,0.700,0.700,0.650,0.650,0.650,0.700,0.700,0.700,0.750,0.750,0.750,737,2
0.700,0.700,0.700,0.650,0.650,0.650,0.700,0.700,0.700,0.700,0.700,0.700,39,2
0.650,0.650,0.650,0.700,0.700,0.700,0.730,0.730,0.730,0.700,0.700,0.700,339,1
0.700,0.700,0.700,0.750,0.750,0.750,0.700,0.700,0.700,0.650,0.650,0.650,287,1
0.650,0.650,0.650,0.700,0.700,0.700,0.710,0.710,0.710,0.700,0.700,0.700,238,1
0.700,0.700,0.700,0.750,0.750,0.750,0.700,0.700,0.700,0.670,0.670,0.670,124,1
0.700,0.700,0.700,0.700,0.700,0.700,0.720,0.720,0.720,0.700,0.700,0.700,349,1
0.700,0.700,0.700,0.700,0.700,0.700,0.700,0.700,0.700,0.660,0.660,0.660,211,1
0.750,0.750,0.750,0.700,0.700,0.700,0.700,0.700,0.700,0.700,0.700,0.700,424,1
0.700,0.700,0.700,0.750,0.750,0.750,0.700,0.700,0.700,0.720,0.720,0.720,723,2
0.700,0.700,0.700,0.650,0.650,0.650,0.700,0.700,0.700,0.750,0.750,0.750,935,2
0.700,0.700,0.700,0.650,0.650,0.650,0.700,0.700,0.700,0.690,0.690,0.690,830,1
0.700,0.700,0.700,0.750,0.750,0.750,0.700,0.700,0.700,0.680,0.680,0.680,224,1
0.700,0.700,0.700,0.750,0.750,0.750,0.700,0.700,0.700,0.730,0.730,0.730,691,2
0.700,0.700,0.700,0.700,0.700,0.700,0.710,0.710,0.710,0.700,0.700,0.700,447,1
0.700,0.700,0.700,0.650,0.650,0.650,0.700,0.700,0.700,0.710,0.710,0.710,40,2
0.650,0.650,0.650,0.700,0.700,0.700,0.720,0.720,0.720,0.700,0.700,0.700,866,1
0.700,0.700,0.700,0.650,0.650,0.650,0.700,0.700,0.700,0.680,0.680,0.680,961,1
0.750,0.750,0.750,0.700,0.700,0.700,0.750,0.750,0.750,0.700,0.700,0.700,891,1
0.700,0.700,0.700,0.700,0.700,0.700,0.700,0.700,0.700,0.740,0.740,0.740,351,2
0.650,0.650,0.650,0.700,0.700,0.700,0.680,0.680,0.680,0.700,0.700,0.700,928,2
0.700,0.700,0.700,0.700,0.700,0.700,0.750,0.750,0.750,0.700,0.700,0.700,649,1
0.650,0.650,0.650,0.700,0.700,0.700,0.750,0.750,0.750,0.700,0.700,0.700,341,1
0.750,0.750,0.750,0.700,0.700,0.700,0.730,0.730,0.730,0.700,0.700,0.700,427,1
0.750,0.750,0.750,0.700,0.700,0.700,0.750,0.750,0.750,0.700,0.700,0.700,792,1
0.750,0.750,0.750,0.700,0.700,0.700,0.670,0.670,0.670,0.700,0.700,0.700,949,2
0.750,0.750,0.750,0.700,0.700,0.700,0.700,0.700,0.700,0.700,0.700,0.700,721,1
0.650,0.650,0.650,0.700,0.700,0.700,0.650,0.650,0.650,0.700,0.700,0.700,628,2
0.700,0.700,0.700,0.700,0.700,0.700,0.660,0.660,0.660,0.700,0.700,0.700,112,2
0.650,0.650,0.650,0.700,0.700,0.700,0.680,0.680,0.680,0.700,0.700,0.700,631,2
0.750,0.750,0.750,0.700,0.700,0.700,0.740,0.740,0.740,0.700,0.700,0.700,395,1
0.650,0.650,0.650,0.700,0.700,0.700,0.750,0.750,0.750,0.700,0.700,0.700,506,1
0.700,0.700,0.700,0.650,0.650,0.650,0.700,0.700,0.700,0.660,0.660,0.660,926,1
0.700,0.700,0.700,0.750,0.750,0.750,0.700,0.700,0.700,0.740,0.740,0.740,857,2
0.700,0.700,0.700,0.700,0.700,0.700,0.700,0.700,0.700,0.730,0.730,0.730,185,2
0.750,0.750,0.750,0.700,0.700,0.700,0.680,0.680,0.680,0.700,0.700,0.700,554,2
0.700,0.700,0.700,0.750,0.750,0.750,0.700,0.700,0.700,0.650,0.650,0.650,320,1
0.700,0.700,0.700,0.700,0.700,0.700,0.700,0.700,0.700,0.700,0.700,0.700,941,2
0.700,0.700,0.700,0.750,0.750,0.750,0.700,0.700,0.700,0.660,0.660,0.660,948,1
0.750,0.750,0.750,0.700,0.700,0.700,0.660,0.660,0.660,0.700,0.700,0.700,519,2
0.700,0.700,0.700,0.750,0.750,0.750,0.700,0.700,0.700,0.670,0.670,0.670,586,1
0.700,0.700,0.700,0.700,0.700,0.700,0.700,0.700,0.700,0.700,0.700,0.700,578,2
0.750,0.750,0.750,0.700,0.700,0.700,0.700,0.700,0.700,0.700,0.700,0.700,523,1
0.700,0.700,0.700,0.650,0.650,0.650,0.700,0.700,0.700,0.710,0.710,0.710,370,2
0.650,0.650,0.650,0.700,0.700,0.700,0.750,0.750,0.750,0.700,0.700,0.700,968,1
0.700,0.700,0.700,0.700,0.700,0.700,0.740,0.740,0.740,0.700,0.700,0.700,780,1
0.700,0.700,0.700,0.700,0.700,0.700,0.700,0.700,0.700,0.700,0.700,0.700,908,2
0.700,0.700,0.700,0.750,0.750,0.750,0.700,0.700,0.700,0.680,0.680,0.680,587,1
0.700,0.700,0.700,0.650,0.650,0.650,0.700,0.700,0.700,0.730,0.730,0.730,372,2
0.700,0.700,0.700,0.700,0.700,0.700,0.700,0.700,0.700,0.650,0.650,0.650,177,1
0.700,0.700,0.700,0.700,0.700,0.700,0.730,0.730,0.730,0.700,0.700,0.700,515,1
0.700,0.700,0.700,0.700,0.700,0.700,0.690,0.690,0.690,0.700,0.700,0.700,643,2
0.650,0.650,0.650,0.700,0.700,0.700,0.720,0.720,0.720,0.700,0.700,0.700,41,1
0.700,0.700,0.700,0.750,0.750,0.750,0.700,0.700,0.700,0.680,0.680,0.680,323,1
0.700,0.700,0.700,0.700,0.700,0.700,0.700,0.700,0.700,0.720,0.720,0.720,613,2
0.700,0.700,0.700,0.700,0.700,0.700,0.700,0.700,0.700,0.680,0.680,0.680,774,1
0.700,0.700,0.700,0.700,0.700,0.700,0.710,0.710,0.710,0.700,0.700,0.700,84,1
0.700,0.700,0.700,0.700,0.700,0.700,0.700,0.700,0.700,0.680,0.680,0.680,279,1
0.700,0.700,0.700,0.650,0.650,0.650,0.700,0.700,0.700,0.670,0.670,0.670,795,1
0.700,0.700,0.700,0.650,0.650,0.650,0.700,0.700,0.700,0.690,0.690,0.690,533,1
0.700,0.700,0.700,0.700,0.700,0.700,0.700,0.700,0.700,0.650,0.650,0.650,771,1
0.700,0.700,0.700,0.700,0.700,0.700,0.700,0.700,0.700,0.720,0.720,0.720,250,2
0.700,0.700,0.700,0.700,0.700,0.700,0.680,0.680,0.680,0.700,0.700,0.700,180,2
0.700,0.700,0.700,0.750,0.750,0.750,0.700,0.700,0.700,0.720,0.720,0.720,228,2
0.750,0.750,0.750,0.700,0.700,0.700,0.750,0.750,0.750,0.700,0.700,0.700,528,1
0.700,0.700,0.700,0.700,0.700,0.700,0.650,0.650,0.650,0.700,0.700,0.700,804,2
0.650,0.650,0.650,0.700,0.700,0.700,0.740,0.740,0.740,0.700,0.700,0.700,109,1
0.650,0.650,0.650,0.700,0.700,0.700,0.740,0.740,0.740,0.700,0.700,0.700,967,1
0.700,0.700,0.700,0.700,0.700,0.700,0.750,0.750,0.750,0.700,0.700,0.700,253,1
0.700,0.700,0.700,0.750,0.750,0.750,0.700,0.700,0.700,0.670,0.670,0.670,322,1
0.700,0.700,0.700,0.650,0.650,0.650,0.700,0.700,0.700,0.710,0.710,0.710,403,2
0.650,0.650,0.650,0.700,0.700,0.700,0.670,0.670,0.670,0.700,0.700,0.700,828,2
0.750,0.750,0.750,0.700,0.700,0.700,0.680,0.680,0.680,0.700,0.700,0.700,158,2
0.750,0.750,0.750,0.700,0.700,0.700,0.740,0.740,0.740,0.700,0.700,0.700,65,1
0.650,0.650,0.650,0.700,0.700,0.700,0.710,0.710,0.710,0.700,0.700,0.700,898,1
0.750,0.750,0.750,0.700,0.700,0.700,0.670,0.670,0.670,0.700,0.700,0.700,421,2
0.750,0.750,0.750,0.700,0.700,0.700,0.680,0.680,0.680,0.700,0.700,0.700,851,2
0.700,0.700,0.700,0.700,0.700,0.700,0.680,0.680,0.680,0.700,0.700,0.700,345,2
0.750,0.750,0.750,0.700,0.700,0.700,0.740,0.740,0.740,0.700,0.700,0.700,296,1
0.700,0.700,0.700,0.650,0.650,0.650,0.700,0.700,0.700,0.680,0.680,0.680,103,1
0.700,0.700,0.700,0.650,0.650,0.650,0.700,0.700,0.700,0.690,0.690,0.690,302,1
0.700,0.700,0.700,0.700,0.700,0.700,0.710,0.710,0.710,0.700,0.700,0.700,51,1
0.700,0.700,0.700,0.700,0.700,0.700,0.700,0.700,0.700,0.720,0.720,0.720,811,2
0.650,0.650,0.650,0.700,0.700,0.700,0.700,0.700,0.700,0.700,0.700,0.700,963,1
0.650,0.650,0.650,0.700,0.700,0.700,0.690,0.690,0.690,0.700,0.700,0.700,731,2
0.700,0.700,0.700,0.700,0.700,0.700,0.700,0.700,0.700,0.680,0.680,0.680,246,1
0.700,0.700,0.700,0.750,0.750,0.750,0.700,0.700,0.700,0.670,0.670,0.670,355,1
0.650,0.650,0.650,0.700,0.700,0.700,0.660,0.660,0.660,0.700,0.700,0.700,134,2
0.700,0.700,0.700,0.700,0.700,0.700,0.680,0.680,0.680,0.700,0.700,0.700,642,2
0.700,0.700,0.700,0.700,0.700,0.700,0.700,0.700,0.700,0.750,0.750,0.750,550,2
0.700,0.700,0.700,0.700,0.700,0.700,0.700,0.700,0.700,0.670,0.670,0.670,278,1
0.700,0.700,0.700,0.700,0.700,0.700,0.700,0.700,0.700,0.730,0.730,0.730,350,2
0.700,0.700,0.700,0.650,0.650,0.650,0.700,0.700,0.700,0.730,0.730,0.730,768,2
0.700,0.700,0.700,0.750,0.750,0.750,0.700,0.700,0.700,0.700,0.700,0.700,787,2
0.750,0.750,0.750,0.700,0.700,0.700,0.650,0.650,0.650,0.700,0.700,0.700,848,2
0.700,0.700,0.700,0.650,0.650,0.650,0.700,0.700,0.700,0.730,0.730,0.730,504,2
0.750,0.750,0.750,0.700,0.700,0.700,0.650,0.650,0.650,0.700,0.700,0.700,89,2
0.700,0.700,0.700,0.750,0.750,0.750,0.700,0.700,0.700,0.650,0.650,0.650,518,1
0.700,0.700,0.700,0.750,0.750,0.750,0.700,0.700,0.700,0.750,0.750,0.750,165,2
0.700,0.700,0.700,0.700,0.700,0.700,0.680,0.680,0.680,0.700,0.700,0.700,906,2
0.700,0.700,0.700,0.750,0.750,0.750,0.700,0.700,0.700,0.720,0.720,0.720,294,2
0.700,0.700,0.700,0.700,0.700,0.700,0.700,0.700,0.700,0.690,0.690,0.690,973,1
0.700,0.700,0.700,0.700,0.700,0.700,0.650,0.650,0.650,0.700,0.700,0.700,969,2
0.700,0.700,0.700,0.650,0.650,0.650,0.700,0.700,0.700,0.740,0.740,0.740,439,2
0.700,0.700,0.700,0.700,0.700,0.700,0.670,0.670,0.670,0.700,0.700,0.700,707,2
0.700,0.700,0.700,0.700,0.700,0.700,0.700,0.700,0.700,0.680,0.680,0.680,840,1
0.700,0.700,0.700,0.700,0.700,0.700,0.700,0.700,0.700,0.720,0.720,0.720,382,2
0.700,0.700,0.700,0.650,0.650,0.650,0.700,0.700,0.700,0.750,0.750,0.750,770,2
0.700,0.700,0.700,0.700,0.700,0.700,0.750,0.750,0.750,0.700,0.700,0.700,814,1
0.750,0.750,0.750,0.700,0.700,0.700,0.720,0.720,0.720,0.700,0.700,0.700,855,1
0.700,0.700,0.700,0.700,0.700,0.700,0.670,0.670,0.670,0.700,0.700,0.700,839,2
0.700,0.700,0.700,0.700,0.700,0.700,0.700,0.700,0.700,0.720,0.720,0.720,448,2
0.650,0.650,0.650,0.700,0.700,0.700,0.710,0.710,0.710,0.700,0.700,0.700,634,1
0.650,0.650,0.650,0.700,0.700,0.700,0.670,0.670,0.670,0.700,0.700,0.700,432,2
0.750,0.750,0.750,0.700,0.700,0.700,0.680,0.680,0.680,0.700,0.700,0.700,26,2
0.700,0.700,0.700,0.750,0.750,0.750,0.700,0.700,0.700,0.660,0.660,0.660,123,1
0.750,0.750,0.750,0.700,0.700,0.700,0.650,0.650,0.650,0.700,0.700,0.700,749,2
0.700,0.700,0.700,0.750,0.750,0.750,0.700,0.700,0.700,0.710,0.710,0.710,293,2
0.750,0.750,0.750,0.700,0.700,0.700,0.650,0.650,0.650,0.700,0.700,0.700,551,2
0.750,0.750,0.750,0.700,0.700,0.700,0.660,0.660,0.660,0.700,0.700,0.700,750,2
0.700,0.700,0.700,0.650,0.650,0.650,0.700,0.700,0.700,0.650,0.650,0.650,694,1
0.700,0.700,0.700,0.750,0.750,0.750,0.700,0.700,0.700,0.720,0.720,0.720,327,2
0.650,0.650,0.650,0.700,0.700,0.700,0.700,0.700,0.700,0.700,0.700,0.700,402,1
0.700,0.700,0.700,0.650,0.650,0.650,0.700,0.700,0.700,0.680,0.680,0.680,895,1
0.700,0.700,0.700,0.700,0.700,0.700,0.700,0.700,0.700,0.690,0.690,0.690,280,1
0.700,0.700,0.700,0.650,0.650,0.650,0.700,0.700,0.700,0.670,0.670,0.670,894,1
0.700,0.700,0.700,0.750,0.750,0.750,0.700,0.700,0.700,0.730,0.730,0.730,526,2
0.650,0.650,0.650,0.700,0.700,0.700,0.700,0.700,0.700,0.700,0.700,0.700,72,1
0.650,0.650,0.650,0.700,0.700,0.700,0.730,0.730,0.730,0.700,0.700,0.700,306,1
0.700,0.700,0.700,0.700,0.700,0.700,0.680,0.680,0.680,0.700,0.700,0.700,708,2
0.650,0.650,0.650,0.700,0.700,0.700,0.740,0.740,0.740,0.700,0.700,0.700,835,1
0.700,0.700,0.700,0.750,0.750,0.750,0.700,0.700,0.700,0.680,0.680,0.680,785,1
0.700,0.700,0.700,0.650,0.650,0.650,0.700,0.700,0.700,0.650,0.650,0.650,958,1
0.700,0.700,0.700,0.650,0.650,0.650,0.700,0.700,0.700,0.720,0.720,0.720,404,2
0.750,0.750,0.750,0.700,0.700,0.700,0.740,0.740,0.740,0.700,0.700,0.700,230,1
0.750,0.750,0.750,0.700,0.700,0.700,0.680,0.680,0.680,0.700,0.700,0.700,389,2
0.700,0.700,0.700,0.750,0.750,0.750,0.700,0.700,0.700,0.660,0.660,0.660,90,1
0.750,0.750,0.750,0.700,0.700,0.700,0.650,0.650,0.650,0.700,0.700,0.700,188,2
0.700,0.700,0.700,0.700,0.700,0.700,0.720,0.720,0.720,0.700,0.700,0.700,85,1
0.700,0.700,0.700,0.700,0.700,0.700,0.740,0.740,0.740,0.700,0.700,0.700,813,1
0.700,0.700,0.700,0.750,0.750,0.750,0.700,0.700,0.700,0.670,0.670,0.670,91,1
0.700,0.700,0.700,0.650,0.650,0.650,0.700,0.700,0.700,0.690,0.690,0.690,5,1
0.700,0.700,0.700,0.650,0.650,0.650,0.700,0.700,0.700,0.700,0.700,0.700,798,2
0.700,0.700,0.700,0.700,0.700,0.700,0.700,0.700,0.700,0.740,0.740,0.740,912,2
0.700,0.700,0.700,0.650,0.650,0.650,0.700,0.700,0.700,0.670,0.670,0.670,762,1
0.650,0.650,0.650,0.700,0.700,0.700,0.710,0.710,0.710,0.700,0.700,0.700,205,1
0.700,0.700,0.700,0.650,0.650,0.650,0.700,0.700,0.700,0.700,0.700,0.700,831,2
0.700,0.700,0.700,0.750,0.750,0.750,0.700,0.700,0.700,0.670,0.670,0.670,157,1
0.650,0.650,0.650,0.700,0.700,0.700,0.670,0.670,0.670,0.700,0.700,0.700,498,2
0.700,0.700,0.700,0.700,0.700,0.700,0.650,0.650,0.650,0.700,0.700,0.700,45,2
0.650,0.650,0.650,0.700,0.700,0.700,0.740,0.740,0.740,0.700,0.700,0.700,901,1
0.750,0.750,0.750,0.700,0.700,0.700,0.690,0.690,0.690,0.700,0.700,0.700,324,2
0.650,0.650,0.650,0.700,0.700,0.700,0.700,0.700,0.700,0.700,0.700,0.700,468,1
0.700,0.700,0.700,0.750,0.750,0.750,0.700,0.700,0.700,0.670,0.670,0.670,25,1
0.700,0.700,0.700,0.700,0.700,0.700,0.700,0.700,0.700,0.700,0.700,0.700,17,2
0.700,0.700,0.700,0.650,0.650,0.650,0.700,0.700,0.700,0.680,0.680,0.680,433,1
0.700,0.700,0.700,0.700,0.700,0.700,0.730,0.730,0.730,0.700,0.700,0.700,812,1
0.650,0.650,0.650,0.700,0.700,0.700,0.680,0.680,0.680,0.700,0.700,0.700,466,2
0.700,0.700,0.700,0.700,0.700,0.700,0.740,0.740,0.740,0.700,0.700,0.700,516,1
0.650,0.650,0.650,0.700,0.700,0.700,0.650,0.650,0.650,0.700,0.700,0.700,529,2
0.750,0.750,0.750,0.700,0.700,0.700,0.660,0.660,0.660,0.700,0.700,0.700,156,2
0.700,0.700,0.700,0.750,0.750,0.750,0.700,0.700,0.700,0.680,0.680,0.680,422,1
0.700,0.700,0.700,0.700,0.700,0.700,0.700,0.700,0.700,0.660,0.660,0.660,376,1
0.700,0.700,0.700,0.750,0.750,0.750,0.700,0.700,0.700,0.680,0.680,0.680,455,1
0.700,0.700,0.700,0.700,0.700,0.700,0.700,0.700,0.700,0.670,0.670,0.670,443,1
0.700,0.700,0.700,0.700,0.700,0.700,0.700,0.700,0.700,0.660,0.660,0.660,178,1
0.700,0.700,0.700,0.750,0.750,0.750,0.700,0.700,0.700,0.740,0.740,0.740,593,2
0.750,0.750,0.750,0.700,0.700,0.700,0.720,0.720,0.720,0.700,0.700,0.700,789,1
0.650,0.650,0.650,0.700,0.700,0.700,0.670,0.670,0.670,0.700,0.700,0.700,597,2
0.700,0.700,0.700,0.750,0.750,0.750,0.700,0.700,0.700,0.720,0.720,0.720,888,2
0.700,0.700,0.700,0.700,0.700,0.700,0.700,0.700,0.700,0.690,0.690,0.690,874,1
0.700,0.700,0.700,0.750,0.750,0.750,0.700,0.700,0.700,0.650,0.650,0.650,155,1
0.700,0.700,0.700,0.750,0.750,0.750,0.700,0.700,0.700,0.650,0.650,0.650,254,1
0.700,0.700,0.700,0.700,0.700,0.700,0.700,0.700,0.700,0.700,0.700,0.700,809,1
0.700,0.700,0.700,0.700,0.700,0.700,0.700,0.700,0.700,0.730,0.730,0.730,449,2
0.750,0.750,0.750,0.700,0.700,0.700,0.750,0.750,0.750,0.700,0.700,0.700,561,1
0.650,0.650,0.650,0.700,0.700,0.700,0.740,0.740,0.740,0.700,0.700,0.700,703,1
0.700,0.700,0.700,0.700,0.700,0.700,0.700,0.700,0.700,0.700,0.700,0.700,446,1
0.700,0.700,0.700,0.700,0.700,0.700,0.650,0.650,0.650,0.700,0.700,0.700,441,2
0.750,0.750,0.750,0.700,0.700,0.700,0.750,0.750,0.750,0.700,0.700,0.700,660,1
0.750,0.750,0.750,0.700,0.700,0.700,0.720,0.720,0.720,0.700,0.700,0.700,525,1
0.700,0.700,0.700,0.700,0.700,0.700,0.700,0.700,0.700,0.700,0.700,0.700,611,1
0.700,0.700,0.700,0.650,0.650,0.650,0.700,0.700,0.700,0.740,0.740,0.740,43,2
0.650,0.650,0.650,0.700,0.700,0.700,0.680,0.680,0.680,0.700,0.700,0.700,235,2
0.700,0.700,0.700,0.700,0.700,0.700,0.750,0.750,0.750,0.700,0.700,0.700,616,1
0.700,0.700,0.700,0.650,0.650,0.650,0.700,0.700,0.700,0.700,0.700,0.700,864,2
0.750,0.750,0.750,0.700,0.700,0.700,0.720,0.720,0.720,0.700,0.700,0.700,624,1
0.650,0.650,0.650,0.700,0.700,0.700,0.750,0.750,0.750,0.700,0.700,0.700,374,1
0.700,0.700,0.700,0.700,0.700,0.700,0.650,0.650,0.650,0.700,0.700,0.700,474,2
0.700,0.700,0.700,0.750,0.750,0.750,0.700,0.700,0.700,0.700,0.700,0.700,886,2
0.700,0.700,0.700,0.700,0.700,0.700,0.740,0.740,0.740,0.700,0.700,0.700,120,1
0.700,0.700,0.700,0.700,0.700,0.700,0.720,0.720,0.720,0.700,0.700,0.700,52,1
0.700,0.700,0.700,0.700,0.700,0.700,0.670,0.670,0.670,0.700,0.700,0.700,806,2
0.700,0.700,0.700,0.750,0.750,0.750,0.700,0.700,0.700,0.690,0.690,0.690,126,1
0.650,0.650,0.650,0.700,0.700,0.700,0.670,0.670,0.670,0.700,0.700,0.700,630,2
0.700,0.700,0.700,0.650,0.650,0.650,0.700,0.700,0.700,0.660,0.660,0.660,530,1
0.700,0.700,0.700,0.700,0.700,0.700,0.660,0.660,0.660,0.700,0.700,0.700,838,2
0.700,0.700,0.700,0.650,0.650,0.650,0.700,0.700,0.700,0.710,0.710,0.710,337,2
0.700,0.700,0.700,0.700,0.700,0.700,0.700,0.700,0.700,0.700,0.700,0.700,347,2
0.650,0.650,0.650,0.700,0.700,0.700,0.680,0.680,0.680,0.700,0.700,0.700,169,2
0.650,0.650,0.650,0.700,0.700,0.700,0.680,0.680,0.680,0.700,0.700,0.700,730,2
0.700,0.700,0.700,0.750,0.750,0.750,0.700,0.700,0.700,0.700,0.700,0.700,457,2
0.750,0.750,0.750,0.700,0.700,0.700,0.750,0.750,0.750,0.700,0.700,0.700,363,1
0.700,0.700,0.700,0.650,0.650,0.650,0.700,0.700,0.700,0.670,0.670,0.670,531,1
0.700,0.700,0.700,0.650,0.650,0.650,0.700,0.700,0.700,0.670,0.670,0.670,465,1
0.700,0.700,0.700,0.700,0.700,0.700,0.700,0.700,0.700,0.680,0.680,0.680,972,1
0.650,0.650,0.650,0.700,0.700,0.700,0.690,0.690,0.690,0.700,0.700,0.700,434,2
0.700,0.700,0.700,0.700,0.700,0.700,0.670,0.670,0.670,0.700,0.700,0.700,773,2
0.650,0.650,0.650,0.700,0.700,0.700,0.750,0.750,0.750,0.700,0.700,0.700,671,1
0.700,0.700,0.700,0.750,0.750,0.750,0.700,0.700,0.700,0.650,0.650,0.650,452,1
0.700,0.700,0.700,0.700,0.700,0.700,0.750,0.750,0.750,0.700,0.700,0.700,352,1
0.700,0.700,0.700,0.750,0.750,0.750,0.700,0.700,0.700,0.720,0.720,0.720,96,2
0.700,0.700,0.700,0.750,0.750,0.750,0.700,0.700,0.700,0.700,0.700,0.700,226,2
0.700,0.700,0.700,0.750,0.750,0.750,0.700,0.700,0.700,0.720,0.720,0.720,987,2
0.700,0.700,0.700,0.700,0.700,0.700,0.680,0.680,0.680,0.700,0.700,0.700,543,2
0.700,0.700,0.700,0.650,0.650,0.650,0.700,0.700,0.700,0.730,0.730,0.730,207,2
0.750,0.750,0.750,0.700,0.700,0.700,0.670,0.670,0.670,0.700,0.700,0.700,454,2
0.700,0.700,0.700,0.700,0.700,0.700,0.690,0.690,0.690,0.700,0.700,0.700,907,2
0.700,0.700,0.700,0.650,0.650,0.650,0.700,0.700,0.700,0.710,0.710,0.710,436,2
0.650,0.650,0.650,0.700,0.700,0.700,0.690,0.690,0.690,0.700,0.700,0.700,863,2
0.700,0.700,0.700,0.650,0.650,0.650,0.700,0.700,0.700,0.690,0.690,0.690,269,1
0.700,0.700,0.700,0.750,0.750,0.750,0.700,0.700,0.700,0.650,0.650,0.650,914,1
0.700,0.700,0.700,0.700,0.700,0.700,0.680,0.680,0.680,0.700,0.700,0.700,609,2
0.650,0.650,0.650,0.700,0.700,0.700,0.660,0.660,0.660,0.700,0.700,0.700,398,2
0.650,0.650,0.650,0.700,0.700,0.700,0.730,0.730,0.730,0.700,0.700,0.700,537,1
0.650,0.650,0.650,0.700,0.700,0.700,0.720,0.720,0.720,0.700,0.700,0.700,767,1
0.750,0.750,0.750,0.700,0.700,0.700,0.650,0.650,0.650,0.700,0.700,0.700,386,2
0.700,0.700,0.700,0.650,0.650,0.650,0.700,0.700,0.700,0.650,0.650,0.650,1,1
0.700,0.700,0.700,0.700,0.700,0.700,0.700,0.700,0.700,0.740,0.740,0.740,252,2
0.750,0.750,0.750,0.700,0.700,0.700,0.730,0.730,0.730,0.700,0.700,0.700,295,1
0.700,0.700,0.700,0.700,0.700,0.700,0.700,0.700,0.700,0.700,0.700,0.700,974,2
0.700,0.700,0.700,0.650,0.650,0.650,0.700,0.700,0.700,0.710,0.710,0.710,7,2
0.700,0.700,0.700,0.700,0.700,0.700,0.720,0.720,0.720,0.700,0.700,0.700,745,1
0.700,0.700,0.700,0.750,0.750,0.750,0.700,0.700,0.700,0.660,0.660,0.660,57,1
0.700,0.700,0.700,0.700,0.700,0.700,0.670,0.670,0.670,0.700,0.700,0.700,509,2
0.700,0.700,0.700,0.700,0.700,0.700,0.720,0.720,0.720,0.700,0.700,0.700,580,1
0.700,0.700,0.700,0.700,0.700,0.700,0.700,0.700,0.700,0.710,0.710,0.710,810,2
0.750,0.750,0.750,0.700,0.700,0.700,0.690,0.690,0.690,0.700,0.700,0.700,588,2
0.650,0.650,0.650,0.700,0.700,0.700,0.700,0.700,0.700,0.700,0.700,0.700,930,1
0.650,0.650,0.650,0.700,0.700,0.700,0.750,0.750,0.750,0.700,0.700,0.700,539,1
0.700,0.700,0.700,0.700,0.700,0.700,0.650,0.650,0.650,0.700,0.700,0.700,309,2
0.650,0.650,0.650,0.700,0.700,0.700,0.750,0.750,0.750,0.700,0.700,0.700,473,1
0.700,0.700,0.700,0.750,0.750,0.750,0.700,0.700,0.700,0.680,0.680,0.680,950,1
0.700,0.700,0.700,0.700,0.700,0.700,0.700,0.700,0.700,0.680,0.680,0.680,312,1
0.700,0.700,0.700,0.700,0.700,0.700,0.700,0.700,0.700,0.750,0.750,0.750,682,2
0.700,0.700,0.700,0.650,0.650,0.650,0.700,0.700,0.700,0.740,0.740,0.740,736,2
0.700,0.700,0.700,0.750,0.750,0.750,0.700,0.700,0.700,0.740,0.740,0.740,329,2
0.750,0.750,0.750,0.700,0.700,0.700,0.750,0.750,0.750,0.700,0.700,0.700,495,1
0.700,0.700,0.700,0.700,0.700,0.700,0.660,0.660,0.660,0.700,0.700,0.700,13,2
0.750,0.750,0.750,0.700,0.700,0.700,0.660,0.660,0.660,0.700,0.700,0.700,717,2
0.750,0.750,0.750,0.700,0.700,0.700,0.720,0.720,0.720,0.700,0.700,0.700,162,1
0.700,0.700,0.700,0.650,0.650,0.650,0.700,0.700,0.700,0.700,0.700,0.700,633,2
0.650,0.650,0.650,0.700,0.700,0.700,0.710,0.710,0.710,0.700,0.700,0.700,865,1
0.700,0.700,0.700,0.700,0.700,0.700,0.740,0.740,0.740,0.700,0.700,0.700,285,1
0.700,0.700,0.700,0.750,0.750,0.750,0.700,0.700,0.700,0.690,0.690,0.690,786,1
0.700,0.700,0.700,0.650,0.650,0.650,0.700,0.700,0.700,0.710,0.710,0.710,469,2
0.700,0.700,0.700,0.700,0.700,0.700,0.700,0.700,0.700,0.650,0.650,0.650,639,1
0.700,0.700,0.700,0.650,0.650,0.650,0.700,0.700,0.700,0.730,0.730,0.730,570,2
0.700,0.700,0.700,0.700,0.700,0.700,0.700,0.700,0.700,0.700,0.700,0.700,677,2
0.700,0.700,0.700,0.650,0.650,0.650,0.700,0.700,0.700,0.650,0.650,0.650,100,1
0.700,0.700,0.700,0.700,0.700,0.700,0.700,0.700,0.700,0.660,0.660,0.660,442,1
0.700,0.700,0.700,0.750,0.750,0.750,0.700,0.700,0.700,0.660,0.660,0.660,684,1
0.650,0.650,0.650,0.700,0.700,0.700,0.660,0.660,0.660,0.700,0.700,0.700,332,2
0.700,0.700,0.700,0.700,0.700,0.700,0.700,0.700,0.700,0.690,0.690,0.690,379,1
0.750,0.750,0.750,0.700,0.700,0.700,0.730,0.730,0.730,0.700,0.700,0.700,262,1
0.700,0.700,0.700,0.750,0.750,0.750,0.700,0.700,0.700,0.700,0.700,0.700,292,2
0.700,0.700,0.700,0.750,0.750,0.750,0.700,0.700,0.700,0.660,0.660,0.660,816,1
0.700,0.700,0.700,0.750,0.750,0.750,0.700,0.700,0.700,0.730,0.730,0.730,97,2
0.700,0.700,0.700,0.750,0.750,0.750,0.700,0.700,0.700,0.700,0.700,0.700,193,2
0.700,0.700,0.700,0.650,0.650,0.650,0.700,0.700,0.700,0.740,0.740,0.740,175,2
0.700,0.700,0.700,0.700,0.700,0.700,0.680,0.680,0.680,0.700,0.700,0.700,48,2
0.700,0.700,0.700,0.750,0.750,0.750,0.700,0.700,0.700,0.650,0.650,0.650,947,1
0.700,0.700,0.700,0.700,0.700,0.700,0.700,0.700,0.700,0.720,0.720,0.720,283,2
0.700,0.700,0.700,0.700,0.700,0.700,0.700,0.700,0.700,0.700,0.700,0.700,413,1
0.700,0.700,0.700,0.650,0.650,0.650,0.700,0.700,0.700,0.650,0.650,0.650,133,1
0.700,0.700,0.700,0.700,0.700,0.700,0.670,0.670,0.670,0.700,0.700,0.700,476,2
0.700,0.700,0.700,0.650,0.650,0.650,0.700,0.700,0.700,0.650,0.650,0.650,496,1
0.700,0.700,0.700,0.700,0.700,0.700,0.700,0.700,0.700,0.750,0.750,0.750,319,2
0.700,0.700,0.700,0.700,0.700,0.700,0.750,0.750,0.750,0.700,0.700,0.700,385,1
0.650,0.650,0.650,0.700,0.700,0.700,0.720,0.720,0.720,0.700,0.700,0.700,536,1
0.700,0.700,0.700,0.700,0.700,0.700,0.710,0.710,0.710,0.700,0.700,0.700,150,1
0.650,0.650,0.650,0.700,0.700,0.700,0.700,0.700,0.700,0.700,0.700,0.700,204,1
0.700,0.700,0.700,0.700,0.700,0.700,0.700,0.700,0.700,0.730,0.730,0.730,911,2
0.650,0.650,0.650,0.700,0.700,0.700,0.740,0.740,0.740,0.700,0.700,0.700,76,1
0.700,0.700,0.700,0.700,0.700,0.700,0.700,0.700,0.700,0.730,0.730,0.730,20,2
0.700,0.700,0.700,0.700,0.700,0.700,0.680,0.680,0.680,0.700,0.700,0.700,213,2
0.700,0.700,0.700,0.700,0.700,0.700,0.700,0.700,0.700,0.670,0.670,0.670,905,1
0.700,0.700,0.700,0.700,0.700,0.700,0.660,0.660,0.660,0.700,0.700,0.700,706,2
0.750,0.750,0.750,0.700,0.700,0.700,0.720,0.720,0.720,0.700,0.700,0.700,492,1
0.700,0.700,0.700,0.700,0.700,0.700,0.700,0.700,0.700,0.690,0.690,0.690,511,1
0.650,0.650,0.650,0.700,0.700,0.700,0.650,0.650,0.650,0.700,0.700,0.700,925,2
0.700,0.700,0.700,0.750,0.750,0.750,0.700,0.700,0.700,0.710,0.710,0.710,623,2
0.700,0.700,0.700,0.650,0.650,0.650,0.700,0.700,0.700,0.750,0.750,0.750,209,2
0.700,0.700,0.700,0.650,0.650,0.650,0.700,0.700,0.700,0.710,0.710,0.710,733,2
0.700,0.700,0.700,0.700,0.700,0.700,0.700,0.700,0.700,0.700,0.700,0.700,116,1
0.700,0.700,0.700,0.700,0.700,0.700,0.720,0.720,0.720,0.700,0.700,0.700,118,1
0.700,0.700,0.700,0.700,0.700,0.700,0.700,0.700,0.700,0.650,0.650,0.650,408,1
0.650,0.650,0.650,0.700,0.700,0.700,0.690,0.690,0.690,0.700,0.700,0.700,632,2
0.700,0.700,0.700,0.700,0.700,0.700,0.690,0.690,0.690,0.700,0.700,0.700,313,2
0.750,0.750,0.750,0.700,0.700,0.700,0.690,0.690,0.690,0.700,0.700,0.700,918,2
0.750,0.750,0.750,0.700,0.700,0.700,0.690,0.690,0.690,0.700,0.700,0.700,456,2
0.700,0.700,0.700,0.700,0.700,0.700,0.740,0.740,0.740,0.700,0.700,0.700,879,1
0.650,0.650,0.650,0.700,0.700,0.700,0.740,0.740,0.740,0.700,0.700,0.700,637,1
0.700,0.700,0.700,0.750,0.750,0.750,0.700,0.700,0.700,0.690,0.690,0.690,885,1
0.700,0.700,0.700,0.750,0.750,0.750,0.700,0.700,0.700,0.720,0.720,0.720,393,2
0.750,0.750,0.750,0.700,0.700,0.700,0.660,0.660,0.660,0.700,0.700,0.700,915,2
0.650,0.650,0.650,0.700,0.700,0.700,0.750,0.750,0.750,0.700,0.700,0.700,572,1
0.700,0.700,0.700,0.750,0.750,0.750,0.700,0.700,0.700,0.730,0.730,0.730,625,2
0.700,0.700,0.700,0.700,0.700,0.700,0.720,0.720,0.720,0.700,0.700,0.700,679,1
0.650,0.650,0.650,0.700,0.700,0.700,0.710,0.710,0.710,0.700,0.700,0.700,667,1
0.700,0.700,0.700,0.700,0.700,0.700,0.740,0.740,0.740,0.700,0.700,0.700,219,1
0.650,0.650,0.650,0.700,0.700,0.700,0.670,0.670,0.670,0.700,0.700,0.700,168,2
0.700,0.700,0.700,0.700,0.700,0.700,0.660,0.660,0.660,0.700,0.700,0.700,937,2
0.700,0.700,0.700,0.700,0.700,0.700,0.710,0.710,0.710,0.700,0.700,0.700,744,1
0.700,0.700,0.700,0.650,0.650,0.650,0.700,0.700,0.700,0.730,0.730,0.730,801,2
0.750,0.750,0.750,0.700,0.700,0.700,0.680,0.680,0.680,0.700,0.700,0.700,257,2
0.700,0.700,0.700,0.700,0.700,0.700,0.700,0.700,0.700,0.690,0.690,0.690,247,1
0.650,0.650,0.650,0.700,0.700,0.700,0.720,0.720,0.720,0.700,0.700,0.700,932,1
0.650,0.650,0.650,0.700,0.700,0.700,0.680,0.680,0.680,0.700,0.700,0.700,268,2
0.700,0.700,0.700,0.650,0.650,0.650,0.700,0.700,0.700,0.710,0.710,0.710,964,2
0.700,0.700,0.700,0.700,0.700,0.700,0.700,0.700,0.700,0.700,0.700,0.700,248,2
0.700,0.700,0.700,0.700,0.700,0.700,0.670,0.670,0.670,0.700,0.700,0.700,311,2
0.700,0.700,0.700,0.700,0.700,0.700,0.670,0.670,0.670,0.700,0.700,0.700,938,2
0.700,0.700,0.700,0.700,0.700,0.700,0.700,0.700,0.700,0.750,0.750,0.750,847,2
0.700,0.700,0.700,0.700,0.700,0.700,0.660,0.660,0.660,0.700,0.700,0.700,475,2
0.650,0.650,0.650,0.700,0.700,0.700,0.740,0.740,0.740,0.700,0.700,0.700,670,1
0.700,0.700,0.700,0.750,0.750,0.750,0.700,0.700,0.700,0.690,0.690,0.690,60,1
0.700,0.700,0.700,0.650,0.650,0.650,0.700,0.700,0.700,0.690,0.690,0.690,467,1
0.700,0.700,0.700,0.700,0.700,0.700,0.710,0.710,0.710,0.700,0.700,0.700,777,1
0.700,0.700,0.700,0.700,0.700,0.700,0.690,0.690,0.690,0.700,0.700,0.700,214,2
0.700,0.700,0.700,0.650,0.650,0.650,0.700,0.700,0.700,0.730,0.730,0.730,702,2
0.750,0.750,0.750,0.700,0.700,0.700,0.730,0.730,0.730,0.700,0.700,0.700,163,1
0.700,0.700,0.700,0.750,0.750,0.750,0.700,0.700,0.700,0.730,0.730,0.730,658,2
0.750,0.750,0.750,0.700,0.700,0.700,0.650,0.650,0.650,0.700,0.700,0.700,221,2
0.700,0.700,0.700,0.700,0.700,0.700,0.700,0.700,0.700,0.670,0.670,0.670,740,1
0.700,0.700,0.700,0.750,0.750,0.750,0.700,0.700,0.700,0.690,0.690,0.690,27,1
0.700,0.700,0.700,0.700,0.700,0.700,0.670,0.670,0.670,0.700,0.700,0.700,113,2
0.700,0.700,0.700,0.700,0.700,0.700,0.700,0.700,0.700,0.660,0.660,0.660,805,1
0.700,0.700,0.700,0.750,0.750,0.750,0.700,0.700,0.700,0.740,0.740,0.740,626,2
0.700,0.700,0.700,0.700,0.700,0.700,0.700,0.700,0.700,0.720,0.720,0.720,547,2
0.700,0.700,0.700,0.750,0.750,0.750,0.700,0.700,0.700,0.650,0.650,0.650,716,1
0.700,0.700,0.700,0.750,0.750,0.750,0.700,0.700,0.700,0.690,0.690,0.690,225,1
0.700,0.700,0.700,0.650,0.650,0.650,0.700,0.700,0.700,0.740,0.740,0.740,934,2
0.700,0.700,0.700,0.700,0.700,0.700,0.700,0.700,0.700,0.720,0.720,0.720,844,2
0.700,0.700,0.700,0.650,0.650,0.650,0.700,0.700,0.700,0.740,0.740,0.740,538,2
0.700,0.700,0.700,0.700,0.700,0.700,0.700,0.700,0.700,0.700,0.700,0.700,710,1
0.700,0.700,0.700,0.700,0.700,0.700,0.700,0.700,0.700,0.700,0.700,0.700,776,1
0.650,0.650,0.650,0.700,0.700,0.700,0.650,0.650,0.650,0.700,0.700,0.700,562,2
0.700,0.700,0.700,0.650,0.650,0.650,0.700,0.700,0.700,0.650,0.650,0.650,265,1
0.750,0.750,0.750,0.700,0.700,0.700,0.700,0.700,0.700,0.700,0.700,0.700,28,1
0.700,0.700,0.700,0.650,0.650,0.650,0.700,0.700,0.700,0.680,0.680,0.680,862,1
0.700,0.700,0.700,0.700,0.700,0.700,0.710,0.710,0.710,0.700,0.700,0.700,282,1
0.700,0.700,0.700,0.700,0.700,0.700,0.720,0.720,0.720,0.700,0.700,0.700,910,1
0.700,0.700,0.700,0.700,0.700,0.700,0.700,0.700,0.700,0.700,0.700,0.700,215,2
0.750,0.750,0.750,0.700,0.700,0.700,0.750,0.750,0.750,0.700,0.700,0.700,66,1
0.700,0.700,0.700,0.700,0.700,0.700,0.660,0.660,0.660,0.700,0.700,0.700,244,2
0.750,0.750,0.750,0.700,0.700,0.700,0.750,0.750,0.750,0.700,0.700,0.700,627,1
0.700,0.700,0.700,0.650,0.650,0.650,0.700,0.700,0.700,0.710,0.710,0.710,139,2
0.700,0.700,0.700,0.700,0.700,0.700,0.700,0.700,0.700,0.690,0.690,0.690,181,1
0.700,0.700,0.700,0.700,0.700,0.700,0.700,0.700,0.700,0.660,0.660,0.660,277,1
0.750,0.750,0.750,0.700,0.700,0.700,0.660,0.660,0.660,0.700,0.700,0.700,453,2
0.700,0.700,0.700,0.700,0.700,0.700,0.700,0.700,0.700,0.740,0.740,0.740,417,2
0.700,0.700,0.700,0.700,0.700,0.700,0.700,0.700,0.700,0.690,0.690,0.690,610,1
0.700,0.700,0.700,0.750,0.750,0.750,0.700,0.700,0.700,0.720,0.720,0.720,30,2
0.750,0.750,0.750,0.700,0.700,0.700,0.710,0.710,0.710,0.700,0.700,0.700,392,1
0.700,0.700,0.700,0.650,0.650,0.650,0.700,0.700,0.700,0.720,0.720,0.720,173,2
0.700,0.700,0.700,0.750,0.750,0.750,0.700,0.700,0.700,0.720,0.720,0.720,426,2
0.700,0.700,0.700,0.650,0.650,0.650,0.700,0.700,0.700,0.750,0.750,0.750,803,2
0.700,0.700,0.700,0.700,0.700,0.700,0.710,0.710,0.710,0.700,0.700,0.700,711,1
0.700,0.700,0.700,0.700,0.700,0.700,0.740,0.740,0.740,0.700,0.700,0.700,450,1
0.700,0.700,0.700,0.700,0.700,0.700,0.700,0.700,0.700,0.650,0.650,0.650,606,1
0.700,0.700,0.700,0.700,0.700,0.700,0.700,0.700,0.700,0.670,0.670,0.670,542,1
0.750,0.750,0.750,0.700,0.700,0.700,0.710,0.710,0.710,0.700,0.700,0.700,887,1
0.650,0.650,0.650,0.700,0.700,0.700,0.650,0.650,0.650,0.700,0.700,0.700,661,2
0.700,0.700,0.700,0.700,0.700,0.700,0.700,0.700,0.700,0.750,0.750,0.750,880,2
0.700,0.700,0.700,0.750,0.750,0.750,0.700,0.700,0.700,0.710,0.710,0.710,491,2
0.700,0.700,0.700,0.750,0.750,0.750,0.700,0.700,0.700,0.710,0.710,0.710,62,2
0.750,0.750,0.750,0.700,0.700,0.700,0.680,0.680,0.680,0.700,0.700,0.700,653,2
0.700,0.700,0.700,0.700,0.700,0.700,0.670,0.670,0.670,0.700,0.700,0.700,212,2
0.700,0.700,0.700,0.650,0.650,0.650,0.700,0.700,0.700,0.680,0.680,0.680,367,1
0.700,0.700,0.700,0.650,0.650,0.650,0.700,0.700,0.700,0.750,0.750,0.750,242,2
0.700,0.700,0.700,0.700,0.700,0.700,0.700,0.700,0.700,0.680,0.680,0.680,81,1
0.650,0.650,0.650,0.700,0.700,0.700,0.740,0.740,0.740,0.700,0.700,0.700,10,1
0.650,0.650,0.650,0.700,0.700,0.700,0.750,0.750,0.750,0.700,0.700,0.700,440,1
0.700,0.700,0.700,0.700,0.700,0.700,0.740,0.740,0.740,0.700,0.700,0.700,549,1
0.650,0.650,0.650,0.700,0.700,0.700,0.670,0.670,0.670,0.700,0.700,0.700,102,2
0.700,0.700,0.700,0.750,0.750,0.750,0.700,0.700,0.700,0.650,0.650,0.650,122,1
0.700,0.700,0.700,0.700,0.700,0.700,0.700,0.700,0.700,0.660,0.660,0.660,871,1
0.650,0.650,0.650,0.700,0.700,0.700,0.690,0.690,0.690,0.700,0.700,0.700,500,2
0.700,0.700,0.700,0.700,0.700,0.700,0.730,0.730,0.730,0.700,0.700,0.700,746,1
0.700,0.700,0.700,0.700,0.700,0.700,0.700,0.700,0.700,0.690,0.690,0.690,115,1
0.650,0.650,0.650,0.700,0.700,0.700,0.750,0.750,0.750,0.700,0.700,0.700,110,1
0.650,0.650,0.650,0.700,0.700,0.700,0.730,0.730,0.730,0.700,0.700,0.700,834,1
0.650,0.650,0.650,0.700,0.700,0.700,0.720,0.720,0.720,0.700,0.700,0.700,272,1
0.700,0.700,0.700,0.750,0.750,0.750,0.700,0.700,0.700,0.680,0.680,0.680,488,1
0.700,0.700,0.700,0.750,0.750,0.750,0.700,0.700,0.700,0.650,0.650,0.650,881,1
0.700,0.700,0.700,0.700,0.700,0.700,0.700,0.700,0.700,0.710,0.710,0.710,315,2
0.650,0.650,0.650,0.700,0.700,0.700,0.660,0.660,0.660,0.700,0.700,0.700,728,2
0.700,0.700,0.700,0.750,0.750,0.750,0.700,0.700,0.700,0.690,0.690,0.690,291,1
0.700,0.700,0.700,0.750,0.750,0.750,0.700,0.700,0.700,0.700,0.700,0.700,61,2
0.650,0.650,0.650,0.700,0.700,0.700,0.650,0.650,0.650,0.700,0.700,0.700,760,2
0.700,0.700,0.700,0.700,0.700,0.700,0.700,0.700,0.700,0.660,0.660,0.660,508,1
0.700,0.700,0.700,0.750,0.750,0.750,0.700,0.700,0.700,0.700,0.700,0.700,919,2
0.700,0.700,0.700,0.750,0.750,0.750,0.700,0.700,0.700,0.730,0.730,0.730,229,2
0.700,0.700,0.700,0.700,0.700,0.700,0.700,0.700,0.700,0.680,0.680,0.680,378,1
0.750,0.750,0.750,0.700,0.700,0.700,0.700,0.700,0.700,0.700,0.700,0.700,160,1
0.750,0.750,0.750,0.700,0.700,0.700,0.750,0.750,0.750,0.700,0.700,0.700,957,1
0.700,0.700,0.700,0.700,0.700,0.700,0.700,0.700,0.700,0.660,0.660,0.660,640,1
0.700,0.700,0.700,0.700,0.700,0.700,0.680,0.680,0.680,0.700,0.700,0.700,444,2
0.700,0.700,0.700,0.700,0.700,0.700,0.670,0.670,0.670,0.700,0.700,0.700,179,2
0.700,0.700,0.700,0.750,0.750,0.750,0.700,0.700,0.700,0.680,0.680,0.680,983,1
0.700,0.700,0.700,0.650,0.650,0.650,0.700,0.700,0.700,0.700,0.700,0.700,303,2
0.700,0.700,0.700,0.650,0.650,0.650,0.700,0.700,0.700,0.650,0.650,0.650,298,1
0.700,0.700,0.700,0.750,0.750,0.750,0.700,0.700,0.700,0.740,0.740,0.740,131,2
0.750,0.750,0.750,0.700,0.700,0.700,0.680,0.680,0.680,0.700,0.700,0.700,917,2
0.700,0.700,0.700,0.650,0.650,0.650,0.700,0.700,0.700,0.700,0.700,0.700,336,2
0.650,0.650,0.650,0.700,0.700,0.700,0.660,0.660,0.660,0.700,0.700,0.700,365,2
0.700,0.700,0.700,0.700,0.700,0.700,0.700,0.700,0.700,0.680,0.680,0.680,477,1
0.700,0.700,0.700,0.700,0.700,0.700,0.750,0.750,0.750,0.700,0.700,0.700,154,1
0.700,0.700,0.700,0.750,0.750,0.750,0.700,0.700,0.700,0.690,0.690,0.690,621,1
0.700,0.700,0.700,0.650,0.650,0.650,0.700,0.700,0.700,0.720,0.720,0.720,833,2
0.650,0.650,0.650,0.700,0.700,0.700,0.660,0.660,0.660,0.700,0.700,0.700,497,2
0.700,0.700,0.700,0.650,0.650,0.650,0.700,0.700,0.700,0.710,0.710,0.710,700,2
0.750,0.750,0.750,0.700,0.700,0.700,0.730,0.730,0.730,0.700,0.700,0.700,856,1
0.700,0.700,0.700,0.700,0.700,0.700,0.750,0.750,0.750,0.700,0.700,0.700,55,1
0.700,0.700,0.700,0.750,0.750,0.750,0.700,0.700,0.700,0.680,0.680,0.680,92,1
0.700,0.700,0.700,0.700,0.700,0.700,0.650,0.650,0.650,0.700,0.700,0.700,936,2
0.700,0.700,0.700,0.650,0.650,0.650,0.700,0.700,0.700,0.690,0.690,0.690,71,1
0.700,0.700,0.700,0.650,0.650,0.650,0.700,0.700,0.700,0.720,0.720,0.720,437,2
0.700,0.700,0.700,0.700,0.700,0.700,0.700,0.700,0.700,0.730,0.730,0.730,86,2
0.700,0.700,0.700,0.750,0.750,0.750,0.700,0.700,0.700,0.690,0.690,0.690,390,1
0.700,0.700,0.700,0.700,0.700,0.700,0.700,0.700,0.700,0.710,0.710,0.710,942,2
0.700,0.700,0.700,0.650,0.650,0.650,0.700,0.700,0.700,0.750,0.750,0.750,704,2
0.700,0.700,0.700,0.750,0.750,0.750,0.700,0.700,0.700,0.740,0.740,0.740,494,2
0.650,0.650,0.650,0.700,0.700,0.700,0.750,0.750,0.750,0.700,0.700,0.700,44,1
0.700,0.700,0.700,0.700,0.700,0.700,0.700,0.700,0.700,0.730,0.730,0.730,218,2
0.700,0.700,0.700,0.700,0.700,0.700,0.700,0.700,0.700,0.650,0.650,0.650,672,1
0.700,0.700,0.700,0.700,0.700,0.700,0.650,0.650,0.650,0.700,0.700,0.700,540,2
0.700,0.700,0.700,0.750,0.750,0.750,0.700,0.700,0.700,0.720,0.720,0.720,822,2
0.700,0.700,0.700,0.700,0.700,0.700,0.690,0.690,0.690,0.700,0.700,0.700,940,2
0.700,0.700,0.700,0.700,0.700,0.700,0.700,0.700,0.700,0.720,0.720,0.720,151,2
0.700,0.700,0.700,0.750,0.750,0.750,0.700,0.700,0.700,0.690,0.690,0.690,192,1
0.700,0.700,0.700,0.700,0.700,0.700,0.700,0.700,0.700,0.710,0.710,0.710,645,2
0.700,0.700,0.700,0.750,0.750,0.750,0.700,0.700,0.700,0.650,0.650,0.650,56,1
0.700,0.700,0.700,0.650,0.650,0.650,0.700,0.700,0.700,0.750,0.750,0.750,638,2
0.700,0.700,0.700,0.650,0.650,0.650,0.700,0.700,0.700,0.670,0.670,0.670,234,1
0.650,0.650,0.650,0.700,0.700,0.700,0.700,0.700,0.700,0.700,0.700,0.700,732,1
0.700,0.700,0.700,0.750,0.750,0.750,0.700,0.700,0.700,0.740,0.740,0.740,197,2
0.700,0.700,0.700,0.700,0.700,0.700,0.650,0.650,0.650,0.700,0.700,0.700,738,2
0.700,0.700,0.700,0.650,0.650,0.650,0.700,0.700,0.700,0.730,0.730,0.730,75,2
0.700,0.700,0.700,0.700,0.700,0.700,0.690,0.690,0.690,0.700,0.700,0.700,478,2
0.650,0.650,0.650,0.700,0.700,0.700,0.680,0.680,0.680,0.700,0.700,0.700,37,2
0.700,0.700,0.700,0.650,0.650,0.650,0.700,0.700,0.700,0.710,0.710,0.710,568,2
0.650,0.650,0.650,0.700,0.700,0.700,0.660,0.660,0.660,0.700,0.700,0.700,431,2
0.750,0.750,0.750,0.700,0.700,0.700,0.730,0.730,0.730,0.700,0.700,0.700,592,1
0.750,0.750,0.750,0.700,0.700,0.700,0.670,0.670,0.670,0.700,0.700,0.700,256,2
0.700,0.700,0.700,0.750,0.750,0.750,0.700,0.700,0.700,0.660,0.660,0.660,222,1
0.700,0.700,0.700,0.700,0.700,0.700,0.670,0.670,0.670,0.700,0.700,0.700,641,2
0.650,0.650,0.650,0.700,0.700,0.700,0.740,0.740,0.740,0.700,0.700,0.700,241,1
0.700,0.700,0.700,0.650,0.650,0.650,0.700,0.700,0.700,0.670,0.670,0.670,399,1
0.700,0.700,0.700,0.700,0.700,0.700,0.680,0.680,0.680,0.700,0.700,0.700,411,2
0.700,0.700,0.700,0.700,0.700,0.700,0.700,0.700,0.700,0.740,0.740,0.740,747,2
0.700,0.700,0.700,0.700,0.700,0.700,0.700,0.700,0.700,0.700,0.700,0.700,83,1
0.750,0.750,0.750,0.700,0.700,0.700,0.700,0.700,0.700,0.700,0.700,0.700,94,1
0.700,0.700,0.700,0.650,0.650,0.650,0.700,0.700,0.700,0.700,0.700,0.700,699,2
0.700,0.700,0.700,0.650,0.650,0.650,0.700,0.700,0.700,0.720,0.720,0.720,569,2
0.700,0.700,0.700,0.650,0.650,0.650,0.700,0.700,0.700,0.750,0.750,0.750,836,2
0.650,0.650,0.650,0.700,0.700,0.700,0.650,0.650,0.650,0.700,0.700,0.700,595,2
0.700,0.700,0.700,0.750,0.750,0.750,0.700,0.700,0.700,0.750,0.750,0.750,297,2
0.750,0.750,0.750,0.700,0.700,0.700,0.730,0.730,0.730,0.700,0.700,0.700,460,1
0.700,0.700,0.700,0.650,0.650,0.650,0.700,0.700,0.700,0.670,0.670,0.670,927,1
0.750,0.750,0.750,0.700,0.700,0.700,0.670,0.670,0.670,0.700,0.700,0.700,982,2
0.750,0.750,0.750,0.700,0.700,0.700,0.740,0.740,0.740,0.700,0.700,0.700,263,1
0.650,0.650,0.650,0.700,0.700,0.700,0.650,0.650,0.650,0.700,0.700,0.700,166,2
0.700,0.700,0.700,0.750,0.750,0.750,0.700,0.700,0.700,0.740,0.740,0.740,725,2
0.650,0.650,0.650,0.700,0.700,0.700,0.680,0.680,0.680,0.700,0.700,0.700,697,2
0.700,0.700,0.700,0.700,0.700,0.700,0.700,0.700,0.700,0.660,0.660,0.660,904,1
0.650,0.650,0.650,0.700,0.700,0.700,0.720,0.720,0.720,0.700,0.700,0.700,338,1
0.650,0.650,0.650,0.700,0.700,0.700,0.690,0.690,0.690,0.700,0.700,0.700,797,2
0.750,0.750,0.750,0.700,0.700,0.700,0.700,0.700,0.700,0.700,0.700,0.700,622,1
0.700,0.700,0.700,0.750,0.750,0.750,0.700,0.700,0.700,0.750,0.750,0.750,726,2
0.700,0.700,0.700,0.700,0.700,0.700,0.740,0.740,0.740,0.700,0.700,0.700,54,1
0.650,0.650,0.650,0.700,0.700,0.700,0.650,0.650,0.650,0.700,0.700,0.700,34,2
0.650,0.650,0.650,0.700,0.700,0.700,0.750,0.750,0.750,0.700,0.700,0.700,308,1
0.750,0.750,0.750,0.700,0.700,0.700,0.700,0.700,0.700,0.700,0.700,0.700,985,1
0.700,0.700,0.700,0.700,0.700,0.700,0.700,0.700,0.700,0.700,0.700,0.700,644,2
0.700,0.700,0.700,0.700,0.700,0.700,0.700,0.700,0.700,0.700,0.700,0.700,479,1
0.650,0.650,0.650,0.700,0.700,0.700,0.670,0.670,0.670,0.700,0.700,0.700,300,2
0.700,0.700,0.700,0.650,0.650,0.650,0.700,0.700,0.700,0.730,0.730,0.730,669,2
0.650,0.650,0.650,0.700,0.700,0.700,0.700,0.700,0.700,0.700,0.700,0.700,501,1
0.700,0.700,0.700,0.700,0.700,0.700,0.680,0.680,0.680,0.700,0.700,0.700,807,2
0.700,0.700,0.700,0.650,0.650,0.650,0.700,0.700,0.700,0.660,0.660,0.660,860,1
0.750,0.750,0.750,0.700,0.700,0.700,0.700,0.700,0.700,0.700,0.700,0.700,952,1
0.700,0.700,0.700,0.750,0.750,0.750,0.700,0.700,0.700,0.670,0.670,0.670,883,1
0.700,0.700,0.700,0.650,0.650,0.650,0.700,0.700,0.700,0.670,0.670,0.670,960,1
0.750,0.750,0.750,0.700,0.700,0.700,0.730,0.730,0.730,0.700,0.700,0.700,889,1
0.750,0.750,0.750,0.700,0.700,0.700,0.710,0.710,0.710,0.700,0.700,0.700,161,1
0.650,0.650,0.650,0.700,0.700,0.700,0.730,0.730,0.730,0.700,0.700,0.700,735,1
0.750,0.750,0.750,0.700,0.700,0.700,0.670,0.670,0.670,0.700,0.700,0.700,487,2
0.650,0.650,0.650,0.700,0.700,0.700,0.750,0.750,0.750,0.700,0.700,0.700,176,1
0.700,0.700,0.700,0.650,0.650,0.650,0.700,0.700,0.700,0.660,0.660,0.660,233,1
0.650,0.650,0.650,0.700,0.700,0.700,0.700,0.700,0.700,0.700,0.700,0.700,270,1
0.700,0.700,0.700,0.700,0.700,0.700,0.700,0.700,0.700,0.680,0.680,0.680,939,1
0.700,0.700,0.700,0.700,0.700,0.700,0.720,0.720,0.720,0.700,0.700,0.700,184,1
0.700,0.700,0.700,0.700,0.700,0.700,0.730,0.730,0.730,0.700,0.700,0.700,383,1
0.700,0.700,0.700,0.650,0.650,0.650,0.700,0.700,0.700,0.730,0.730,0.730,636,2
0.700,0.700,0.700,0.700,0.700,0.700,0.740,0.740,0.740,0.700,0.700,0.700,582,1
0.650,0.650,0.650,0.700,0.700,0.700,0.700,0.700,0.700,0.700,0.700,0.700,138,1
0.750,0.750,0.750,0.700,0.700,0.700,0.700,0.700,0.700,0.700,0.700,0.700,556,1
0.750,0.750,0.750,0.700,0.700,0.700,0.670,0.670,0.670,0.700,0.700,0.700,520,2
0.700,0.700,0.700,0.700,0.700,0.700,0.750,0.750,0.750,0.700,0.700,0.700,913,1
0.700,0.700,0.700,0.650,0.650,0.650,0.700,0.700,0.700,0.660,0.660,0.660,464,1
0.700,0.700,0.700,0.650,0.650,0.650,0.700,0.700,0.700,0.690,0.690,0.690,896,1
0.700,0.700,0.700,0.650,0.650,0.650,0.700,0.700,0.700,0.650,0.650,0.650,826,1
0.700,0.700,0.700,0.700,0.700,0.700,0.700,0.700,0.700,0.660,0.660,0.660,145,1
0.700,0.700,0.700,0.700,0.700,0.700,0.700,0.700,0.700,0.670,0.670,0.670,971,1
0.650,0.650,0.650,0.700,0.700,0.700,0.700,0.700,0.700,0.700,0.700,0.700,897,1
0.700,0.700,0.700,0.700,0.700,0.700,0.700,0.700,0.700,0.690,0.690,0.690,742,1
0.700,0.700,0.700,0.700,0.700,0.700,0.700,0.700,0.700,0.750,0.750,0.750,121,2
0.700,0.700,0.700,0.700,0.700,0.700,0.650,0.650,0.650,0.700,0.700,0.700,507,2
0.700,0.700,0.700,0.700,0.700,0.700,0.700,0.700,0.700,0.710,0.710,0.710,843,2
0.750,0.750,0.750,0.700,0.700,0.700,0.670,0.670,0.670,0.700,0.700,0.700,850,2
0.750,0.750,0.750,0.700,0.700,0.700,0.670,0.670,0.670,0.700,0.700,0.700,289,2
0.650,0.650,0.650,0.700,0.700,0.700,0.660,0.660,0.660,0.700,0.700,0.700,101,2
0.650,0.650,0.650,0.700,0.700,0.700,0.690,0.690,0.690,0.700,0.700,0.700,599,2
0.750,0.750,0.750,0.700,0.700,0.700,0.680,0.680,0.680,0.700,0.700,0.700,752,2
0.700,0.700,0.700,0.750,0.750,0.750,0.700,0.700,0.700,0.710,0.710,0.710,425,2
0.700,0.700,0.700,0.700,0.700,0.700,0.700,0.700,0.700,0.670,0.670,0.670,608,1
0.750,0.750,0.750,0.700,0.700,0.700,0.670,0.670,0.670,0.700,0.700,0.700,652,2
0.650,0.650,0.650,0.700,0.700,0.700,0.660,0.660,0.660,0.700,0.700,0.700,827,2
0.700,0.700,0.700,0.700,0.700,0.700,0.700,0.700,0.700,0.670,0.670,0.670,245,1
0.700,0.700,0.700,0.750,0.750,0.750,0.700,0.700,0.700,0.740,0.740,0.740,758,2
0.700,0.700,0.700,0.650,0.650,0.650,0.700,0.700,0.700,0.700,0.700,0.700,369,2
0.700,0.700,0.700,0.750,0.750,0.750,0.700,0.700,0.700,0.740,0.740,0.740,890,2
0.700,0.700,0.700,0.750,0.750,0.750,0.700,0.700,0.700,0.740,0.740,0.740,824,2
0.700,0.700,0.700,0.700,0.700,0.700,0.680,0.680,0.680,0.700,0.700,0.700,873,2
0.750,0.750,0.750,0.700,0.700,0.700,0.740,0.740,0.740,0.700,0.700,0.700,659,1
0.750,0.750,0.750,0.700,0.700,0.700,0.660,0.660,0.660,0.700,0.700,0.700,387,2
0.750,0.750,0.750,0.700,0.700,0.700,0.720,0.720,0.720,0.700,0.700,0.700,360,1
0.700,0.700,0.700,0.750,0.750,0.750,0.700,0.700,0.700,0.690,0.690,0.690,489,1
0.700,0.700,0.700,0.700,0.700,0.700,0.680,0.680,0.680,0.700,0.700,0.700,147,2
0.700,0.700,0.700,0.750,0.750,0.750,0.700,0.700,0.700,0.750,0.750,0.750,231,2
0.700,0.700,0.700,0.700,0.700,0.700,0.690,0.690,0.690,0.700,0.700,0.700,49,2
0.700,0.700,0.700,0.700,0.700,0.700,0.700,0.700,0.700,0.650,0.650,0.650,903,1
0.700,0.700,0.700,0.650,0.650,0.650,0.700,0.700,0.700,0.670,0.670,0.670,135,1
0.700,0.700,0.700,0.750,0.750,0.750,0.700,0.700,0.700,0.710,0.710,0.710,920,2
0.750,0.750,0.750,0.700,0.700,0.700,0.670,0.670,0.670,0.700,0.700,0.700,685,2
0.700,0.700,0.700,0.650,0.650,0.650,0.700,0.700,0.700,0.700,0.700,0.700,534,2
0.700,0.700,0.700,0.650,0.650,0.650,0.700,0.700,0.700,0.680,0.680,0.680,334,1
0.700,0.700,0.700,0.700,0.700,0.700,0.710,0.710,0.710,0.700,0.700,0.700,909,1
0.700,0.700,0.700,0.750,0.750,0.750,0.700,0.700,0.700,0.690,0.690,0.690,159,1
0.700,0.700,0.700,0.650,0.650,0.650,0.700,0.700,0.700,0.650,0.650,0.650,232,1
0.750,0.750,0.750,0.700,0.700,0.700,0.650,0.650,0.650,0.700,0.700,0.700,782,2
0.700,0.700,0.700,0.700,0.700,0.700,0.700,0.700,0.700,0.730,0.730,0.730,878,2
0.650,0.650,0.650,0.700,0.700,0.700,0.730,0.730,0.730,0.700,0.700,0.700,9,1
0.700,0.700,0.700,0.700,0.700,0.700,0.700,0.700,0.700,0.680,0.680,0.680,741,1
0.700,0.700,0.700,0.650,0.650,0.650,0.700,0.700,0.700,0.670,0.670,0.670,36,1
0.700,0.700,0.700,0.700,0.700,0.700,0.730,0.730,0.730,0.700,0.700,0.700,614,1
0.700,0.700,0.700,0.750,0.750,0.750,0.700,0.700,0.700,0.710,0.710,0.710,854,2
0.750,0.750,0.750,0.700,0.700,0.700,0.700,0.700,0.700,0.700,0.700,0.700,325,1
0.700,0.700,0.700,0.750,0.750,0.750,0.700,0.700,0.700,0.710,0.710,0.710,359,2
0.650,0.650,0.650,0.700,0.700,0.700,0.700,0.700,0.700,0.700,0.700,0.700,600,1
0.750,0.750,0.750,0.700,0.700,0.700,0.660,0.660,0.660,0.700,0.700,0.700,354,2
0.700,0.700,0.700,0.700,0.700,0.700,0.700,0.700,0.700,0.740,0.740,0.740,681,2
0.700,0.700,0.700,0.750,0.750,0.750,0.700,0.700,0.700,0.730,0.730,0.730,724,2
0.750,0.750,0.750,0.700,0.700,0.700,0.710,0.710,0.710,0.700,0.700,0.700,29,1
0.650,0.650,0.650,0.700,0.700,0.700,0.710,0.710,0.710,0.700,0.700,0.700,535,1
0.700,0.700,0.700,0.700,0.700,0.700,0.700,0.700,0.700,0.660,0.660,0.660,970,1
0.700,0.700,0.700,0.650,0.650,0.650,0.700,0.700,0.700,0.720,0.720,0.720,8,2
0.700,0.700,0.700,0.700,0.700,0.700,0.700,0.700,0.700,0.690,0.690,0.690,577,1
0.700,0.700,0.700,0.650,0.650,0.650,0.700,0.700,0.700,0.660,0.660,0.660,68,1
0.700,0.700,0.700,0.700,0.700,0.700,0.700,0.700,0.700,0.750,0.750,0.750,748,2
0.750,0.750,0.750,0.700,0.700,0.700,0.670,0.670,0.670,0.700,0.700,0.700,817,2
0.750,0.750,0.750,0.700,0.700,0.700,0.690,0.690,0.690,0.700,0.700,0.700,819,2
0.700,0.700,0.700,0.750,0.750,0.750,0.700,0.700,0.700,0.730,0.730,0.730,130,2
0.700,0.700,0.700,0.650,0.650,0.650,0.700,0.700,0.700,0.680,0.680,0.680,829,1
0.700,0.700,0.700,0.700,0.700,0.700,0.700,0.700,0.700,0.700,0.700,0.700,149,2
0.700,0.700,0.700,0.750,0.750,0.750,0.700,0.700,0.700,0.750,0.750,0.750,264,2
0.700,0.700,0.700,0.750,0.750,0.750,0.700,0.700,0.700,0.730,0.730,0.730,823,2
0.700,0.700,0.700,0.700,0.700,0.700,0.730,0.730,0.730,0.700,0.700,0.700,713,1
0.750,0.750,0.750,0.700,0.700,0.700,0.730,0.730,0.730,0.700,0.700,0.700,922,1
0.750,0.750,0.750,0.700,0.700,0.700,0.660,0.660,0.660,0.700,0.700,0.700,255,2
0.750,0.750,0.750,0.700,0.700,0.700,0.690,0.690,0.690,0.700,0.700,0.700,423,2
0.700,0.700,0.700,0.750,0.750,0.750,0.700,0.700,0.700,0.660,0.660,0.660,849,1
0.700,0.700,0.700,0.700,0.700,0.700,0.700,0.700,0.700,0.670,0.670,0.670,14,1
0.700,0.700,0.700,0.750,0.750,0.750,0.700,0.700,0.700,0.710,0.710,0.710,755,2
0.700,0.700,0.700,0.700,0.700,0.700,0.720,0.720,0.720,0.700,0.700,0.700,19,1
0.650,0.650,0.650,0.700,0.700,0.700,0.660,0.660,0.660,0.700,0.700,0.700,695,2
0.650,0.650,0.650,0.700,0.700,0.700,0.740,0.740,0.740,0.700,0.700,0.700,208,1
0.700,0.700,0.700,0.700,0.700,0.700,0.700,0.700,0.700,0.740,0.740,0.740,21,2
0.650,0.650,0.650,0.700,0.700,0.700,0.750,0.750,0.750,0.700,0.700,0.700,407,1
0.750,0.750,0.750,0.700,0.700,0.700,0.690,0.690,0.690,0.700,0.700,0.700,258,2
0.650,0.650,0.650,0.700,0.700,0.700,0.700,0.700,0.700,0.700,0.700,0.700,567,1
0.700,0.700,0.700,0.700,0.700,0.700,0.750,0.750,0.750,0.700,0.700,0.700,946,1
0.700,0.700,0.700,0.700,0.700,0.700,0.670,0.670,0.670,0.700,0.700,0.700,80,2
0.700,0.700,0.700,0.650,0.650,0.650,0.700,0.700,0.700,0.700,0.700,0.700,435,2
0.700,0.700,0.700,0.750,0.750,0.750,0.700,0.700,0.700,0.740,0.740,0.740,428,2
0.750,0.750,0.750,0.700,0.700,0.700,0.710,0.710,0.710,0.700,0.700,0.700,227,1
0.700,0.700,0.700,0.700,0.700,0.700,0.700,0.700,0.700,0.700,0.700,0.700,182,2
0.750,0.750,0.750,0.700,0.700,0.700,0.750,0.750,0.750,0.700,0.700,0.700,396,1
0.700,0.700,0.700,0.700,0.700,0.700,0.700,0.700,0.700,0.740,0.740,0.740,87,2
0.700,0.700,0.700,0.750,0.750,0.750,0.700,0.700,0.700,0.690,0.690,0.690,753,1
0.700,0.700,0.700,0.750,0.750,0.750,0.700,0.700,0.700,0.680,0.680,0.680,125,1
0.650,0.650,0.650,0.700,0.700,0.700,0.740,0.740,0.740,0.700,0.700,0.700,307,1
0.700,0.700,0.700,0.700,0.700,0.700,0.700,0.700,0.700,0.650,0.650,0.650,243,1
0.700,0.700,0.700,0.750,0.750,0.750,0.700,0.700,0.700,0.730,0.730,0.730,361,2
0.650,0.650,0.650,0.700,0.700,0.700,0.720,0.720,0.720,0.700,0.700,0.700,140,1
0.700,0.700,0.700,0.700,0.700,0.700,0.700,0.700,0.700,0.730,0.730,0.730,119,2
0.700,0.700,0.700,0.650,0.650,0.650,0.700,0.700,0.700,0.730,0.730,0.730,141,2
0.700,0.700,0.700,0.700,0.700,0.700,0.700,0.700,0.700,0.720,0.720,0.720,481,2
0.700,0.700,0.700,0.700,0.700,0.700,0.700,0.700,0.700,0.750,0.750,0.750,451,2
0.700,0.700,0.700,0.650,0.650,0.650,0.700,0.700,0.700,0.670,0.670,0.670,3,1
0.700,0.700,0.700,0.700,0.700,0.700,0.690,0.690,0.690,0.700,0.700,0.700,709,2
0.750,0.750,0.750,0.700,0.700,0.700,0.690,0.690,0.690,0.700,0.700,0.700,951,2
0.700,0.700,0.700,0.750,0.750,0.750,0.700,0.700,0.700,0.660,0.660,0.660,321,1
0.700,0.700,0.700,0.650,0.650,0.650,0.700,0.700,0.700,0.750,0.750,0.750,902,2
0.700,0.700,0.700,0.750,0.750,0.750,0.700,0.700,0.700,0.680,0.680,0.680,686,1
0.700,0.700,0.700,0.700,0.700,0.700,0.700,0.700,0.700,0.700,0.700,0.700,743,2
0.700,0.700,0.700,0.650,0.650,0.650,0.700,0.700,0.700,0.650,0.650,0.650,793,1
0.750,0.750,0.750,0.700,0.700,0.700,0.730,0.730,0.730,0.700,0.700,0.700,394,1
0.700,0.700,0.700,0.750,0.750,0.750,0.700,0.700,0.700,0.750,0.750,0.750,99,2
0.650,0.650,0.650,0.700,0.700,0.700,0.680,0.680,0.680,0.700,0.700,0.700,202,2
0.650,0.650,0.650,0.700,0.700,0.700,0.740,0.740,0.740,0.700,0.700,0.700,571,1
0.700,0.700,0.700,0.750,0.750,0.750,0.700,0.700,0.700,0.690,0.690,0.690,522,1
0.700,0.700,0.700,0.700,0.700,0.700,0.670,0.670,0.670,0.700,0.700,0.700,674,2
0.700,0.700,0.700,0.650,0.650,0.650,0.700,0.700,0.700,0.680,0.680,0.680,598,1
0.750,0.750,0.750,0.700,0.700,0.700,0.680,0.680,0.680,0.700,0.700,0.700,818,2
0.700,0.700,0.700,0.650,0.650,0.650,0.700,0.700,0.700,0.700,0.700,0.700,105,2
0.650,0.650,0.650,0.700,0.700,0.700,0.730,0.730,0.730,0.700,0.700,0.700,108,1
0.750,0.750,0.750,0.700,0.700,0.700,0.650,0.650,0.650,0.700,0.700,0.700,419,2
0.700,0.700,0.700,0.650,0.650,0.650,0.700,0.700,0.700,0.680,0.680,0.680,136,1
0.700,0.700,0.700,0.700,0.700,0.700,0.710,0.710,0.710,0.700,0.700,0.700,348,1
0.700,0.700,0.700,0.700,0.700,0.700,0.700,0.700,0.700,0.730,0.730,0.730,251,2
0.750,0.750,0.750,0.700,0.700,0.700,0.650,0.650,0.650,0.700,0.700,0.700,23,2
0.650,0.650,0.650,0.700,0.700,0.700,0.750,0.750,0.750,0.700,0.700,0.700,869,1
0.700,0.700,0.700,0.650,0.650,0.650,0.700,0.700,0.700,0.670,0.670,0.670,696,1
0.700,0.700,0.700,0.750,0.750,0.750,0.700,0.700,0.700,0.690,0.690,0.690,984,1
0.700,0.700,0.700,0.650,0.650,0.650,0.700,0.700,0.700,0.660,0.660,0.660,35,1
0.700,0.700,0.700,0.750,0.750,0.750,0.700,0.700,0.700,0.720,0.720,0.720,261,2
0.700,0.700,0.700,0.700,0.700,0.700,0.680,0.680,0.680,0.700,0.700,0.700,510,2
0.700,0.700,0.700,0.750,0.750,0.750,0.700,0.700,0.700,0.750,0.750,0.750,462,2
0.650,0.650,0.650,0.700,0.700,0.700,0.720,0.720,0.720,0.700,0.700,0.700,701,1
0.700,0.700,0.700,0.750,0.750,0.750,0.700,0.700,0.700,0.720,0.720,0.720,129,2
0.700,0.700,0.700,0.700,0.700,0.700,0.700,0.700,0.700,0.690,0.690,0.690,544,1
0.700,0.700,0.700,0.650,0.650,0.650,0.700,0.700,0.700,0.650,0.650,0.650,463,1
0.750,0.750,0.750,0.700,0.700,0.700,0.720,0.720,0.720,0.700,0.700,0.700,195,1
0.700,0.700,0.700,0.700,0.700,0.700,0.740,0.740,0.740,0.700,0.700,0.700,648,1
0.700,0.700,0.700,0.700,0.700,0.700,0.730,0.730,0.730,0.700,0.700,0.700,548,1
0.700,0.700,0.700,0.650,0.650,0.650,0.700,0.700,0.700,0.740,0.740,0.740,802,2
0.650,0.650,0.650,0.700,0.700,0.700,0.660,0.660,0.660,0.700,0.700,0.700,662,2
0.750,0.750,0.750,0.700,0.700,0.700,0.670,0.670,0.670,0.700,0.700,0.700,784,2
0.700,0.700,0.700,0.700,0.700,0.700,0.750,0.750,0.750,0.700,0.700,0.700,220,1
0.700,0.700,0.700,0.700,0.700,0.700,0.730,0.730,0.730,0.700,0.700,0.700,680,1
0.750,0.750,0.750,0.700,0.700,0.700,0.690,0.690,0.690,0.700,0.700,0.700,357,2
0.700,0.700,0.700,0.750,0.750,0.750,0.700,0.700,0.700,0.700,0.700,0.700,259,2
0.650,0.650,0.650,0.700,0.700,0.700,0.650,0.650,0.650,0.700,0.700,0.700,859,2
0.650,0.650,0.650,0.700,0.700,0.700,0.730,0.730,0.730,0.700,0.700,0.700,405,1
0.650,0.650,0.650,0.700,0.700,0.700,0.690,0.690,0.690,0.700,0.700,0.700,38,2
0.700,0.700,0.700,0.750,0.750,0.750,0.700,0.700,0.700,0.690,0.690,0.690,555,1
0.700,0.700,0.700,0.650,0.650,0.650,0.700,0.700,0.700,0.680,0.680,0.680,763,1
0.750,0.750,0.750,0.700,0.700,0.700,0.750,0.750,0.750,0.700,0.700,0.700,924,1
0.700,0.700,0.700,0.650,0.650,0.650,0.700,0.700,0.700,0.730,0.730,0.730,900,2
0.700,0.700,0.700,0.700,0.700,0.700,0.700,0.700,0.700,0.720,0.720,0.720,712,2
0.750,0.750,0.750,0.700,0.700,0.700,0.720,0.720,0.720,0.700,0.700,0.700,756,1
0.700,0.700,0.700,0.700,0.700,0.700,0.650,0.650,0.650,0.700,0.700,0.700,276,2
0.700,0.700,0.700,0.700,0.700,0.700,0.730,0.730,0.730,0.700,0.700,0.700,152,1
0.700,0.700,0.700,0.650,0.650,0.650,0.700,0.700,0.700,0.720,0.720,0.720,668,2
0.650,0.650,0.650,0.700,0.700,0.700,0.730,0.730,0.730,0.700,0.700,0.700,240,1
0.650,0.650,0.650,0.700,0.700,0.700,0.660,0.660,0.660,0.700,0.700,0.700,761,2
0.700,0.700,0.700,0.750,0.750,0.750,0.700,0.700,0.700,0.740,0.740,0.740,461,2
0.700,0.700,0.700,0.700,0.700,0.700,0.700,0.700,0.700,0.660,0.660,0.660,574,1
0.650,0.650,0.650,0.700,0.700,0.700,0.670,0.670,0.670,0.700,0.700,0.700,333,2
0.750,0.750,0.750,0.700,0.700,0.700,0.750,0.750,0.750,0.700,0.700,0.700,330,1
0.650,0.650,0.650,0.700,0.700,0.700,0.680,0.680,0.680,0.700,0.700,0.700,796,2
0.700,0.700,0.700,0.700,0.700,0.700,0.660,0.660,0.660,0.700,0.700,0.700,739,2
0.700,0.700,0.700,0.700,0.700,0.700,0.700,0.700,0.700,0.710,0.710,0.710,678,2
0.700,0.700,0.700,0.750,0.750,0.750,0.700,0.700,0.700,0.660,0.660,0.660,585,1
0.700,0.700,0.700,0.750,0.750,0.750,0.700,0.700,0.700,0.680,0.680,0.680,59,1
0.700,0.700,0.700,0.750,0.750,0.750,0.700,0.700,0.700,0.710,0.710,0.710,128,2
0.700,0.700,0.700,0.700,0.700,0.700,0.700,0.700,0.700,0.730,0.730,0.730,779,2
0.700,0.700,0.700,0.750,0.750,0.750,0.700,0.700,0.700,0.660,0.660,0.660,189,1
0.700,0.700,0.700,0.700,0.700,0.700,0.750,0.750,0.750,0.700,0.700,0.700,979,1
0.650,0.650,0.650,0.700,0.700,0.700,0.650,0.650,0.650,0.700,0.700,0.700,727,2
0.750,0.750,0.750,0.700,0.700,0.700,0.690,0.690,0.690,0.700,0.700,0.700,687,2
0.700,0.700,0.700,0.750,0.750,0.750,0.700,0.700,0.700,0.660,0.660,0.660,420,1
0.700,0.700,0.700,0.700,0.700,0.700,0.700,0.700,0.700,0.650,0.650,0.650,111,1
0.700,0.700,0.700,0.700,0.700,0.700,0.700,0.700,0.700,0.750,0.750,0.750,517,2
0.650,0.650,0.650,0.700,0.700,0.700,0.650,0.650,0.650,0.700,0.700,0.700,892,2
0.700,0.700,0.700,0.700,0.700,0.700,0.650,0.650,0.650,0.700,0.700,0.700,210,2
0.700,0.700,0.700,0.650,0.650,0.650,0.700,0.700,0.700,0.720,0.720,0.720,206,2
0.700,0.700,0.700,0.650,0.650,0.650,0.700,0.700,0.700,0.730,0.730,0.730,933,2
0.750,0.750,0.750,0.700,0.700,0.700,0.730,0.730,0.730,0.700,0.700,0.700,493,1
0.700,0.700,0.700,0.750,0.750,0.750,0.700,0.700,0.700,0.660,0.660,0.660,981,1
0.700,0.700,0.700,0.750,0.750,0.750,0.700,0.700,0.700,0.710,0.710,0.710,821,2
0.700,0.700,0.700,0.700,0.700,0.700,0.700,0.700,0.700,0.720,0.720,0.720,514,2
0.650,0.650,0.650,0.700,0.700,0.700,0.730,0.730,0.730,0.700,0.700,0.700,438,1
0.700,0.700,0.700,0.750,0.750,0.750,0.700,0.700,0.700,0.740,0.740,0.740,923,2
0.700,0.700,0.700,0.700,0.700,0.700,0.670,0.670,0.670,0.700,0.700,0.700,47,2
0.700,0.700,0.700,0.650,0.650,0.650,0.700,0.700,0.700,0.670,0.670,0.670,663,1
0.700,0.700,0.700,0.750,0.750,0.750,0.700,0.700,0.700,0.720,0.720,0.720,921,2
0.700,0.700,0.700,0.750,0.750,0.750,0.700,0.700,0.700,0.680,0.680,0.680,884,1
0.700,0.700,0.700,0.650,0.650,0.650,0.700,0.700,0.700,0.670,0.670,0.670,564,1
0.700,0.700,0.700,0.750,0.750,0.750,0.700,0.700,0.700,0.730,0.730,0.730,328,2
0.700,0.700,0.700,0.650,0.650,0.650,0.700,0.700,0.700,0.670,0.670,0.670,861,1
0.650,0.650,0.650,0.700,0.700,0.700,0.700,0.700,0.700,0.700,0.700,0.700,6,1
0.700,0.700,0.700,0.700,0.700,0.700,0.700,0.700,0.700,0.750,0.750,0.750,88,2
0.700,0.700,0.700,0.700,0.700,0.700,0.700,0.700,0.700,0.660,0.660,0.660,409,1
0.650,0.650,0.650,0.700,0.700,0.700,0.690,0.690,0.690,0.700,0.700,0.700,203,2
0.750,0.750,0.750,0.700,0.700,0.700,0.660,0.660,0.660,0.700,0.700,0.700,783,2
0.650,0.650,0.650,0.700,0.700,0.700,0.660,0.660,0.660,0.700,0.700,0.700,2,2
0.700,0.700,0.700,0.700,0.700,0.700,0.670,0.670,0.670,0.700,0.700,0.700,410,2
0.700,0.700,0.700,0.700,0.700,0.700,0.660,0.660,0.660,0.700,0.700,0.700,46,2
0.750,0.750,0.750,0.700,0.700,0.700,0.750,0.750,0.750,0.700,0.700,0.700,132,1
0.700,0.700,0.700,0.700,0.700,0.700,0.700,0.700,0.700,0.700,0.700,0.700,50,1
0.700,0.700,0.700,0.700,0.700,0.700,0.700,0.700,0.700,0.700,0.700,0.700,314,2
0.700,0.700,0.700,0.750,0.750,0.750,0.700,0.700,0.700,0.700,0.700,0.700,820,2
0.750,0.750,0.750,0.700,0.700,0.700,0.700,0.700,0.700,0.700,0.700,0.700,358,1
0.700,0.700,0.700,0.750,0.750,0.750,0.700,0.700,0.700,0.750,0.750,0.750,990,2
0.700,0.700,0.700,0.750,0.750,0.750,0.700,0.700,0.700,0.680,0.680,0.680,521,1
0.650,0.650,0.650,0.700,0.700,0.700,0.730,0.730,0.730,0.700,0.700,0.700,42,1
0.700,0.700,0.700,0.700,0.700,0.700,0.690,0.690,0.690,0.700,0.700,0.700,82,2
0.750,0.750,0.750,0.700,0.700,0.700,0.670,0.670,0.670,0.700,0.700,0.700,751,2
0.700,0.700,0.700,0.700,0.700,0.700,0.730,0.730,0.730,0.700,0.700,0.700,482,1
0.650,0.650,0.650,0.700,0.700,0.700,0.660,0.660,0.660,0.700,0.700,0.700,167,2
0.700,0.700,0.700,0.700,0.700,0.700,0.700,0.700,0.700,0.750,0.750,0.750,418,2
0.700,0.700,0.700,0.700,0.700,0.700,0.700,0.700,0.700,0.740,0.740,0.740,186,2
0.750,0.750,0.750,0.700,0.700,0.700,0.710,0.710,0.710,0.700,0.700,0.700,95,1
0.700,0.700,0.700,0.700,0.700,0.700,0.700,0.700,0.700,0.710,0.710,0.710,216,2
0.700,0.700,0.700,0.750,0.750,0.750,0.700,0.700,0.700,0.750,0.750,0.750,759,2
0.650,0.650,0.650,0.700,0.700,0.700,0.660,0.660,0.660,0.700,0.700,0.700,629,2
0.650,0.650,0.650,0.700,0.700,0.700,0.660,0.660,0.660,0.700,0.700,0.700,959,2
0.650,0.650,0.650,0.700,0.700,0.700,0.700,0.700,0.700,0.700,0.700,0.700,765,1
0.700,0.700,0.700,0.700,0.700,0.700,0.730,0.730,0.730,0.700,0.700,0.700,581,1
0.650,0.650,0.650,0.700,0.700,0.700,0.740,0.740,0.740,0.700,0.700,0.700,769,1
0.700,0.700,0.700,0.700,0.700,0.700,0.740,0.740,0.740,0.700,0.700,0.700,153,1
0.750,0.750,0.750,0.700,0.700,0.700,0.730,0.730,0.730,0.700,0.700,0.700,31,1
0.700,0.700,0.700,0.700,0.700,0.700,0.700,0.700,0.700,0.740,0.740,0.740,978,2
0.700,0.700,0.700,0.700,0.700,0.700,0.700,0.700,0.700,0.690,0.690,0.690,775,1
0.650,0.650,0.650,0.700,0.700,0.700,0.660,0.660,0.660,0.700,0.700,0.700,266,2
0.700,0.700,0.700,0.650,0.650,0.650,0.700,0.700,0.700,0.690,0.690,0.690,104,1
0.700,0.700,0.700,0.700,0.700,0.700,0.740,0.740,0.740,0.700,0.700,0.700,945,1
0.650,0.650,0.650,0.700,0.700,0.700,0.690,0.690,0.690,0.700,0.700,0.700,170,2
0.700,0.700,0.700,0.750,0.750,0.750,0.700,0.700,0.700,0.720,0.720,0.720,459,2
0.700,0.700,0.700,0.700,0.700,0.700,0.650,0.650,0.650,0.700,0.700,0.700,870,2
0.700,0.700,0.700,0.700,0.700,0.700,0.700,0.700,0.700,0.650,0.650,0.650,705,1
0.700,0.700,0.700,0.700,0.700,0.700,0.660,0.660,0.660,0.700,0.700,0.700,343,2
0.700,0.700,0.700,0.700,0.700,0.700,0.700,0.700,0.700,0.670,0.670,0.670,377,1
0.650,0.650,0.650,0.700,0.700,0.700,0.650,0.650,0.650,0.700,0.700,0.700,199,2
0.650,0.650,0.650,0.700,0.700,0.700,0.670,0.670,0.670,0.700,0.700,0.700,267,2
0.700,0.700,0.700,0.700,0.700,0.700,0.710,0.710,0.710,0.700,0.700,0.700,975,1
0.650,0.650,0.650,0.700,0.700,0.700,0.720,0.720,0.720,0.700,0.700,0.700,965,1
0.700,0.700,0.700,0.650,0.650,0.650,0.700,0.700,0.700,0.730,0.730,0.730,966,2
0.700,0.700,0.700,0.700,0.700,0.700,0.750,0.750,0.750,0.700,0.700,0.700,781,1
0.700,0.700,0.700,0.650,0.650,0.650,0.700,0.700,0.700,0.690,0.690,0.690,698,1
0.650,0.650,0.650,0.700,0.700,0.700,0.740,0.740,0.740,0.700,0.700,0.700,142,1
0.750,0.750,0.750,0.700,0.700,0.700,0.670,0.670,0.670,0.700,0.700,0.700,388,2
0.700,0.700,0.700,0.750,0.750,0.750,0.700,0.700,0.700,0.720,0.720,0.720,63,2
0.700,0.700,0.700,0.750,0.750,0.750,0.700,0.700,0.700,0.740,0.740,0.740,791,2
0.700,0.700,0.700,0.650,0.650,0.650,0.700,0.700,0.700,0.710,0.710,0.710,799,2
0.750,0.750,0.750,0.700,0.700,0.700,0.720,0.720,0.720,0.700,0.700,0.700,690,1
0.750,0.750,0.750,0.700,0.700,0.700,0.750,0.750,0.750,0.700,0.700,0.700,429,1
0.700,0.700,0.700,0.700,0.700,0.700,0.730,0.730,0.730,0.700,0.700,0.700,944,1
0.700,0.700,0.700,0.750,0.750,0.750,0.700,0.700,0.700,0.700,0.700,0.700,589,2
0.700,0.700,0.700,0.750,0.750,0.750,0.700,0.700,0.700,0.740,0.740,0.740,956,2
0.700,0.700,0.700,0.700,0.700,0.700,0.700,0.700,0.700,0.690,0.690,0.690,445,1
0.650,0.650,0.650,0.700,0.700,0.700,0.670,0.670,0.670,0.700,0.700,0.700,729,2
0.650,0.650,0.650,0.700,0.700,0.700,0.740,0.740,0.740,0.700,0.700,0.700,274,1
0.700,0.700,0.700,0.650,0.650,0.650,0.700,0.700,0.700,0.750,0.750,0.750,275,2
0.700,0.700,0.700,0.650,0.650,0.650,0.700,0.700,0.700,0.730,0.730,0.730,603,2
0.700,0.700,0.700,0.750,0.750,0.750,0.700,0.700,0.700,0.650,0.650,0.650,980,1
0.700,0.700,0.700,0.700,0.700,0.700,0.720,0.720,0.720,0.700,0.700,0.700,415,1
0.700,0.700,0.700,0.700,0.700,0.700,0.700,0.700,0.700,0.750,0.750,0.750,583,2
0.700,0.700,0.700,0.750,0.750,0.750,0.700,0.700,0.700,0.700,0.700,0.700,391,2
0.700,0.700,0.700,0.700,0.700,0.700,0.740,0.740,0.740,0.700,0.700,0.700,846,1
0.650,0.650,0.650,0.700,0.700,0.700,0.720,0.720,0.720,0.700,0.700,0.700,800,1
0.750,0.750,0.750,0.700,0.700,0.700,0.680,0.680,0.680,0.700,0.700,0.700,191,2
0.700,0.700,0.700,0.700,0.700,0.700,0.700,0.700,0.700,0.710,0.710,0.710,183,2
0.700,0.700,0.700,0.750,0.750,0.750,0.700,0.700,0.700,0.740,0.740,0.740,560,2
0.750,0.750,0.750,0.700,0.700,0.700,0.720,0.720,0.720,0.700,0.700,0.700,657,1
0.700,0.700,0.700,0.700,0.700,0.700,0.700,0.700,0.700,0.750,0.750,0.750,484,2
0.700,0.700,0.700,0.700,0.700,0.700,0.700,0.700,0.700,0.750,0.750,0.750,715,2
0.700,0.700,0.700,0.750,0.750,0.750,0.700,0.700,0.700,0.650,0.650,0.650,815,1
0.700,0.700,0.700,0.650,0.650,0.650,0.700,0.700,0.700,0.720,0.720,0.720,899,2
0.700,0.700,0.700,0.700,0.700,0.700,0.700,0.700,0.700,0.680,0.680,0.680,15,1
0.700,0.700,0.700,0.700,0.700,0.700,0.700,0.700,0.700,0.690,0.690,0.690,841,1
0.700,0.700,0.700,0.750,0.750,0.750,0.700,0.700,0.700,0.690,0.690,0.690,93,1
0.700,0.700,0.700,0.700,0.700,0.700,0.730,0.730,0.730,0.700,0.700,0.700,977,1
0.700,0.700,0.700,0.650,0.650,0.650,0.700,0.700,0.700,0.680,0.680,0.680,301,1
0.700,0.700,0.700,0.650,0.650,0.650,0.700,0.700,0.700,0.730,0.730,0.730,471,2
0.700,0.700,0.700,0.750,0.750,0.750,0.700,0.700,0.700,0.730,0.730,0.730,757,2
0.700,0.700,0.700,0.750,0.750,0.750,0.700,0.700,0.700,0.700,0.700,0.700,688,2
0.700,0.700,0.700,0.700,0.700,0.700,0.700,0.700,0.700,0.710,0.710,0.710,876,2
0.650,0.650,0.650,0.700,0.700,0.700,0.650,0.650,0.650,0.700,0.700,0.700,430,2
0.650,0.650,0.650,0.700,0.700,0.700,0.750,0.750,0.750,0.700,0.700,0.700,77,1
0.700,0.700,0.700,0.700,0.700,0.700,0.660,0.660,0.660,0.700,0.700,0.700,772,2
0.700,0.700,0.700,0.700,0.700,0.700,0.700,0.700,0.700,0.650,0.650,0.650,375,1
0.700,0.700,0.700,0.700,0.700,0.700,0.700,0.700,0.700,0.730,0.730,0.730,53,2
0.750,0.750,0.750,0.700,0.700,0.700,0.740,0.740,0.740,0.700,0.700,0.700,989,1
0.700,0.700,0.700,0.650,0.650,0.650,0.700,0.700,0.700,0.720,0.720,0.720,635,2
0.700,0.700,0.700,0.700,0.700,0.700,0.720,0.720,0.720,0.700,0.700,0.700,976,1
0.700,0.700,0.700,0.750,0.750,0.750,0.700,0.700,0.700,0.670,0.670,0.670,718,1
0.650,0.650,0.650,0.700,0.700,0.700,0.680,0.680,0.680,0.700,0.700,0.700,70,2
0.700,0.700,0.700,0.700,0.700,0.700,0.650,0.650,0.650,0.700,0.700,0.700,78,2
0.700,0.700,0.700,0.650,0.650,0.650,0.700,0.700,0.700,0.710,0.710,0.710,73,2
0.700,0.700,0.700,0.700,0.700,0.700,0.700,0.700,0.700,0.740,0.740,0.740,483,2
0.700,0.700,0.700,0.650,0.650,0.650,0.700,0.700,0.700,0.740,0.740,0.740,505,2
0.700,0.700,0.700,0.750,0.750,0.750,0.700,0.700,0.700,0.680,0.680,0.680,356,1
0.650,0.650,0.650,0.700,0.700,0.700,0.710,0.710,0.710,0.700,0.700,0.700,931,1
0.650,0.650,0.650,0.700,0.700,0.700,0.690,0.690,0.690,0.700,0.700,0.700,566,2
0.700,0.700,0.700,0.750,0.750,0.750,0.700,0.700,0.700,0.720,0.720,0.720,591,2
0.700,0.700,0.700,0.700,0.700,0.700,0.700,0.700,0.700,0.700,0.700,0.700,281,2
0.700,0.700,0.700,0.700,0.700,0.700,0.700,0.700,0.700,0.740,0.740,0.740,318,2
0.650,0.650,0.650,0.700,0.700,0.700,0.710,0.710,0.710,0.700,0.700,0.700,601,1
0.750,0.750,0.750,0.700,0.700,0.700,0.680,0.680,0.680,0.700,0.700,0.700,620,2
0.700,0.700,0.700,0.650,0.650,0.650,0.700,0.700,0.700,0.740,0.740,0.740,472,2
0.750,0.750,0.750,0.700,0.700,0.700,0.730,0.730,0.730,0.700,0.700,0.700,196,1
0.650,0.650,0.650,0.700,0.700,0.700,0.720,0.720,0.720,0.700,0.700,0.700,371,1
0.650,0.650,0.650,0.700,0.700,0.700,0.710,0.710,0.710,0.700,0.700,0.700,502,1
0.700,0.700,0.700,0.700,0.700,0.700,0.700,0.700,0.700,0.730,0.730,0.730,284,2
0.700,0.700,0.700,0.700,0.700,0.700,0.710,0.710,0.710,0.700,0.700,0.700,381,1
0.700,0.700,0.700,0.700,0.700,0.700,0.700,0.700,0.700,0.670,0.670,0.670,575,1
0.700,0.700,0.700,0.650,0.650,0.650,0.700,0.700,0.700,0.650,0.650,0.650,331,1
0.650,0.650,0.650,0.700,0.700,0.700,0.680,0.680,0.680,0.700,0.700,0.700,664,2
0.700,0.700,0.700,0.750,0.750,0.750,0.700,0.700,0.700,0.710,0.710,0.710,788,2
0.750,0.750,0.750,0.700,0.700,0.700,0.660,0.660,0.660,0.700,0.700,0.700,486,2
0.700,0.700,0.700,0.700,0.700,0.700,0.690,0.690,0.690,0.700,0.700,0.700,16,2
0.700,0.700,0.700,0.750,0.750,0.750,0.700,0.700,0.700,0.740,0.740,0.740,362,2
0.700,0.700,0.700,0.650,0.650,0.650,0.700,0.700,0.700,0.690,0.690,0.690,962,1
0.750,0.750,0.750,0.700,0.700,0.700,0.700,0.700,0.700,0.700,0.700,0.700,754,1
0.700,0.700,0.700,0.700,0.700,0.700,0.690,0.690,0.690,0.700,0.700,0.700,412,2
0.700,0.700,0.700,0.750,0.750,0.750,0.700,0.700,0.700,0.660,0.660,0.660,618,1
0.700,0.700,0.700,0.700,0.700,0.700,0.700,0.700,0.700,0.650,0.650,0.650,837,1
0.700,0.700,0.700,0.700,0.700,0.700,0.670,0.670,0.670,0.700,0.700,0.700,146,2
0.650,0.650,0.650,0.700,0.700,0.700,0.660,0.660,0.660,0.700,0.700,0.700,893,2
0.700,0.700,0.700,0.650,0.650,0.650,0.700,0.700,0.700,0.690,0.690,0.690,401,1
0.700,0.700,0.700,0.700,0.700,0.700,0.700,0.700,0.700,0.700,0.700,0.700,842,1
0.700,0.700,0.700,0.750,0.750,0.750,0.700,0.700,0.700,0.700,0.700,0.700,490,2
0.700,0.700,0.700,0.700,0.700,0.700,0.650,0.650,0.650,0.700,0.700,0.700,144,2
0.750,0.750,0.750,0.700,0.700,0.700,0.710,0.710,0.710,0.700,0.700,0.700,689,1
0.750,0.750,0.750,0.700,0.700,0.700,0.670,0.670,0.670,0.700,0.700,0.700,223,2
0.750,0.750,0.750,0.700,0.700,0.700,0.650,0.650,0.650,0.700,0.700,0.700,683,2
0.650,0.650,0.650,0.700,0.700,0.700,0.670,0.670,0.670,0.700,0.700,0.700,366,2
0.700,0.700,0.700,0.750,0.750,0.750,0.700,0.700,0.700,0.750,0.750,0.750,858,2
0.750,0.750,0.750,0.700,0.700,0.700,0.710,0.710,0.710,0.700,0.700,0.700,953,1
0.700,0.700,0.700,0.750,0.750,0.750,0.700,0.700,0.700,0.650,0.650,0.650,584,1
0.700,0.700,0.700,0.750,0.750,0.750,0.700,0.700,0.700,0.650,0.650,0.650,485,1
0.750,0.750,0.750,0.700,0.700,0.700,0.740,0.740,0.740,0.700,0.700,0.700,32,1
