0.500,0.500,0.500,0.450,0.450,0.450,0.500,0.500,0.500,0.520,0.520,0.520,866,2
0.500,0.500,0.500,0.500,0.500,0.500,0.500,0.500,0.500,0.490,0.490,0.490,643,1
0.500,0.500,0.500,0.450,0.450,0.450,0.500,0.500,0.500,0.470,0.470,0.470,69,1
0.500,0.500,0.500,0.550,0.550,0.550,0.500,0.500,0.500,0.500,0.500,0.500,160,2
0.450,0.450,0.450,0.500,0.500,0.500,0.510,0.510,0.510,0.500,0.500,0.500,964,1
0.500,0.500,0.500,0.550,0.550,0.550,0.500,0.500,0.500,0.500,0.500,0.500,490,2
0.500,0.500,0.500,0.550,0.550,0.550,0.500,0.500,0.500,0.490,0.490,0.490,654,1
0.550,0.550,0.550,0.500,0.500,0.500,0.460,0.460,0.460,0.500,0.500,0.500,420,2
0.500,0.500,0.500,0.500,0.500,0.500,0.500,0.500,0.500,0.500,0.500,0.500,50,2
0.500,0.500,0.500,0.450,0.450,0.450,0.500,0.500,0.500,0.520,0.520,0.520,635,2
0.450,0.450,0.450,0.500,0.500,0.500,0.550,0.550,0.550,0.500,0.500,0.500,737,1
0.500,0.500,0.500,0.450,0.450,0.450,0.500,0.500,0.500,0.460,0.460,0.460,629,1
0.500,0.500,0.500,0.500,0.500,0.500,0.500,0.500,0.500,0.490,0.490,0.490,82,1
0.500,0.500,0.500,0.550,0.550,0.550,0.500,0.500,0.500,0.500,0.500,0.500,820,2
0.500,0.500,0.500,0.550,0.550,0.550,0.500,0.500,0.500,0.450,0.450,0.450,584,1
0.450,0.450,0.450,0.500,0.500,0.500,0.520,0.520,0.520,0.500,0.500,0.500,569,1
0.500,0.500,0.500,0.450,0.450,0.450,0.500,0.500,0.500,0.520,0.520,0.520,965,2
0.450,0.450,0.450,0.500,0.500,0.500,0.450,0.450,0.450,0.500,0.500,0.500,463,2
0.500,0.500,0.500,0.550,0.550,0.550,0.500,0.500,0.500,0.470,0.470,0.470,619,1
0.500,0.500,0.500,0.450,0.450,0.450,0.500,0.500,0.500,0.540,0.540,0.540,175,2
0.450,0.450,0.450,0.500,0.500,0.500,0.500,0.500,0.500,0.500,0.500,0.500,402,1
0.450,0.450,0.450,0.500,0.500,0.500,0.530,0.530,0.530,0.500,0.500,0.500,405,1
0.500,0.500,0.500,0.500,0.500,0.500,0.520,0.520,0.520,0.500,0.500,0.500,613,1
0.500,0.500,0.500,0.500,0.500,0.500,0.500,0.500,0.500,0.460,0.460,0.460,739,1
0.500,0.500,0.500,0.450,0.450,0.450,0.500,0.500,0.500,0.470,0.470,0.470,399,1
0.500,0.500,0.500,0.450,0.450,0.450,0.500,0.500,0.500,0.530,0.530,0.530,966,2
0.500,0.500,0.500,0.500,0.500,0.500,0.500,0.500,0.500,0.450,0.450,0.450,573,1
0.550,0.550,0.550,0.500,0.500,0.500,0.480,0.480,0.480,0.500,0.500,0.500,686,2
0.500,0.500,0.500,0.450,0.450,0.450,0.500,0.500,0.500,0.460,0.460,0.460,299,1
0.500,0.500,0.500,0.550,0.550,0.550,0.500,0.500,0.500,0.530,0.530,0.530,691,2
0.450,0.450,0.450,0.500,0.500,0.500,0.490,0.490,0.490,0.500,0.500,0.500,665,2
0.550,0.550,0.550,0.500,0.500,0.500,0.530,0.530,0.530,0.500,0.500,0.500,97,1
0.500,0.500,0.500,0.450,0.450,0.450,0.500,0.500,0.500,0.530,0.530,0.530,339,2
0.550,0.550,0.550,0.500,0.500,0.500,0.530,0.530,0.530,0.500,0.500,0.500,988,1
0.500,0.500,0.500,0.450,0.450,0.450,0.500,0.500,0.500,0.510,0.510,0.510,172,2
0.500,0.500,0.500,0.450,0.450,0.450,0.500,0.500,0.500,0.550,0.550,0.550,704,2
0.500,0.500,0.500,0.550,0.550,0.550,0.500,0.500,0.500,0.500,0.500,0.500,193,2
0.450,0.450,0.450,0.500,0.500,0.500,0.450,0.450,0.450,0.500,0.500,0.500,793,2
0.500,0.500,0.500,0.500,0.500,0.500,0.500,0.500,0.500,0.520,0.520,0.520,976,2
0.500,0.500,0.500,0.500,0.500,0.500,0.500,0.500,0.500,0.490,0.490,0.490,544,1
0.450,0.450,0.450,0.500,0.500,0.500,0.500,0.500,0.500,0.500,0.500,0.500,435,1
0.500,0.500,0.500,0.450,0.450,0.450,0.500,0.500,0.500,0.520,0.520,0.520,107,2
0.450,0.450,0.450,0.500,0.500,0.500,0.460,0.460,0.460,0.500,0.500,0.500,233,2
0.500,0.500,0.500,0.500,0.500,0.500,0.500,0.500,0.500,0.530,0.530,0.530,548,2
0.550,0.550,0.550,0.500,0.500,0.500,0.490,0.490,0.490,0.500,0.500,0.500,126,2
0.500,0.500,0.500,0.500,0.500,0.500,0.500,0.500,0.500,0.520,0.520,0.520,547,2
0.500,0.500,0.500,0.550,0.550,0.550,0.500,0.500,0.500,0.470,0.470,0.470,751,1
0.500,0.500,0.500,0.500,0.500,0.500,0.500,0.500,0.500,0.450,0.450,0.450,870,1
0.550,0.550,0.550,0.500,0.500,0.500,0.450,0.450,0.450,0.500,0.500,0.500,551,2
0.500,0.500,0.500,0.450,0.450,0.450,0.500,0.500,0.500,0.450,0.450,0.450,694,1
0.500,0.500,0.500,0.500,0.500,0.500,0.500,0.500,0.500,0.510,0.510,0.510,876,2
0.500,0.500,0.500,0.500,0.500,0.500,0.500,0.500,0.500,0.550,0.550,0.550,451,2
0.500,0.500,0.500,0.500,0.500,0.500,0.510,0.510,0.510,0.500,0.500,0.500,546,1
0.500,0.500,0.500,0.550,0.550,0.550,0.500,0.500,0.500,0.460,0.460,0.460,156,1
0.450,0.450,0.450,0.500,0.500,0.500,0.500,0.500,0.500,0.500,0.500,0.500,897,1
0.500,0.500,0.500,0.500,0.500,0.500,0.450,0.450,0.450,0.500,0.500,0.500,804,2
0.500,0.500,0.500,0.550,0.550,0.550,0.500,0.500,0.500,0.550,0.550,0.550,759,2
0.500,0.500,0.500,0.450,0.450,0.450,0.500,0.500,0.500,0.480,0.480,0.480,301,1
0.500,0.500,0.500,0.500,0.500,0.500,0.470,0.470,0.470,0.500,0.500,0.500,113,2
0.450,0.450,0.450,0.500,0.500,0.500,0.530,0.530,0.530,0.500,0.500,0.500,570,1
0.500,0.500,0.500,0.550,0.550,0.550,0.500,0.500,0.500,0.510,0.510,0.510,656,2
0.500,0.500,0.500,0.550,0.550,0.550,0.500,0.500,0.500,0.500,0.500,0.500,127,2
0.500,0.500,0.500,0.500,0.500,0.500,0.450,0.450,0.450,0.500,0.500,0.500,78,2
0.500,0.500,0.500,0.500,0.500,0.500,0.510,0.510,0.510,0.500,0.500,0.500,51,1
0.550,0.550,0.550,0.500,0.500,0.500,0.460,0.460,0.460,0.500,0.500,0.500,387,2
0.500,0.500,0.500,0.500,0.500,0.500,0.460,0.460,0.460,0.500,0.500,0.500,277,2
0.500,0.500,0.500,0.500,0.500,0.500,0.500,0.500,0.500,0.530,0.530,0.530,86,2
0.500,0.500,0.500,0.500,0.500,0.500,0.500,0.500,0.500,0.450,0.450,0.450,210,1
0.500,0.500,0.500,0.500,0.500,0.500,0.500,0.500,0.500,0.460,0.460,0.460,409,1
0.450,0.450,0.450,0.500,0.500,0.500,0.470,0.470,0.470,0.500,0.500,0.500,729,2
0.500,0.500,0.500,0.550,0.550,0.550,0.500,0.500,0.500,0.490,0.490,0.490,984,1
0.500,0.500,0.500,0.450,0.450,0.450,0.500,0.500,0.500,0.460,0.460,0.460,596,1
0.500,0.500,0.500,0.500,0.500,0.500,0.470,0.470,0.470,0.500,0.500,0.500,443,2
0.550,0.550,0.550,0.500,0.500,0.500,0.540,0.540,0.540,0.500,0.500,0.500,626,1
0.500,0.500,0.500,0.550,0.550,0.550,0.500,0.500,0.500,0.490,0.490,0.490,753,1
0.500,0.500,0.500,0.500,0.500,0.500,0.500,0.500,0.500,0.480,0.480,0.480,147,1
0.500,0.500,0.500,0.450,0.450,0.450,0.500,0.500,0.500,0.480,0.480,0.480,169,1
0.450,0.450,0.450,0.500,0.500,0.500,0.540,0.540,0.540,0.500,0.500,0.500,505,1
0.450,0.450,0.450,0.500,0.500,0.500,0.510,0.510,0.510,0.500,0.500,0.500,370,1
0.500,0.500,0.500,0.450,0.450,0.450,0.500,0.500,0.500,0.450,0.450,0.450,661,1
0.500,0.500,0.500,0.500,0.500,0.500,0.500,0.500,0.500,0.470,0.470,0.470,905,1
0.500,0.500,0.500,0.500,0.500,0.500,0.520,0.520,0.520,0.500,0.500,0.500,811,1
0.550,0.550,0.550,0.500,0.500,0.500,0.470,0.470,0.470,0.500,0.500,0.500,652,2
0.500,0.500,0.500,0.500,0.500,0.500,0.500,0.500,0.500,0.480,0.480,0.480,279,1
0.500,0.500,0.500,0.550,0.550,0.550,0.500,0.500,0.500,0.450,0.450,0.450,287,1
0.550,0.550,0.550,0.500,0.500,0.500,0.550,0.550,0.550,0.500,0.500,0.500,66,1
0.500,0.500,0.500,0.500,0.500,0.500,0.490,0.490,0.490,0.500,0.500,0.500,940,2
0.500,0.500,0.500,0.450,0.450,0.450,0.500,0.500,0.500,0.450,0.450,0.450,496,1
0.500,0.500,0.500,0.550,0.550,0.550,0.500,0.500,0.500,0.530,0.530,0.530,889,2
0.450,0.450,0.450,0.500,0.500,0.500,0.520,0.520,0.520,0.500,0.500,0.500,173,1
0.450,0.450,0.450,0.500,0.500,0.500,0.520,0.520,0.520,0.500,0.500,0.500,305,1
0.450,0.450,0.450,0.500,0.500,0.500,0.520,0.520,0.520,0.500,0.500,0.500,602,1
0.500,0.500,0.500,0.500,0.500,0.500,0.500,0.500,0.500,0.550,0.550,0.550,220,2
0.500,0.500,0.500,0.500,0.500,0.500,0.540,0.540,0.540,0.500,0.500,0.500,54,1
0.550,0.550,0.550,0.500,0.500,0.500,0.550,0.550,0.550,0.500,0.500,0.500,957,1
0.450,0.450,0.450,0.500,0.500,0.500,0.520,0.520,0.520,0.500,0.500,0.500,701,1
0.450,0.450,0.450,0.500,0.500,0.500,0.520,0.520,0.520,0.500,0.500,0.500,470,1
0.500,0.500,0.500,0.450,0.450,0.450,0.500,0.500,0.500,0.540,0.540,0.540,967,2
0.450,0.450,0.450,0.500,0.500,0.500,0.510,0.510,0.510,0.500,0.500,0.500,799,1
0.550,0.550,0.550,0.500,0.500,0.500,0.520,0.520,0.520,0.500,0.500,0.500,360,1
0.450,0.450,0.450,0.500,0.500,0.500,0.540,0.540,0.540,0.500,0.500,0.500,703,1
0.550,0.550,0.550,0.500,0.500,0.500,0.460,0.460,0.460,0.500,0.500,0.500,189,2
0.500,0.500,0.500,0.500,0.500,0.500,0.520,0.520,0.520,0.500,0.500,0.500,877,1
0.450,0.450,0.450,0.500,0.500,0.500,0.460,0.460,0.460,0.500,0.500,0.500,35,2
0.550,0.550,0.550,0.500,0.500,0.500,0.550,0.550,0.550,0.500,0.500,0.500,660,1
0.500,0.500,0.500,0.500,0.500,0.500,0.450,0.450,0.450,0.500,0.500,0.500,342,2
0.500,0.500,0.500,0.500,0.500,0.500,0.510,0.510,0.510,0.500,0.500,0.500,282,1
0.550,0.550,0.550,0.500,0.500,0.500,0.540,0.540,0.540,0.500,0.500,0.500,824,1
0.500,0.500,0.500,0.500,0.500,0.500,0.500,0.500,0.500,0.530,0.530,0.530,680,2
0.500,0.500,0.500,0.500,0.500,0.500,0.530,0.530,0.530,0.500,0.500,0.500,449,1
0.450,0.450,0.450,0.500,0.500,0.500,0.490,0.490,0.490,0.500,0.500,0.500,38,2
0.500,0.500,0.500,0.550,0.550,0.550,0.500,0.500,0.500,0.460,0.460,0.460,651,1
0.500,0.500,0.500,0.500,0.500,0.500,0.500,0.500,0.500,0.540,0.540,0.540,351,2
0.500,0.500,0.500,0.550,0.550,0.550,0.500,0.500,0.500,0.550,0.550,0.550,627,2
0.500,0.500,0.500,0.550,0.550,0.550,0.500,0.500,0.500,0.490,0.490,0.490,390,1
0.500,0.500,0.500,0.500,0.500,0.500,0.500,0.500,0.500,0.510,0.510,0.510,480,2
0.500,0.500,0.500,0.550,0.550,0.550,0.500,0.500,0.500,0.500,0.500,0.500,721,2
0.500,0.500,0.500,0.500,0.500,0.500,0.500,0.500,0.500,0.500,0.500,0.500,479,1
0.500,0.500,0.500,0.500,0.500,0.500,0.500,0.500,0.500,0.520,0.520,0.520,778,2
0.450,0.450,0.450,0.500,0.500,0.500,0.530,0.530,0.530,0.500,0.500,0.500,75,1
0.500,0.500,0.500,0.500,0.500,0.500,0.550,0.550,0.550,0.500,0.500,0.500,484,1
0.550,0.550,0.550,0.500,0.500,0.500,0.470,0.470,0.470,0.500,0.500,0.500,124,2
0.500,0.500,0.500,0.500,0.500,0.500,0.500,0.500,0.500,0.460,0.460,0.460,706,1
0.500,0.500,0.500,0.500,0.500,0.500,0.500,0.500,0.500,0.550,0.550,0.550,616,2
0.500,0.500,0.500,0.500,0.500,0.500,0.520,0.520,0.520,0.500,0.500,0.500,646,1
0.500,0.500,0.500,0.500,0.500,0.500,0.500,0.500,0.500,0.510,0.510,0.510,315,2
0.450,0.450,0.450,0.500,0.500,0.500,0.480,0.480,0.480,0.500,0.500,0.500,862,2
0.550,0.550,0.550,0.500,0.500,0.500,0.530,0.530,0.530,0.500,0.500,0.500,724,1
0.450,0.450,0.450,0.500,0.500,0.500,0.500,0.500,0.500,0.500,0.500,0.500,6,1
0.500,0.500,0.500,0.550,0.550,0.550,0.500,0.500,0.500,0.460,0.460,0.460,948,1
0.500,0.500,0.500,0.450,0.450,0.450,0.500,0.500,0.500,0.490,0.490,0.490,830,1
0.500,0.500,0.500,0.550,0.550,0.550,0.500,0.500,0.500,0.520,0.520,0.520,987,2
0.550,0.550,0.550,0.500,0.500,0.500,0.530,0.530,0.530,0.500,0.500,0.500,262,1
0.500,0.500,0.500,0.550,0.550,0.550,0.500,0.500,0.500,0.450,0.450,0.450,749,1
0.500,0.500,0.500,0.500,0.500,0.500,0.450,0.450,0.450,0.500,0.500,0.500,606,2
0.500,0.500,0.500,0.450,0.450,0.450,0.500,0.500,0.500,0.550,0.550,0.550,374,2
0.550,0.550,0.550,0.500,0.500,0.500,0.450,0.450,0.450,0.500,0.500,0.500,254,2
0.450,0.450,0.450,0.500,0.500,0.500,0.520,0.520,0.520,0.500,0.500,0.500,437,1
0.500,0.500,0.500,0.550,0.550,0.550,0.500,0.500,0.500,0.500,0.500,0.500,226,2
0.500,0.500,0.500,0.450,0.450,0.450,0.500,0.500,0.500,0.540,0.540,0.540,76,2
0.500,0.500,0.500,0.550,0.550,0.550,0.500,0.500,0.500,0.460,0.460,0.460,288,1
0.500,0.500,0.500,0.500,0.500,0.500,0.480,0.480,0.480,0.500,0.500,0.500,48,2
0.500,0.500,0.500,0.500,0.500,0.500,0.460,0.460,0.460,0.500,0.500,0.500,904,2
0.500,0.500,0.500,0.550,0.550,0.550,0.500,0.500,0.500,0.460,0.460,0.460,783,1
0.500,0.500,0.500,0.500,0.500,0.500,0.500,0.500,0.500,0.500,0.500,0.500,215,1
0.550,0.550,0.550,0.500,0.500,0.500,0.480,0.480,0.480,0.500,0.500,0.500,290,2
0.500,0.500,0.500,0.450,0.450,0.450,0.500,0.500,0.500,0.510,0.510,0.510,73,2
0.550,0.550,0.550,0.500,0.500,0.500,0.470,0.470,0.470,0.500,0.500,0.500,883,2
0.550,0.550,0.550,0.500,0.500,0.500,0.510,0.510,0.510,0.500,0.500,0.500,227,1
0.550,0.550,0.550,0.500,0.500,0.500,0.490,0.490,0.490,0.500,0.500,0.500,423,2
0.500,0.500,0.500,0.500,0.500,0.500,0.540,0.540,0.540,0.500,0.500,0.500,912,1
0.500,0.500,0.500,0.500,0.500,0.500,0.550,0.550,0.550,0.500,0.500,0.500,913,1
0.500,0.500,0.500,0.450,0.450,0.450,0.500,0.500,0.500,0.490,0.490,0.490,896,1
0.500,0.500,0.500,0.500,0.500,0.500,0.550,0.550,0.550,0.500,0.500,0.500,352,1
0.500,0.500,0.500,0.500,0.500,0.500,0.500,0.500,0.500,0.490,0.490,0.490,907,1
0.500,0.500,0.500,0.500,0.500,0.500,0.500,0.500,0.500,0.500,0.500,0.500,578,1
0.500,0.500,0.500,0.500,0.500,0.500,0.500,0.500,0.500,0.480,0.480,0.480,378,1
0.500,0.500,0.500,0.500,0.500,0.500,0.500,0.500,0.500,0.510,0.510,0.510,249,2
0.500,0.500,0.500,0.500,0.500,0.500,0.500,0.500,0.500,0.500,0.500,0.500,809,1
0.500,0.500,0.500,0.450,0.450,0.450,0.500,0.500,0.500,0.550,0.550,0.550,275,2
0.500,0.500,0.500,0.550,0.550,0.550,0.500,0.500,0.500,0.450,0.450,0.450,881,1
0.500,0.500,0.500,0.500,0.500,0.500,0.500,0.500,0.500,0.490,0.490,0.490,841,1
0.500,0.500,0.500,0.550,0.550,0.550,0.500,0.500,0.500,0.540,0.540,0.540,395,2
0.500,0.500,0.500,0.500,0.500,0.500,0.500,0.500,0.500,0.490,0.490,0.490,808,1
0.500,0.500,0.500,0.550,0.550,0.550,0.500,0.500,0.500,0.540,0.540,0.540,989,2
0.500,0.500,0.500,0.550,0.550,0.550,0.500,0.500,0.500,0.470,0.470,0.470,256,1
0.450,0.450,0.450,0.500,0.500,0.500,0.540,0.540,0.540,0.500,0.500,0.500,109,1
0.500,0.500,0.500,0.500,0.500,0.500,0.500,0.500,0.500,0.480,0.480,0.480,774,1
0.550,0.550,0.550,0.500,0.500,0.500,0.510,0.510,0.510,0.500,0.500,0.500,326,1
0.500,0.500,0.500,0.450,0.450,0.450,0.500,0.500,0.500,0.490,0.490,0.490,368,1
0.550,0.550,0.550,0.500,0.500,0.500,0.490,0.490,0.490,0.500,0.500,0.500,555,2
0.500,0.500,0.500,0.500,0.500,0.500,0.500,0.500,0.500,0.520,0.520,0.520,415,2
0.500,0.500,0.500,0.450,0.450,0.450,0.500,0.500,0.500,0.550,0.550,0.550,902,2
0.550,0.550,0.550,0.500,0.500,0.500,0.470,0.470,0.470,0.500,0.500,0.500,487,2
0.550,0.550,0.550,0.500,0.500,0.500,0.510,0.510,0.510,0.500,0.500,0.500,293,1
0.500,0.500,0.500,0.500,0.500,0.500,0.500,0.500,0.500,0.460,0.460,0.460,46,1
0.500,0.500,0.500,0.450,0.450,0.450,0.500,0.500,0.500,0.530,0.530,0.530,471,2
0.450,0.450,0.450,0.500,0.500,0.500,0.450,0.450,0.450,0.500,0.500,0.500,859,2
0.450,0.450,0.450,0.500,0.500,0.500,0.510,0.510,0.510,0.500,0.500,0.500,106,1
0.550,0.550,0.550,0.500,0.500,0.500,0.530,0.530,0.530,0.500,0.500,0.500,229,1
0.500,0.500,0.500,0.500,0.500,0.500,0.550,0.550,0.550,0.500,0.500,0.500,814,1
0.500,0.500,0.500,0.500,0.500,0.500,0.540,0.540,0.540,0.500,0.500,0.500,648,1
0.500,0.500,0.500,0.450,0.450,0.450,0.500,0.500,0.500,0.480,0.480,0.480,796,1
0.550,0.550,0.550,0.500,0.500,0.500,0.450,0.450,0.450,0.500,0.500,0.500,848,2
0.500,0.500,0.500,0.500,0.500,0.500,0.480,0.480,0.480,0.500,0.500,0.500,576,2
0.550,0.550,0.550,0.500,0.500,0.500,0.550,0.550,0.550,0.500,0.500,0.500,594,1
0.500,0.500,0.500,0.500,0.500,0.500,0.500,0.500,0.500,0.460,0.460,0.460,112,1
0.500,0.500,0.500,0.450,0.450,0.450,0.500,0.500,0.500,0.480,0.480,0.480,697,1
0.500,0.500,0.500,0.550,0.550,0.550,0.500,0.500,0.500,0.550,0.550,0.550,891,2
0.550,0.550,0.550,0.500,0.500,0.500,0.450,0.450,0.450,0.500,0.500,0.500,485,2
0.550,0.550,0.550,0.500,0.500,0.500,0.470,0.470,0.470,0.500,0.500,0.500,289,2
0.500,0.500,0.500,0.500,0.500,0.500,0.480,0.480,0.480,0.500,0.500,0.500,675,2
0.450,0.450,0.450,0.500,0.500,0.500,0.490,0.490,0.490,0.500,0.500,0.500,797,2
0.500,0.500,0.500,0.500,0.500,0.500,0.500,0.500,0.500,0.550,0.550,0.550,583,2
0.500,0.500,0.500,0.450,0.450,0.450,0.500,0.500,0.500,0.450,0.450,0.450,430,1
0.500,0.500,0.500,0.550,0.550,0.550,0.500,0.500,0.500,0.520,0.520,0.520,624,2
0.450,0.450,0.450,0.500,0.500,0.500,0.510,0.510,0.510,0.500,0.500,0.500,40,1
0.500,0.500,0.500,0.500,0.500,0.500,0.500,0.500,0.500,0.540,0.540,0.540,318,2
0.500,0.500,0.500,0.550,0.550,0.550,0.500,0.500,0.500,0.530,0.530,0.530,328,2
0.500,0.500,0.500,0.450,0.450,0.450,0.500,0.500,0.500,0.540,0.540,0.540,472,2
0.500,0.500,0.500,0.500,0.500,0.500,0.490,0.490,0.490,0.500,0.500,0.500,775,2
0.500,0.500,0.500,0.500,0.500,0.500,0.460,0.460,0.460,0.500,0.500,0.500,772,2
0.500,0.500,0.500,0.500,0.500,0.500,0.510,0.510,0.510,0.500,0.500,0.500,513,1
0.500,0.500,0.500,0.500,0.500,0.500,0.500,0.500,0.500,0.540,0.540,0.540,186,2
0.500,0.500,0.500,0.500,0.500,0.500,0.450,0.450,0.450,0.500,0.500,0.500,771,2
0.500,0.500,0.500,0.550,0.550,0.550,0.500,0.500,0.500,0.530,0.530,0.530,592,2
0.500,0.500,0.500,0.450,0.450,0.450,0.500,0.500,0.500,0.500,0.500,0.500,600,2
0.450,0.450,0.450,0.500,0.500,0.500,0.550,0.550,0.550,0.500,0.500,0.500,242,1
0.500,0.500,0.500,0.500,0.500,0.500,0.540,0.540,0.540,0.500,0.500,0.500,120,1
0.550,0.550,0.550,0.500,0.500,0.500,0.520,0.520,0.520,0.500,0.500,0.500,393,1
0.450,0.450,0.450,0.500,0.500,0.500,0.450,0.450,0.450,0.500,0.500,0.500,166,2
0.500,0.500,0.500,0.550,0.550,0.550,0.500,0.500,0.500,0.510,0.510,0.510,524,2
0.500,0.500,0.500,0.500,0.500,0.500,0.500,0.500,0.500,0.530,0.530,0.530,746,2
0.500,0.500,0.500,0.450,0.450,0.450,0.500,0.500,0.500,0.460,0.460,0.460,497,1
0.550,0.550,0.550,0.500,0.500,0.500,0.540,0.540,0.540,0.500,0.500,0.500,494,1
0.550,0.550,0.550,0.500,0.500,0.500,0.460,0.460,0.460,0.500,0.500,0.500,453,2
0.500,0.500,0.500,0.550,0.550,0.550,0.500,0.500,0.500,0.500,0.500,0.500,787,2
0.500,0.500,0.500,0.500,0.500,0.500,0.490,0.490,0.490,0.500,0.500,0.500,577,2
0.500,0.500,0.500,0.500,0.500,0.500,0.500,0.500,0.500,0.500,0.500,0.500,314,1
0.500,0.500,0.500,0.500,0.500,0.500,0.500,0.500,0.500,0.500,0.500,0.500,380,1
0.500,0.500,0.500,0.550,0.550,0.550,0.500,0.500,0.500,0.540,0.540,0.540,98,2
0.550,0.550,0.550,0.500,0.500,0.500,0.490,0.490,0.490,0.500,0.500,0.500,93,2
0.500,0.500,0.500,0.450,0.450,0.450,0.500,0.500,0.500,0.450,0.450,0.450,958,1
0.450,0.450,0.450,0.500,0.500,0.500,0.510,0.510,0.510,0.500,0.500,0.500,436,1
0.500,0.500,0.500,0.500,0.500,0.500,0.500,0.500,0.500,0.480,0.480,0.480,246,1
0.500,0.500,0.500,0.500,0.500,0.500,0.500,0.500,0.500,0.450,0.450,0.450,738,1
0.500,0.500,0.500,0.550,0.550,0.550,0.500,0.500,0.500,0.510,0.510,0.510,392,2
0.550,0.550,0.550,0.500,0.500,0.500,0.460,0.460,0.460,0.500,0.500,0.500,519,2
0.500,0.500,0.500,0.500,0.500,0.500,0.530,0.530,0.530,0.500,0.500,0.500,53,1
0.500,0.500,0.500,0.500,0.500,0.500,0.460,0.460,0.460,0.500,0.500,0.500,838,2
0.550,0.550,0.550,0.500,0.500,0.500,0.540,0.540,0.540,0.500,0.500,0.500,230,1
0.500,0.500,0.500,0.450,0.450,0.450,0.500,0.500,0.500,0.520,0.520,0.520,239,2
0.450,0.450,0.450,0.500,0.500,0.500,0.550,0.550,0.550,0.500,0.500,0.500,11,1
0.500,0.500,0.500,0.500,0.500,0.500,0.500,0.500,0.500,0.450,0.450,0.450,507,1
0.500,0.500,0.500,0.500,0.500,0.500,0.500,0.500,0.500,0.540,0.540,0.540,450,2
0.450,0.450,0.450,0.500,0.500,0.500,0.510,0.510,0.510,0.500,0.500,0.500,931,1
0.500,0.500,0.500,0.550,0.550,0.550,0.500,0.500,0.500,0.470,0.470,0.470,58,1
0.500,0.500,0.500,0.550,0.550,0.550,0.500,0.500,0.500,0.500,0.500,0.500,457,2
0.500,0.500,0.500,0.450,0.450,0.450,0.500,0.500,0.500,0.490,0.490,0.490,170,1
0.500,0.500,0.500,0.550,0.550,0.550,0.500,0.500,0.500,0.550,0.550,0.550,693,2
0.550,0.550,0.550,0.500,0.500,0.500,0.510,0.510,0.510,0.500,0.500,0.500,788,1
0.500,0.500,0.500,0.450,0.450,0.450,0.500,0.500,0.500,0.450,0.450,0.450,892,1
0.500,0.500,0.500,0.550,0.550,0.550,0.500,0.500,0.500,0.520,0.520,0.520,492,2
0.500,0.500,0.500,0.500,0.500,0.500,0.500,0.500,0.500,0.530,0.530,0.530,284,2
0.500,0.500,0.500,0.450,0.450,0.450,0.500,0.500,0.500,0.520,0.520,0.520,833,2
0.500,0.500,0.500,0.500,0.500,0.500,0.500,0.500,0.500,0.480,0.480,0.480,345,1
0.500,0.500,0.500,0.500,0.500,0.500,0.500,0.500,0.500,0.520,0.520,0.520,85,2
0.500,0.500,0.500,0.500,0.500,0.500,0.500,0.500,0.500,0.500,0.500,0.500,545,2
0.500,0.500,0.500,0.500,0.500,0.500,0.500,0.500,0.500,0.540,0.540,0.540,615,2
0.450,0.450,0.450,0.500,0.500,0.500,0.490,0.490,0.490,0.500,0.500,0.500,434,2
0.500,0.500,0.500,0.500,0.500,0.500,0.500,0.500,0.500,0.500,0.500,0.500,17,2
0.500,0.500,0.500,0.550,0.550,0.550,0.500,0.500,0.500,0.530,0.530,0.530,196,2
0.550,0.550,0.550,0.500,0.500,0.500,0.550,0.550,0.550,0.500,0.500,0.500,528,1
0.500,0.500,0.500,0.450,0.450,0.450,0.500,0.500,0.500,0.460,0.460,0.460,662,1
0.500,0.500,0.500,0.450,0.450,0.450,0.500,0.500,0.500,0.550,0.550,0.550,605,2
0.550,0.550,0.550,0.500,0.500,0.500,0.530,0.530,0.530,0.500,0.500,0.500,361,1
0.450,0.450,0.450,0.500,0.500,0.500,0.450,0.450,0.450,0.500,0.500,0.500,397,2
0.450,0.450,0.450,0.500,0.500,0.500,0.550,0.550,0.550,0.500,0.500,0.500,473,1
0.500,0.500,0.500,0.500,0.500,0.500,0.500,0.500,0.500,0.490,0.490,0.490,16,1
0.500,0.500,0.500,0.450,0.450,0.450,0.500,0.500,0.500,0.490,0.490,0.490,863,1
0.500,0.500,0.500,0.500,0.500,0.500,0.450,0.450,0.450,0.500,0.500,0.500,672,2
0.450,0.450,0.450,0.500,0.500,0.500,0.500,0.500,0.500,0.500,0.500,0.500,171,1
0.550,0.550,0.550,0.500,0.500,0.500,0.490,0.490,0.490,0.500,0.500,0.500,885,2
0.500,0.500,0.500,0.550,0.550,0.550,0.500,0.500,0.500,0.540,0.540,0.540,362,2
0.500,0.500,0.500,0.550,0.550,0.550,0.500,0.500,0.500,0.460,0.460,0.460,816,1
0.550,0.550,0.550,0.500,0.500,0.500,0.480,0.480,0.480,0.500,0.500,0.500,818,2
0.500,0.500,0.500,0.500,0.500,0.500,0.500,0.500,0.500,0.510,0.510,0.510,711,2
0.450,0.450,0.450,0.500,0.500,0.500,0.500,0.500,0.500,0.500,0.500,0.500,666,1
0.500,0.500,0.500,0.550,0.550,0.550,0.500,0.500,0.500,0.480,0.480,0.480,917,1
0.500,0.500,0.500,0.450,0.450,0.450,0.500,0.500,0.500,0.530,0.530,0.530,108,2
0.550,0.550,0.550,0.500,0.500,0.500,0.500,0.500,0.500,0.500,0.500,0.500,28,1
0.500,0.500,0.500,0.450,0.450,0.450,0.500,0.500,0.500,0.500,0.500,0.500,72,2
0.450,0.450,0.450,0.500,0.500,0.500,0.530,0.530,0.530,0.500,0.500,0.500,438,1
0.500,0.500,0.500,0.500,0.500,0.500,0.550,0.550,0.550,0.500,0.500,0.500,979,1
0.500,0.500,0.500,0.500,0.500,0.500,0.550,0.550,0.550,0.500,0.500,0.500,385,1
0.500,0.500,0.500,0.450,0.450,0.450,0.500,0.500,0.500,0.520,0.520,0.520,74,2
0.500,0.500,0.500,0.500,0.500,0.500,0.500,0.500,0.500,0.470,0.470,0.470,80,1
0.500,0.500,0.500,0.500,0.500,0.500,0.540,0.540,0.540,0.500,0.500,0.500,549,1
0.550,0.550,0.550,0.500,0.500,0.500,0.470,0.470,0.470,0.500,0.500,0.500,91,2
0.500,0.500,0.500,0.500,0.500,0.500,0.510,0.510,0.510,0.500,0.500,0.500,348,1
0.500,0.500,0.500,0.500,0.500,0.500,0.500,0.500,0.500,0.530,0.530,0.530,845,2
0.450,0.450,0.450,0.500,0.500,0.500,0.450,0.450,0.450,0.500,0.500,0.500,727,2
0.500,0.500,0.500,0.500,0.500,0.500,0.500,0.500,0.500,0.500,0.500,0.500,941,2
0.500,0.500,0.500,0.550,0.550,0.550,0.500,0.500,0.500,0.490,0.490,0.490,522,1
0.500,0.500,0.500,0.450,0.450,0.450,0.500,0.500,0.500,0.460,0.460,0.460,464,1
0.450,0.450,0.450,0.500,0.500,0.500,0.500,0.500,0.500,0.500,0.500,0.500,930,1
0.550,0.550,0.550,0.500,0.500,0.500,0.510,0.510,0.510,0.500,0.500,0.500,854,1
0.500,0.500,0.500,0.500,0.500,0.500,0.500,0.500,0.500,0.500,0.500,0.500,512,1
0.450,0.450,0.450,0.500,0.500,0.500,0.490,0.490,0.490,0.500,0.500,0.500,335,2
0.550,0.550,0.550,0.500,0.500,0.500,0.550,0.550,0.550,0.500,0.500,0.500,825,1
0.450,0.450,0.450,0.500,0.500,0.500,0.520,0.520,0.520,0.500,0.500,0.500,800,1
0.550,0.550,0.550,0.500,0.500,0.500,0.520,0.520,0.520,0.500,0.500,0.500,96,1
0.500,0.500,0.500,0.550,0.550,0.550,0.500,0.500,0.500,0.520,0.520,0.520,30,2
0.550,0.550,0.550,0.500,0.500,0.500,0.480,0.480,0.480,0.500,0.500,0.500,587,2
0.500,0.500,0.500,0.450,0.450,0.450,0.500,0.500,0.500,0.480,0.480,0.480,631,1
0.500,0.500,0.500,0.450,0.450,0.450,0.500,0.500,0.500,0.490,0.490,0.490,71,1
0.450,0.450,0.450,0.500,0.500,0.500,0.470,0.470,0.470,0.500,0.500,0.500,366,2
0.500,0.500,0.500,0.500,0.500,0.500,0.500,0.500,0.500,0.540,0.540,0.540,978,2
0.500,0.500,0.500,0.450,0.450,0.450,0.500,0.500,0.500,0.460,0.460,0.460,398,1
0.500,0.500,0.500,0.500,0.500,0.500,0.500,0.500,0.500,0.550,0.550,0.550,319,2
0.500,0.500,0.500,0.500,0.500,0.500,0.500,0.500,0.500,0.500,0.500,0.500,182,2
0.500,0.500,0.500,0.450,0.450,0.450,0.500,0.500,0.500,0.450,0.450,0.450,595,1
0.500,0.500,0.500,0.500,0.500,0.500,0.500,0.500,0.500,0.520,0.520,0.520,283,2
0.550,0.550,0.550,0.500,0.500,0.500,0.550,0.550,0.550,0.500,0.500,0.500,165,1
0.550,0.550,0.550,0.500,0.500,0.500,0.550,0.550,0.550,0.500,0.500,0.500,330,1
0.500,0.500,0.500,0.500,0.500,0.500,0.490,0.490,0.490,0.500,0.500,0.500,973,2
0.500,0.500,0.500,0.450,0.450,0.450,0.500,0.500,0.500,0.470,0.470,0.470,630,1
0.500,0.500,0.500,0.500,0.500,0.500,0.500,0.500,0.500,0.470,0.470,0.470,146,1
0.500,0.500,0.500,0.500,0.500,0.500,0.500,0.500,0.500,0.530,0.530,0.530,119,2
0.500,0.500,0.500,0.500,0.500,0.500,0.500,0.500,0.500,0.520,0.520,0.520,184,2
0.450,0.450,0.450,0.500,0.500,0.500,0.450,0.450,0.450,0.500,0.500,0.500,529,2
0.500,0.500,0.500,0.550,0.550,0.550,0.500,0.500,0.500,0.550,0.550,0.550,429,2
0.450,0.450,0.450,0.500,0.500,0.500,0.460,0.460,0.460,0.500,0.500,0.500,2,2
0.450,0.450,0.450,0.500,0.500,0.500,0.470,0.470,0.470,0.500,0.500,0.500,168,2
0.450,0.450,0.450,0.500,0.500,0.500,0.480,0.480,0.480,0.500,0.500,0.500,961,2
0.500,0.500,0.500,0.450,0.450,0.450,0.500,0.500,0.500,0.520,0.520,0.520,338,2
0.450,0.450,0.450,0.500,0.500,0.500,0.530,0.530,0.530,0.500,0.500,0.500,174,1
0.500,0.500,0.500,0.500,0.500,0.500,0.500,0.500,0.500,0.450,0.450,0.450,111,1
0.450,0.450,0.450,0.500,0.500,0.500,0.530,0.530,0.530,0.500,0.500,0.500,537,1
0.500,0.500,0.500,0.550,0.550,0.550,0.500,0.500,0.500,0.460,0.460,0.460,585,1
0.500,0.500,0.500,0.550,0.550,0.550,0.500,0.500,0.500,0.470,0.470,0.470,916,1
0.450,0.450,0.450,0.500,0.500,0.500,0.500,0.500,0.500,0.500,0.500,0.500,237,1
0.500,0.500,0.500,0.550,0.550,0.550,0.500,0.500,0.500,0.470,0.470,0.470,454,1
0.500,0.500,0.500,0.500,0.500,0.500,0.500,0.500,0.500,0.450,0.450,0.450,441,1
0.500,0.500,0.500,0.500,0.500,0.500,0.490,0.490,0.490,0.500,0.500,0.500,214,2
0.500,0.500,0.500,0.550,0.550,0.550,0.500,0.500,0.500,0.540,0.540,0.540,527,2
0.500,0.500,0.500,0.550,0.550,0.550,0.500,0.500,0.500,0.520,0.520,0.520,162,2
0.500,0.500,0.500,0.500,0.500,0.500,0.500,0.500,0.500,0.460,0.460,0.460,937,1
0.500,0.500,0.500,0.450,0.450,0.450,0.500,0.500,0.500,0.530,0.530,0.530,372,2
0.500,0.500,0.500,0.500,0.500,0.500,0.510,0.510,0.510,0.500,0.500,0.500,843,1
0.500,0.500,0.500,0.550,0.550,0.550,0.500,0.500,0.500,0.540,0.540,0.540,32,2
0.550,0.550,0.550,0.500,0.500,0.500,0.530,0.530,0.530,0.500,0.500,0.500,163,1
0.500,0.500,0.500,0.550,0.550,0.550,0.500,0.500,0.500,0.470,0.470,0.470,388,1
0.500,0.500,0.500,0.500,0.500,0.500,0.470,0.470,0.470,0.500,0.500,0.500,14,2
0.550,0.550,0.550,0.500,0.500,0.500,0.460,0.460,0.460,0.500,0.500,0.500,684,2
0.550,0.550,0.550,0.500,0.500,0.500,0.500,0.500,0.500,0.500,0.500,0.500,523,1
0.500,0.500,0.500,0.450,0.450,0.450,0.500,0.500,0.500,0.530,0.530,0.530,273,2
0.500,0.500,0.500,0.500,0.500,0.500,0.500,0.500,0.500,0.500,0.500,0.500,248,2
0.450,0.450,0.450,0.500,0.500,0.500,0.540,0.540,0.540,0.500,0.500,0.500,538,1
0.450,0.450,0.450,0.500,0.500,0.500,0.500,0.500,0.500,0.500,0.500,0.500,534,1
0.500,0.500,0.500,0.500,0.500,0.500,0.500,0.500,0.500,0.500,0.500,0.500,446,1
0.550,0.550,0.550,0.500,0.500,0.500,0.450,0.450,0.450,0.500,0.500,0.500,221,2
0.450,0.450,0.450,0.500,0.500,0.500,0.510,0.510,0.510,0.500,0.500,0.500,535,1
0.550,0.550,0.550,0.500,0.500,0.500,0.480,0.480,0.480,0.500,0.500,0.500,356,2
0.500,0.500,0.500,0.450,0.450,0.450,0.500,0.500,0.500,0.470,0.470,0.470,795,1
0.550,0.550,0.550,0.500,0.500,0.500,0.490,0.490,0.490,0.500,0.500,0.500,819,2
0.500,0.500,0.500,0.550,0.550,0.550,0.500,0.500,0.500,0.450,0.450,0.450,452,1
0.450,0.450,0.450,0.500,0.500,0.500,0.550,0.550,0.550,0.500,0.500,0.500,176,1
0.500,0.500,0.500,0.450,0.450,0.450,0.500,0.500,0.500,0.550,0.550,0.550,341,2
0.450,0.450,0.450,0.500,0.500,0.500,0.530,0.530,0.530,0.500,0.500,0.500,702,1
0.500,0.500,0.500,0.550,0.550,0.550,0.500,0.500,0.500,0.480,0.480,0.480,59,1
0.500,0.500,0.500,0.450,0.450,0.450,0.500,0.500,0.500,0.490,0.490,0.490,104,1
0.450,0.450,0.450,0.500,0.500,0.500,0.460,0.460,0.460,0.500,0.500,0.500,101,2
0.500,0.500,0.500,0.500,0.500,0.500,0.500,0.500,0.500,0.470,0.470,0.470,740,1
0.500,0.500,0.500,0.550,0.550,0.550,0.500,0.500,0.500,0.500,0.500,0.500,391,2
0.450,0.450,0.450,0.500,0.500,0.500,0.510,0.510,0.510,0.500,0.500,0.500,898,1
0.500,0.500,0.500,0.550,0.550,0.550,0.500,0.500,0.500,0.450,0.450,0.450,419,1
0.550,0.550,0.550,0.500,0.500,0.500,0.520,0.520,0.520,0.500,0.500,0.500,657,1
0.500,0.500,0.500,0.550,0.550,0.550,0.500,0.500,0.500,0.550,0.550,0.550,396,2
0.500,0.500,0.500,0.500,0.500,0.500,0.510,0.510,0.510,0.500,0.500,0.500,777,1
0.500,0.500,0.500,0.500,0.500,0.500,0.500,0.500,0.500,0.470,0.470,0.470,773,1
0.500,0.500,0.500,0.500,0.500,0.500,0.500,0.500,0.500,0.500,0.500,0.500,908,1
0.500,0.500,0.500,0.500,0.500,0.500,0.470,0.470,0.470,0.500,0.500,0.500,476,2
0.500,0.500,0.500,0.550,0.550,0.550,0.500,0.500,0.500,0.520,0.520,0.520,129,2
0.500,0.500,0.500,0.500,0.500,0.500,0.480,0.480,0.480,0.500,0.500,0.500,444,2
0.500,0.500,0.500,0.450,0.450,0.450,0.500,0.500,0.500,0.450,0.450,0.450,331,1
0.500,0.500,0.500,0.550,0.550,0.550,0.500,0.500,0.500,0.550,0.550,0.550,561,2
0.500,0.500,0.500,0.500,0.500,0.500,0.540,0.540,0.540,0.500,0.500,0.500,714,1
0.500,0.500,0.500,0.550,0.550,0.550,0.500,0.500,0.500,0.490,0.490,0.490,225,1
0.500,0.500,0.500,0.450,0.450,0.450,0.500,0.500,0.500,0.450,0.450,0.450,562,1
0.550,0.550,0.550,0.500,0.500,0.500,0.480,0.480,0.480,0.500,0.500,0.500,422,2
0.450,0.450,0.450,0.500,0.500,0.500,0.500,0.500,0.500,0.500,0.500,0.500,699,1
0.450,0.450,0.450,0.500,0.500,0.500,0.480,0.480,0.480,0.500,0.500,0.500,268,2
0.500,0.500,0.500,0.550,0.550,0.550,0.500,0.500,0.500,0.520,0.520,0.520,690,2
0.500,0.500,0.500,0.450,0.450,0.450,0.500,0.500,0.500,0.550,0.550,0.550,935,2
0.500,0.500,0.500,0.500,0.500,0.500,0.500,0.500,0.500,0.520,0.520,0.520,943,2
0.500,0.500,0.500,0.500,0.500,0.500,0.500,0.500,0.500,0.540,0.540,0.540,780,2
0.500,0.500,0.500,0.500,0.500,0.500,0.500,0.500,0.500,0.540,0.540,0.540,285,2
0.500,0.500,0.500,0.550,0.550,0.550,0.500,0.500,0.500,0.490,0.490,0.490,291,1
0.500,0.500,0.500,0.500,0.500,0.500,0.500,0.500,0.500,0.530,0.530,0.530,581,2
0.500,0.500,0.500,0.550,0.550,0.550,0.500,0.500,0.500,0.470,0.470,0.470,190,1
0.500,0.500,0.500,0.450,0.450,0.450,0.500,0.500,0.500,0.510,0.510,0.510,7,2
0.500,0.500,0.500,0.550,0.550,0.550,0.500,0.500,0.500,0.510,0.510,0.510,62,2
0.500,0.500,0.500,0.500,0.500,0.500,0.500,0.500,0.500,0.500,0.500,0.500,875,1
0.500,0.500,0.500,0.550,0.550,0.550,0.500,0.500,0.500,0.550,0.550,0.550,990,2
0.550,0.550,0.550,0.500,0.500,0.500,0.550,0.550,0.550,0.500,0.500,0.500,297,1
0.550,0.550,0.550,0.500,0.500,0.500,0.540,0.540,0.540,0.500,0.500,0.500,659,1
0.500,0.500,0.500,0.500,0.500,0.500,0.500,0.500,0.500,0.500,0.500,0.500,776,1
0.550,0.550,0.550,0.500,0.500,0.500,0.500,0.500,0.500,0.500,0.500,0.500,424,1
0.500,0.500,0.500,0.500,0.500,0.500,0.480,0.480,0.480,0.500,0.500,0.500,972,2
0.500,0.500,0.500,0.500,0.500,0.500,0.500,0.500,0.500,0.490,0.490,0.490,676,1
0.450,0.450,0.450,0.500,0.500,0.500,0.470,0.470,0.470,0.500,0.500,0.500,597,2
0.500,0.500,0.500,0.500,0.500,0.500,0.500,0.500,0.500,0.550,0.550,0.550,781,2
0.500,0.500,0.500,0.450,0.450,0.450,0.500,0.500,0.500,0.540,0.540,0.540,868,2
0.500,0.500,0.500,0.550,0.550,0.550,0.500,0.500,0.500,0.530,0.530,0.530,493,2
0.500,0.500,0.500,0.450,0.450,0.450,0.500,0.500,0.500,0.490,0.490,0.490,137,1
0.450,0.450,0.450,0.500,0.500,0.500,0.460,0.460,0.460,0.500,0.500,0.500,530,2
0.500,0.500,0.500,0.500,0.500,0.500,0.500,0.500,0.500,0.500,0.500,0.500,743,2
0.450,0.450,0.450,0.500,0.500,0.500,0.450,0.450,0.450,0.500,0.500,0.500,67,2
0.500,0.500,0.500,0.450,0.450,0.450,0.500,0.500,0.500,0.490,0.490,0.490,269,1
0.500,0.500,0.500,0.500,0.500,0.500,0.500,0.500,0.500,0.500,0.500,0.500,974,1
0.500,0.500,0.500,0.550,0.550,0.550,0.500,0.500,0.500,0.520,0.520,0.520,294,2
0.450,0.450,0.450,0.500,0.500,0.500,0.550,0.550,0.550,0.500,0.500,0.500,407,1
0.550,0.550,0.550,0.500,0.500,0.500,0.490,0.490,0.490,0.500,0.500,0.500,324,2
0.500,0.500,0.500,0.450,0.450,0.450,0.500,0.500,0.500,0.550,0.550,0.550,440,2
0.500,0.500,0.500,0.450,0.450,0.450,0.500,0.500,0.500,0.460,0.460,0.460,827,1
0.450,0.450,0.450,0.500,0.500,0.500,0.520,0.520,0.520,0.500,0.500,0.500,668,1
0.550,0.550,0.550,0.500,0.500,0.500,0.500,0.500,0.500,0.500,0.500,0.500,556,1
0.500,0.500,0.500,0.550,0.550,0.550,0.500,0.500,0.500,0.450,0.450,0.450,23,1
0.500,0.500,0.500,0.450,0.450,0.450,0.500,0.500,0.500,0.540,0.540,0.540,934,2
0.450,0.450,0.450,0.500,0.500,0.500,0.490,0.490,0.490,0.500,0.500,0.500,302,2
0.500,0.500,0.500,0.450,0.450,0.450,0.500,0.500,0.500,0.450,0.450,0.450,265,1
0.500,0.500,0.500,0.500,0.500,0.500,0.500,0.500,0.500,0.490,0.490,0.490,445,1
0.500,0.500,0.500,0.500,0.500,0.500,0.500,0.500,0.500,0.460,0.460,0.460,343,1
0.500,0.500,0.500,0.500,0.500,0.500,0.550,0.550,0.550,0.500,0.500,0.500,55,1
0.500,0.500,0.500,0.550,0.550,0.550,0.500,0.500,0.500,0.480,0.480,0.480,191,1
0.450,0.450,0.450,0.500,0.500,0.500,0.470,0.470,0.470,0.500,0.500,0.500,531,2
0.550,0.550,0.550,0.500,0.500,0.500,0.530,0.530,0.530,0.500,0.500,0.500,559,1
0.500,0.500,0.500,0.500,0.500,0.500,0.500,0.500,0.500,0.540,0.540,0.540,747,2
0.500,0.500,0.500,0.450,0.450,0.450,0.500,0.500,0.500,0.500,0.500,0.500,138,2
0.500,0.500,0.500,0.450,0.450,0.450,0.500,0.500,0.500,0.460,0.460,0.460,332,1
0.500,0.500,0.500,0.550,0.550,0.550,0.500,0.500,0.500,0.540,0.540,0.540,692,2
0.500,0.500,0.500,0.450,0.450,0.450,0.500,0.500,0.500,0.540,0.540,0.540,637,2
0.500,0.500,0.500,0.500,0.500,0.500,0.490,0.490,0.490,0.500,0.500,0.500,346,2
0.500,0.500,0.500,0.500,0.500,0.500,0.520,0.520,0.520,0.500,0.500,0.500,745,1
0.550,0.550,0.550,0.500,0.500,0.500,0.510,0.510,0.510,0.500,0.500,0.500,953,1
0.500,0.500,0.500,0.450,0.450,0.450,0.500,0.500,0.500,0.460,0.460,0.460,695,1
0.500,0.500,0.500,0.450,0.450,0.450,0.500,0.500,0.500,0.450,0.450,0.450,100,1
0.500,0.500,0.500,0.500,0.500,0.500,0.510,0.510,0.510,0.500,0.500,0.500,84,1
0.500,0.500,0.500,0.500,0.500,0.500,0.500,0.500,0.500,0.460,0.460,0.460,178,1
0.550,0.550,0.550,0.500,0.500,0.500,0.480,0.480,0.480,0.500,0.500,0.500,455,2
0.500,0.500,0.500,0.500,0.500,0.500,0.500,0.500,0.500,0.510,0.510,0.510,150,2
0.450,0.450,0.450,0.500,0.500,0.500,0.500,0.500,0.500,0.500,0.500,0.500,831,1
0.500,0.500,0.500,0.500,0.500,0.500,0.500,0.500,0.500,0.450,0.450,0.450,177,1
0.550,0.550,0.550,0.500,0.500,0.500,0.510,0.510,0.510,0.500,0.500,0.500,458,1
0.500,0.500,0.500,0.500,0.500,0.500,0.500,0.500,0.500,0.510,0.510,0.510,612,2
0.500,0.500,0.500,0.450,0.450,0.450,0.500,0.500,0.500,0.550,0.550,0.550,143,2
0.500,0.500,0.500,0.500,0.500,0.500,0.520,0.520,0.520,0.500,0.500,0.500,250,1
0.500,0.500,0.500,0.500,0.500,0.500,0.550,0.550,0.550,0.500,0.500,0.500,253,1
0.500,0.500,0.500,0.500,0.500,0.500,0.460,0.460,0.460,0.500,0.500,0.500,145,2
0.500,0.500,0.500,0.450,0.450,0.450,0.500,0.500,0.500,0.500,0.500,0.500,204,2
0.500,0.500,0.500,0.500,0.500,0.500,0.550,0.550,0.550,0.500,0.500,0.500,880,1
0.500,0.500,0.500,0.550,0.550,0.550,0.500,0.500,0.500,0.510,0.510,0.510,623,2
0.450,0.450,0.450,0.500,0.500,0.500,0.510,0.510,0.510,0.500,0.500,0.500,667,1
0.550,0.550,0.550,0.500,0.500,0.500,0.510,0.510,0.510,0.500,0.500,0.500,95,1
0.450,0.450,0.450,0.500,0.500,0.500,0.500,0.500,0.500,0.500,0.500,0.500,105,1
0.500,0.500,0.500,0.550,0.550,0.550,0.500,0.500,0.500,0.500,0.500,0.500,655,2
0.500,0.500,0.500,0.450,0.450,0.450,0.500,0.500,0.500,0.510,0.510,0.510,205,2
0.500,0.500,0.500,0.450,0.450,0.450,0.500,0.500,0.500,0.480,0.480,0.480,37,1
0.450,0.450,0.450,0.500,0.500,0.500,0.510,0.510,0.510,0.500,0.500,0.500,238,1
0.500,0.500,0.500,0.450,0.450,0.450,0.500,0.500,0.500,0.540,0.540,0.540,373,2
0.500,0.500,0.500,0.550,0.550,0.550,0.500,0.500,0.500,0.470,0.470,0.470,25,1
0.550,0.550,0.550,0.500,0.500,0.500,0.460,0.460,0.460,0.500,0.500,0.500,981,2
0.500,0.500,0.500,0.500,0.500,0.500,0.540,0.540,0.540,0.500,0.500,0.500,516,1
0.500,0.500,0.500,0.500,0.500,0.500,0.500,0.500,0.500,0.480,0.480,0.480,411,1
0.450,0.450,0.450,0.500,0.500,0.500,0.480,0.480,0.480,0.500,0.500,0.500,895,2
0.500,0.500,0.500,0.500,0.500,0.500,0.500,0.500,0.500,0.520,0.520,0.520,151,2
0.550,0.550,0.550,0.500,0.500,0.500,0.460,0.460,0.460,0.500,0.500,0.500,717,2
0.500,0.500,0.500,0.500,0.500,0.500,0.460,0.460,0.460,0.500,0.500,0.500,376,2
0.500,0.500,0.500,0.500,0.500,0.500,0.480,0.480,0.480,0.500,0.500,0.500,708,2
0.500,0.500,0.500,0.550,0.550,0.550,0.500,0.500,0.500,0.490,0.490,0.490,27,1
0.500,0.500,0.500,0.500,0.500,0.500,0.500,0.500,0.500,0.470,0.470,0.470,575,1
0.500,0.500,0.500,0.450,0.450,0.450,0.500,0.500,0.500,0.450,0.450,0.450,298,1
0.550,0.550,0.550,0.500,0.500,0.500,0.450,0.450,0.450,0.500,0.500,0.500,386,2
0.450,0.450,0.450,0.500,0.500,0.500,0.460,0.460,0.460,0.500,0.500,0.500,563,2
0.500,0.500,0.500,0.550,0.550,0.550,0.500,0.500,0.500,0.550,0.550,0.550,363,2
0.550,0.550,0.550,0.500,0.500,0.500,0.470,0.470,0.470,0.500,0.500,0.500,817,2
0.450,0.450,0.450,0.500,0.500,0.500,0.450,0.450,0.450,0.500,0.500,0.500,199,2
0.500,0.500,0.500,0.500,0.500,0.500,0.500,0.500,0.500,0.500,0.500,0.500,710,2
0.500,0.500,0.500,0.450,0.450,0.450,0.500,0.500,0.500,0.500,0.500,0.500,336,2
0.500,0.500,0.500,0.500,0.500,0.500,0.520,0.520,0.520,0.500,0.500,0.500,217,1
0.500,0.500,0.500,0.550,0.550,0.550,0.500,0.500,0.500,0.460,0.460,0.460,255,1
0.550,0.550,0.550,0.500,0.500,0.500,0.510,0.510,0.510,0.500,0.500,0.500,755,1
0.550,0.550,0.550,0.500,0.500,0.500,0.530,0.530,0.530,0.500,0.500,0.500,922,1
0.500,0.500,0.500,0.550,0.550,0.550,0.500,0.500,0.500,0.470,0.470,0.470,784,1
0.500,0.500,0.500,0.500,0.500,0.500,0.500,0.500,0.500,0.490,0.490,0.490,379,1
0.500,0.500,0.500,0.500,0.500,0.500,0.520,0.520,0.520,0.500,0.500,0.500,679,1
0.500,0.500,0.500,0.550,0.550,0.550,0.500,0.500,0.500,0.490,0.490,0.490,720,1
0.500,0.500,0.500,0.450,0.450,0.450,0.500,0.500,0.500,0.480,0.480,0.480,499,1
0.500,0.500,0.500,0.500,0.500,0.500,0.450,0.450,0.450,0.500,0.500,0.500,540,2
0.500,0.500,0.500,0.500,0.500,0.500,0.450,0.450,0.450,0.500,0.500,0.500,375,2
0.550,0.550,0.550,0.500,0.500,0.500,0.510,0.510,0.510,0.500,0.500,0.500,986,1
0.500,0.500,0.500,0.450,0.450,0.450,0.500,0.500,0.500,0.460,0.460,0.460,926,1
0.550,0.550,0.550,0.500,0.500,0.500,0.500,0.500,0.500,0.500,0.500,0.500,325,1
0.450,0.450,0.450,0.500,0.500,0.500,0.470,0.470,0.470,0.500,0.500,0.500,135,2
0.550,0.550,0.550,0.500,0.500,0.500,0.460,0.460,0.460,0.500,0.500,0.500,849,2
0.500,0.500,0.500,0.550,0.550,0.550,0.500,0.500,0.500,0.550,0.550,0.550,792,2
0.500,0.500,0.500,0.500,0.500,0.500,0.500,0.500,0.500,0.490,0.490,0.490,247,1
0.500,0.500,0.500,0.450,0.450,0.450,0.500,0.500,0.500,0.550,0.550,0.550,308,2
0.500,0.500,0.500,0.450,0.450,0.450,0.500,0.500,0.500,0.500,0.500,0.500,270,2
0.500,0.500,0.500,0.500,0.500,0.500,0.490,0.490,0.490,0.500,0.500,0.500,478,2
0.500,0.500,0.500,0.450,0.450,0.450,0.500,0.500,0.500,0.450,0.450,0.450,232,1
0.500,0.500,0.500,0.500,0.500,0.500,0.530,0.530,0.530,0.500,0.500,0.500,350,1
0.500,0.500,0.500,0.500,0.500,0.500,0.500,0.500,0.500,0.530,0.530,0.530,878,2
0.500,0.500,0.500,0.550,0.550,0.550,0.500,0.500,0.500,0.530,0.530,0.530,790,2
0.500,0.500,0.500,0.550,0.550,0.550,0.500,0.500,0.500,0.550,0.550,0.550,231,2
0.450,0.450,0.450,0.500,0.500,0.500,0.470,0.470,0.470,0.500,0.500,0.500,234,2
0.500,0.500,0.500,0.550,0.550,0.550,0.500,0.500,0.500,0.520,0.520,0.520,723,2
0.500,0.500,0.500,0.500,0.500,0.500,0.490,0.490,0.490,0.500,0.500,0.500,709,2
0.550,0.550,0.550,0.500,0.500,0.500,0.540,0.540,0.540,0.500,0.500,0.500,791,1
0.500,0.500,0.500,0.500,0.500,0.500,0.500,0.500,0.500,0.550,0.550,0.550,649,2
0.500,0.500,0.500,0.500,0.500,0.500,0.550,0.550,0.550,0.500,0.500,0.500,88,1
0.500,0.500,0.500,0.450,0.450,0.450,0.500,0.500,0.500,0.540,0.540,0.540,439,2
0.450,0.450,0.450,0.500,0.500,0.500,0.510,0.510,0.510,0.500,0.500,0.500,832,1
0.500,0.500,0.500,0.550,0.550,0.550,0.500,0.500,0.500,0.470,0.470,0.470,520,1
0.550,0.550,0.550,0.500,0.500,0.500,0.540,0.540,0.540,0.500,0.500,0.500,560,1
0.450,0.450,0.450,0.500,0.500,0.500,0.550,0.550,0.550,0.500,0.500,0.500,671,1
0.500,0.500,0.500,0.450,0.450,0.450,0.500,0.500,0.500,0.490,0.490,0.490,203,1
0.500,0.500,0.500,0.500,0.500,0.500,0.550,0.550,0.550,0.500,0.500,0.500,418,1
0.500,0.500,0.500,0.450,0.450,0.450,0.500,0.500,0.500,0.460,0.460,0.460,167,1
0.500,0.500,0.500,0.450,0.450,0.450,0.500,0.500,0.500,0.530,0.530,0.530,504,2
0.500,0.500,0.500,0.550,0.550,0.550,0.500,0.500,0.500,0.540,0.540,0.540,296,2
0.500,0.500,0.500,0.500,0.500,0.500,0.470,0.470,0.470,0.500,0.500,0.500,278,2
0.550,0.550,0.550,0.500,0.500,0.500,0.500,0.500,0.500,0.500,0.500,0.500,61,1
0.500,0.500,0.500,0.450,0.450,0.450,0.500,0.500,0.500,0.540,0.540,0.540,340,2
0.500,0.500,0.500,0.550,0.550,0.550,0.500,0.500,0.500,0.510,0.510,0.510,590,2
0.500,0.500,0.500,0.500,0.500,0.500,0.500,0.500,0.500,0.480,0.480,0.480,807,1
0.500,0.500,0.500,0.500,0.500,0.500,0.500,0.500,0.500,0.500,0.500,0.500,677,1
0.500,0.500,0.500,0.450,0.450,0.450,0.500,0.500,0.500,0.540,0.540,0.540,670,2
0.500,0.500,0.500,0.500,0.500,0.500,0.500,0.500,0.500,0.500,0.500,0.500,116,2
0.500,0.500,0.500,0.500,0.500,0.500,0.500,0.500,0.500,0.460,0.460,0.460,541,1
0.550,0.550,0.550,0.500,0.500,0.500,0.480,0.480,0.480,0.500,0.500,0.500,653,2
0.500,0.500,0.500,0.500,0.500,0.500,0.510,0.510,0.510,0.500,0.500,0.500,942,1
0.500,0.500,0.500,0.500,0.500,0.500,0.500,0.500,0.500,0.500,0.500,0.500,281,1
0.500,0.500,0.500,0.450,0.450,0.450,0.500,0.500,0.500,0.530,0.530,0.530,900,2
0.500,0.500,0.500,0.500,0.500,0.500,0.500,0.500,0.500,0.510,0.510,0.510,678,2
0.550,0.550,0.550,0.500,0.500,0.500,0.540,0.540,0.540,0.500,0.500,0.500,956,1
0.500,0.500,0.500,0.500,0.500,0.500,0.500,0.500,0.500,0.510,0.510,0.510,645,2
0.500,0.500,0.500,0.450,0.450,0.450,0.500,0.500,0.500,0.460,0.460,0.460,959,1
0.500,0.500,0.500,0.550,0.550,0.550,0.500,0.500,0.500,0.540,0.540,0.540,329,2
0.500,0.500,0.500,0.500,0.500,0.500,0.520,0.520,0.520,0.500,0.500,0.500,910,1
0.450,0.450,0.450,0.500,0.500,0.500,0.540,0.540,0.540,0.500,0.500,0.500,901,1
0.550,0.550,0.550,0.500,0.500,0.500,0.530,0.530,0.530,0.500,0.500,0.500,295,1
0.500,0.500,0.500,0.500,0.500,0.500,0.510,0.510,0.510,0.500,0.500,0.500,975,1
0.500,0.500,0.500,0.450,0.450,0.450,0.500,0.500,0.500,0.470,0.470,0.470,762,1
0.500,0.500,0.500,0.450,0.450,0.450,0.500,0.500,0.500,0.460,0.460,0.460,860,1
0.500,0.500,0.500,0.500,0.500,0.500,0.470,0.470,0.470,0.500,0.500,0.500,344,2
0.500,0.500,0.500,0.500,0.500,0.500,0.500,0.500,0.500,0.530,0.530,0.530,713,2
0.450,0.450,0.450,0.500,0.500,0.500,0.490,0.490,0.490,0.500,0.500,0.500,533,2
0.500,0.500,0.500,0.450,0.450,0.450,0.500,0.500,0.500,0.530,0.530,0.530,834,2
0.500,0.500,0.500,0.450,0.450,0.450,0.500,0.500,0.500,0.490,0.490,0.490,962,1
0.500,0.500,0.500,0.550,0.550,0.550,0.500,0.500,0.500,0.500,0.500,0.500,589,2
0.500,0.500,0.500,0.500,0.500,0.500,0.500,0.500,0.500,0.530,0.530,0.530,416,2
0.450,0.450,0.450,0.500,0.500,0.500,0.460,0.460,0.460,0.500,0.500,0.500,794,2
0.550,0.550,0.550,0.500,0.500,0.500,0.500,0.500,0.500,0.500,0.500,0.500,292,1
0.500,0.500,0.500,0.450,0.450,0.450,0.500,0.500,0.500,0.540,0.540,0.540,802,2
0.500,0.500,0.500,0.550,0.550,0.550,0.500,0.500,0.500,0.510,0.510,0.510,128,2
0.500,0.500,0.500,0.550,0.550,0.550,0.500,0.500,0.500,0.500,0.500,0.500,94,2
0.500,0.500,0.500,0.500,0.500,0.500,0.500,0.500,0.500,0.480,0.480,0.480,543,1
0.500,0.500,0.500,0.450,0.450,0.450,0.500,0.500,0.500,0.540,0.540,0.540,241,2
0.550,0.550,0.550,0.500,0.500,0.500,0.500,0.500,0.500,0.500,0.500,0.500,952,1
0.550,0.550,0.550,0.500,0.500,0.500,0.520,0.520,0.520,0.500,0.500,0.500,591,1
0.450,0.450,0.450,0.500,0.500,0.500,0.490,0.490,0.490,0.500,0.500,0.500,401,2
0.500,0.500,0.500,0.500,0.500,0.500,0.500,0.500,0.500,0.450,0.450,0.450,705,1
0.500,0.500,0.500,0.550,0.550,0.550,0.500,0.500,0.500,0.480,0.480,0.480,125,1
0.500,0.500,0.500,0.500,0.500,0.500,0.500,0.500,0.500,0.530,0.530,0.530,812,2
0.500,0.500,0.500,0.450,0.450,0.450,0.500,0.500,0.500,0.500,0.500,0.500,303,2
0.500,0.500,0.500,0.500,0.500,0.500,0.490,0.490,0.490,0.500,0.500,0.500,412,2
0.500,0.500,0.500,0.500,0.500,0.500,0.500,0.500,0.500,0.520,0.520,0.520,580,2
0.500,0.500,0.500,0.450,0.450,0.450,0.500,0.500,0.500,0.530,0.530,0.530,801,2
0.450,0.450,0.450,0.500,0.500,0.500,0.480,0.480,0.480,0.500,0.500,0.500,202,2
0.500,0.500,0.500,0.550,0.550,0.550,0.500,0.500,0.500,0.530,0.530,0.530,394,2
0.450,0.450,0.450,0.500,0.500,0.500,0.520,0.520,0.520,0.500,0.500,0.500,371,1
0.500,0.500,0.500,0.500,0.500,0.500,0.500,0.500,0.500,0.510,0.510,0.510,414,2
0.500,0.500,0.500,0.500,0.500,0.500,0.460,0.460,0.460,0.500,0.500,0.500,310,2
0.500,0.500,0.500,0.450,0.450,0.450,0.500,0.500,0.500,0.540,0.540,0.540,142,2
0.500,0.500,0.500,0.550,0.550,0.550,0.500,0.500,0.500,0.490,0.490,0.490,456,1
0.450,0.450,0.450,0.500,0.500,0.500,0.480,0.480,0.480,0.500,0.500,0.500,103,2
0.500,0.500,0.500,0.550,0.550,0.550,0.500,0.500,0.500,0.540,0.540,0.540,890,2
0.500,0.500,0.500,0.450,0.450,0.450,0.500,0.500,0.500,0.470,0.470,0.470,465,1
0.500,0.500,0.500,0.550,0.550,0.550,0.500,0.500,0.500,0.450,0.450,0.450,947,1
0.550,0.550,0.550,0.500,0.500,0.500,0.470,0.470,0.470,0.500,0.500,0.500,949,2
0.450,0.450,0.450,0.500,0.500,0.500,0.470,0.470,0.470,0.500,0.500,0.500,828,2
0.500,0.500,0.500,0.550,0.550,0.550,0.500,0.500,0.500,0.540,0.540,0.540,593,2
0.500,0.500,0.500,0.550,0.550,0.550,0.500,0.500,0.500,0.490,0.490,0.490,159,1
0.500,0.500,0.500,0.500,0.500,0.500,0.530,0.530,0.530,0.500,0.500,0.500,317,1
0.450,0.450,0.450,0.500,0.500,0.500,0.520,0.520,0.520,0.500,0.500,0.500,41,1
0.500,0.500,0.500,0.550,0.550,0.550,0.500,0.500,0.500,0.530,0.530,0.530,427,2
0.500,0.500,0.500,0.500,0.500,0.500,0.500,0.500,0.500,0.550,0.550,0.550,286,2
0.450,0.450,0.450,0.500,0.500,0.500,0.460,0.460,0.460,0.500,0.500,0.500,431,2
0.450,0.450,0.450,0.500,0.500,0.500,0.540,0.540,0.540,0.500,0.500,0.500,10,1
0.550,0.550,0.550,0.500,0.500,0.500,0.530,0.530,0.530,0.500,0.500,0.500,64,1
0.550,0.550,0.550,0.500,0.500,0.500,0.520,0.520,0.520,0.500,0.500,0.500,756,1
0.500,0.500,0.500,0.500,0.500,0.500,0.520,0.520,0.520,0.500,0.500,0.500,118,1
0.500,0.500,0.500,0.500,0.500,0.500,0.450,0.450,0.450,0.500,0.500,0.500,837,2
0.500,0.500,0.500,0.500,0.500,0.500,0.480,0.480,0.480,0.500,0.500,0.500,609,2
0.500,0.500,0.500,0.500,0.500,0.500,0.500,0.500,0.500,0.510,0.510,0.510,381,2
0.500,0.500,0.500,0.500,0.500,0.500,0.480,0.480,0.480,0.500,0.500,0.500,741,2
0.550,0.550,0.550,0.500,0.500,0.500,0.480,0.480,0.480,0.500,0.500,0.500,488,2
0.500,0.500,0.500,0.550,0.550,0.550,0.500,0.500,0.500,0.500,0.500,0.500,853,2
0.550,0.550,0.550,0.500,0.500,0.500,0.470,0.470,0.470,0.500,0.500,0.500,157,2
0.500,0.500,0.500,0.500,0.500,0.500,0.500,0.500,0.500,0.470,0.470,0.470,377,1
0.500,0.500,0.500,0.550,0.550,0.550,0.500,0.500,0.500,0.540,0.540,0.540,758,2
0.450,0.450,0.450,0.500,0.500,0.500,0.450,0.450,0.450,0.500,0.500,0.500,34,2
0.450,0.450,0.450,0.500,0.500,0.500,0.480,0.480,0.480,0.500,0.500,0.500,928,2
0.450,0.450,0.450,0.500,0.500,0.500,0.500,0.500,0.500,0.500,0.500,0.500,732,1
0.500,0.500,0.500,0.450,0.450,0.450,0.500,0.500,0.500,0.540,0.540,0.540,307,2
0.500,0.500,0.500,0.500,0.500,0.500,0.500,0.500,0.500,0.450,0.450,0.450,309,1
0.500,0.500,0.500,0.450,0.450,0.450,0.500,0.500,0.500,0.520,0.520,0.520,206,2
0.500,0.500,0.500,0.500,0.500,0.500,0.500,0.500,0.500,0.450,0.450,0.450,408,1
0.500,0.500,0.500,0.500,0.500,0.500,0.460,0.460,0.460,0.500,0.500,0.500,640,2
0.500,0.500,0.500,0.500,0.500,0.500,0.500,0.500,0.500,0.490,0.490,0.490,115,1
0.500,0.500,0.500,0.500,0.500,0.500,0.540,0.540,0.540,0.500,0.500,0.500,153,1
0.500,0.500,0.500,0.500,0.500,0.500,0.460,0.460,0.460,0.500,0.500,0.500,79,2
0.550,0.550,0.550,0.500,0.500,0.500,0.550,0.550,0.550,0.500,0.500,0.500,726,1
0.500,0.500,0.500,0.500,0.500,0.500,0.530,0.530,0.530,0.500,0.500,0.500,383,1
0.500,0.500,0.500,0.550,0.550,0.550,0.500,0.500,0.500,0.500,0.500,0.500,985,2
0.500,0.500,0.500,0.500,0.500,0.500,0.500,0.500,0.500,0.530,0.530,0.530,251,2
0.450,0.450,0.450,0.500,0.500,0.500,0.470,0.470,0.470,0.500,0.500,0.500,102,2
0.450,0.450,0.450,0.500,0.500,0.500,0.550,0.550,0.550,0.500,0.500,0.500,539,1
0.500,0.500,0.500,0.500,0.500,0.500,0.510,0.510,0.510,0.500,0.500,0.500,447,1
0.550,0.550,0.550,0.500,0.500,0.500,0.550,0.550,0.550,0.500,0.500,0.500,132,1
0.450,0.450,0.450,0.500,0.500,0.500,0.490,0.490,0.490,0.500,0.500,0.500,632,2
0.500,0.500,0.500,0.500,0.500,0.500,0.500,0.500,0.500,0.550,0.550,0.550,946,2
0.500,0.500,0.500,0.500,0.500,0.500,0.480,0.480,0.480,0.500,0.500,0.500,15,2
0.500,0.500,0.500,0.500,0.500,0.500,0.510,0.510,0.510,0.500,0.500,0.500,744,1
0.550,0.550,0.550,0.500,0.500,0.500,0.500,0.500,0.500,0.500,0.500,0.500,754,1
0.500,0.500,0.500,0.450,0.450,0.450,0.500,0.500,0.500,0.450,0.450,0.450,925,1
0.550,0.550,0.550,0.500,0.500,0.500,0.480,0.480,0.480,0.500,0.500,0.500,92,2
0.500,0.500,0.500,0.500,0.500,0.500,0.450,0.450,0.450,0.500,0.500,0.500,243,2
0.500,0.500,0.500,0.450,0.450,0.450,0.500,0.500,0.500,0.540,0.540,0.540,835,2
0.550,0.550,0.550,0.500,0.500,0.500,0.540,0.540,0.540,0.500,0.500,0.500,263,1
0.450,0.450,0.450,0.500,0.500,0.500,0.450,0.450,0.450,0.500,0.500,0.500,628,2
0.500,0.500,0.500,0.500,0.500,0.500,0.510,0.510,0.510,0.500,0.500,0.500,183,1
0.550,0.550,0.550,0.500,0.500,0.500,0.450,0.450,0.450,0.500,0.500,0.500,89,2
0.500,0.500,0.500,0.550,0.550,0.550,0.500,0.500,0.500,0.460,0.460,0.460,321,1
0.500,0.500,0.500,0.550,0.550,0.550,0.500,0.500,0.500,0.490,0.490,0.490,786,1
0.500,0.500,0.500,0.450,0.450,0.450,0.500,0.500,0.500,0.480,0.480,0.480,400,1
0.450,0.450,0.450,0.500,0.500,0.500,0.480,0.480,0.480,0.500,0.500,0.500,367,2
0.450,0.450,0.450,0.500,0.500,0.500,0.510,0.510,0.510,0.500,0.500,0.500,139,1
0.500,0.500,0.500,0.500,0.500,0.500,0.500,0.500,0.500,0.470,0.470,0.470,641,1
0.550,0.550,0.550,0.500,0.500,0.500,0.500,0.500,0.500,0.500,0.500,0.500,688,1
0.500,0.500,0.500,0.450,0.450,0.450,0.500,0.500,0.500,0.480,0.480,0.480,829,1
0.450,0.450,0.450,0.500,0.500,0.500,0.460,0.460,0.460,0.500,0.500,0.500,761,2
0.500,0.500,0.500,0.550,0.550,0.550,0.500,0.500,0.500,0.500,0.500,0.500,886,2
0.500,0.500,0.500,0.450,0.450,0.450,0.500,0.500,0.500,0.470,0.470,0.470,663,1
0.500,0.500,0.500,0.500,0.500,0.500,0.500,0.500,0.500,0.470,0.470,0.470,311,1
0.450,0.450,0.450,0.500,0.500,0.500,0.490,0.490,0.490,0.500,0.500,0.500,236,2
0.500,0.500,0.500,0.500,0.500,0.500,0.500,0.500,0.500,0.500,0.500,0.500,347,2
0.500,0.500,0.500,0.500,0.500,0.500,0.530,0.530,0.530,0.500,0.500,0.500,977,1
0.500,0.500,0.500,0.500,0.500,0.500,0.460,0.460,0.460,0.500,0.500,0.500,442,2
0.450,0.450,0.450,0.500,0.500,0.500,0.530,0.530,0.530,0.500,0.500,0.500,933,1
0.500,0.500,0.500,0.550,0.550,0.550,0.500,0.500,0.500,0.550,0.550,0.550,99,2
0.500,0.500,0.500,0.550,0.550,0.550,0.500,0.500,0.500,0.460,0.460,0.460,57,1
0.500,0.500,0.500,0.450,0.450,0.450,0.500,0.500,0.500,0.490,0.490,0.490,500,1
0.500,0.500,0.500,0.550,0.550,0.550,0.500,0.500,0.500,0.470,0.470,0.470,355,1
0.500,0.500,0.500,0.500,0.500,0.500,0.500,0.500,0.500,0.500,0.500,0.500,644,1
0.450,0.450,0.450,0.500,0.500,0.500,0.500,0.500,0.500,0.500,0.500,0.500,369,1
0.500,0.500,0.500,0.450,0.450,0.450,0.500,0.500,0.500,0.550,0.550,0.550,44,2
0.500,0.500,0.500,0.500,0.500,0.500,0.520,0.520,0.520,0.500,0.500,0.500,712,1
0.550,0.550,0.550,0.500,0.500,0.500,0.520,0.520,0.520,0.500,0.500,0.500,459,1
0.550,0.550,0.550,0.500,0.500,0.500,0.550,0.550,0.550,0.500,0.500,0.500,858,1
0.550,0.550,0.550,0.500,0.500,0.500,0.510,0.510,0.510,0.500,0.500,0.500,689,1
0.500,0.500,0.500,0.450,0.450,0.450,0.500,0.500,0.500,0.490,0.490,0.490,929,1
0.500,0.500,0.500,0.450,0.450,0.450,0.500,0.500,0.500,0.550,0.550,0.550,869,2
0.500,0.500,0.500,0.500,0.500,0.500,0.510,0.510,0.510,0.500,0.500,0.500,117,1
0.500,0.500,0.500,0.500,0.500,0.500,0.500,0.500,0.500,0.500,0.500,0.500,149,2
0.550,0.550,0.550,0.500,0.500,0.500,0.460,0.460,0.460,0.500,0.500,0.500,24,2
0.550,0.550,0.550,0.500,0.500,0.500,0.550,0.550,0.550,0.500,0.500,0.500,462,1
0.500,0.500,0.500,0.500,0.500,0.500,0.500,0.500,0.500,0.480,0.480,0.480,906,1
0.450,0.450,0.450,0.500,0.500,0.500,0.510,0.510,0.510,0.500,0.500,0.500,337,1
0.500,0.500,0.500,0.500,0.500,0.500,0.500,0.500,0.500,0.490,0.490,0.490,874,1
0.450,0.450,0.450,0.500,0.500,0.500,0.480,0.480,0.480,0.500,0.500,0.500,532,2
0.550,0.550,0.550,0.500,0.500,0.500,0.520,0.520,0.520,0.500,0.500,0.500,261,1
0.500,0.500,0.500,0.550,0.550,0.550,0.500,0.500,0.500,0.490,0.490,0.490,621,1
0.500,0.500,0.500,0.500,0.500,0.500,0.500,0.500,0.500,0.540,0.540,0.540,813,2
0.500,0.500,0.500,0.500,0.500,0.500,0.500,0.500,0.500,0.460,0.460,0.460,607,1
0.500,0.500,0.500,0.500,0.500,0.500,0.500,0.500,0.500,0.500,0.500,0.500,611,2
0.550,0.550,0.550,0.500,0.500,0.500,0.480,0.480,0.480,0.500,0.500,0.500,554,2
0.450,0.450,0.450,0.500,0.500,0.500,0.520,0.520,0.520,0.500,0.500,0.500,272,1
0.550,0.550,0.550,0.500,0.500,0.500,0.530,0.530,0.530,0.500,0.500,0.500,130,1
0.450,0.450,0.450,0.500,0.500,0.500,0.470,0.470,0.470,0.500,0.500,0.500,36,2
0.500,0.500,0.500,0.500,0.500,0.500,0.540,0.540,0.540,0.500,0.500,0.500,879,1
0.500,0.500,0.500,0.500,0.500,0.500,0.500,0.500,0.500,0.540,0.540,0.540,252,2
0.550,0.550,0.550,0.500,0.500,0.500,0.450,0.450,0.450,0.500,0.500,0.500,155,2
0.500,0.500,0.500,0.500,0.500,0.500,0.490,0.490,0.490,0.500,0.500,0.500,49,2
0.550,0.550,0.550,0.500,0.500,0.500,0.490,0.490,0.490,0.500,0.500,0.500,258,2
0.550,0.550,0.550,0.500,0.500,0.500,0.480,0.480,0.480,0.500,0.500,0.500,389,2
0.500,0.500,0.500,0.500,0.500,0.500,0.530,0.530,0.530,0.500,0.500,0.500,944,1
0.550,0.550,0.550,0.500,0.500,0.500,0.470,0.470,0.470,0.500,0.500,0.500,553,2
0.500,0.500,0.500,0.500,0.500,0.500,0.500,0.500,0.500,0.490,0.490,0.490,742,1
0.500,0.500,0.500,0.500,0.500,0.500,0.540,0.540,0.540,0.500,0.500,0.500,483,1
0.500,0.500,0.500,0.550,0.550,0.550,0.500,0.500,0.500,0.480,0.480,0.480,884,1
0.500,0.500,0.500,0.500,0.500,0.500,0.500,0.500,0.500,0.530,0.530,0.530,515,2
0.500,0.500,0.500,0.450,0.450,0.450,0.500,0.500,0.500,0.550,0.550,0.550,209,2
0.500,0.500,0.500,0.450,0.450,0.450,0.500,0.500,0.500,0.530,0.530,0.530,636,2
0.500,0.500,0.500,0.500,0.500,0.500,0.500,0.500,0.500,0.520,0.520,0.520,514,2
0.500,0.500,0.500,0.500,0.500,0.500,0.500,0.500,0.500,0.470,0.470,0.470,971,1
0.550,0.550,0.550,0.500,0.500,0.500,0.510,0.510,0.510,0.500,0.500,0.500,491,1
0.550,0.550,0.550,0.500,0.500,0.500,0.550,0.550,0.550,0.500,0.500,0.500,33,1
0.500,0.500,0.500,0.550,0.550,0.550,0.500,0.500,0.500,0.460,0.460,0.460,222,1
0.550,0.550,0.550,0.500,0.500,0.500,0.510,0.510,0.510,0.500,0.500,0.500,260,1
0.450,0.450,0.450,0.500,0.500,0.500,0.530,0.530,0.530,0.500,0.500,0.500,240,1
0.500,0.500,0.500,0.450,0.450,0.450,0.500,0.500,0.500,0.510,0.510,0.510,700,2
0.550,0.550,0.550,0.500,0.500,0.500,0.490,0.490,0.490,0.500,0.500,0.500,489,2
0.500,0.500,0.500,0.550,0.550,0.550,0.500,0.500,0.500,0.450,0.450,0.450,980,1
0.450,0.450,0.450,0.500,0.500,0.500,0.480,0.480,0.480,0.500,0.500,0.500,70,2
0.550,0.550,0.550,0.500,0.500,0.500,0.550,0.550,0.550,0.500,0.500,0.500,924,1
0.500,0.500,0.500,0.550,0.550,0.550,0.500,0.500,0.500,0.480,0.480,0.480,983,1
0.500,0.500,0.500,0.500,0.500,0.500,0.540,0.540,0.540,0.500,0.500,0.500,846,1
0.500,0.500,0.500,0.550,0.550,0.550,0.500,0.500,0.500,0.520,0.520,0.520,855,2
0.450,0.450,0.450,0.500,0.500,0.500,0.470,0.470,0.470,0.500,0.500,0.500,267,2
0.550,0.550,0.550,0.500,0.500,0.500,0.490,0.490,0.490,0.500,0.500,0.500,588,2
0.450,0.450,0.450,0.500,0.500,0.500,0.490,0.490,0.490,0.500,0.500,0.500,5,2
0.500,0.500,0.500,0.500,0.500,0.500,0.500,0.500,0.500,0.500,0.500,0.500,842,1
0.500,0.500,0.500,0.450,0.450,0.450,0.500,0.500,0.500,0.480,0.480,0.480,598,1
0.500,0.500,0.500,0.500,0.500,0.500,0.480,0.480,0.480,0.500,0.500,0.500,642,2
0.500,0.500,0.500,0.500,0.500,0.500,0.530,0.530,0.530,0.500,0.500,0.500,647,1
0.450,0.450,0.450,0.500,0.500,0.500,0.460,0.460,0.460,0.500,0.500,0.500,365,2
0.500,0.500,0.500,0.500,0.500,0.500,0.500,0.500,0.500,0.520,0.520,0.520,481,2
0.450,0.450,0.450,0.500,0.500,0.500,0.500,0.500,0.500,0.500,0.500,0.500,501,1
0.500,0.500,0.500,0.450,0.450,0.450,0.500,0.500,0.500,0.480,0.480,0.480,4,1
0.500,0.500,0.500,0.500,0.500,0.500,0.450,0.450,0.450,0.500,0.500,0.500,144,2
0.550,0.550,0.550,0.500,0.500,0.500,0.550,0.550,0.550,0.500,0.500,0.500,495,1
0.500,0.500,0.500,0.500,0.500,0.500,0.550,0.550,0.550,0.500,0.500,0.500,715,1
0.500,0.500,0.500,0.500,0.500,0.500,0.530,0.530,0.530,0.500,0.500,0.500,20,1
0.500,0.500,0.500,0.500,0.500,0.500,0.500,0.500,0.500,0.470,0.470,0.470,542,1
0.500,0.500,0.500,0.550,0.550,0.550,0.500,0.500,0.500,0.450,0.450,0.450,353,1
0.500,0.500,0.500,0.500,0.500,0.500,0.500,0.500,0.500,0.450,0.450,0.450,12,1
0.550,0.550,0.550,0.500,0.500,0.500,0.540,0.540,0.540,0.500,0.500,0.500,131,1
0.500,0.500,0.500,0.550,0.550,0.550,0.500,0.500,0.500,0.450,0.450,0.450,188,1
0.500,0.500,0.500,0.450,0.450,0.450,0.500,0.500,0.500,0.540,0.540,0.540,571,2
0.550,0.550,0.550,0.500,0.500,0.500,0.510,0.510,0.510,0.500,0.500,0.500,425,1
0.500,0.500,0.500,0.500,0.500,0.500,0.530,0.530,0.530,0.500,0.500,0.500,218,1
0.500,0.500,0.500,0.500,0.500,0.500,0.540,0.540,0.540,0.500,0.500,0.500,384,1
0.500,0.500,0.500,0.500,0.500,0.500,0.500,0.500,0.500,0.500,0.500,0.500,83,2
0.500,0.500,0.500,0.550,0.550,0.550,0.500,0.500,0.500,0.510,0.510,0.510,194,2
0.500,0.500,0.500,0.550,0.550,0.550,0.500,0.500,0.500,0.460,0.460,0.460,354,1
0.500,0.500,0.500,0.450,0.450,0.450,0.500,0.500,0.500,0.480,0.480,0.480,466,1
0.500,0.500,0.500,0.500,0.500,0.500,0.500,0.500,0.500,0.510,0.510,0.510,810,2
0.500,0.500,0.500,0.550,0.550,0.550,0.500,0.500,0.500,0.540,0.540,0.540,725,2
0.500,0.500,0.500,0.550,0.550,0.550,0.500,0.500,0.500,0.540,0.540,0.540,923,2
0.500,0.500,0.500,0.500,0.500,0.500,0.550,0.550,0.550,0.500,0.500,0.500,748,1
0.500,0.500,0.500,0.450,0.450,0.450,0.500,0.500,0.500,0.520,0.520,0.520,503,2
0.550,0.550,0.550,0.500,0.500,0.500,0.480,0.480,0.480,0.500,0.500,0.500,323,2
0.500,0.500,0.500,0.500,0.500,0.500,0.500,0.500,0.500,0.520,0.520,0.520,448,2
0.450,0.450,0.450,0.500,0.500,0.500,0.450,0.450,0.450,0.500,0.500,0.500,133,2
0.500,0.500,0.500,0.450,0.450,0.450,0.500,0.500,0.500,0.470,0.470,0.470,861,1
0.500,0.500,0.500,0.500,0.500,0.500,0.480,0.480,0.480,0.500,0.500,0.500,873,2
0.450,0.450,0.450,0.500,0.500,0.500,0.550,0.550,0.550,0.500,0.500,0.500,110,1
0.450,0.450,0.450,0.500,0.500,0.500,0.550,0.550,0.550,0.500,0.500,0.500,77,1
0.500,0.500,0.500,0.500,0.500,0.500,0.500,0.500,0.500,0.550,0.550,0.550,187,2
0.550,0.550,0.550,0.500,0.500,0.500,0.520,0.520,0.520,0.500,0.500,0.500,63,1
0.500,0.500,0.500,0.550,0.550,0.550,0.500,0.500,0.500,0.470,0.470,0.470,586,1
0.550,0.550,0.550,0.500,0.500,0.500,0.460,0.460,0.460,0.500,0.500,0.500,618,2
0.500,0.500,0.500,0.500,0.500,0.500,0.480,0.480,0.480,0.500,0.500,0.500,312,2
0.500,0.500,0.500,0.550,0.550,0.550,0.500,0.500,0.500,0.530,0.530,0.530,955,2
0.500,0.500,0.500,0.500,0.500,0.500,0.500,0.500,0.500,0.480,0.480,0.480,180,1
0.500,0.500,0.500,0.500,0.500,0.500,0.480,0.480,0.480,0.500,0.500,0.500,477,2
0.500,0.500,0.500,0.500,0.500,0.500,0.500,0.500,0.500,0.470,0.470,0.470,179,1
0.550,0.550,0.550,0.500,0.500,0.500,0.530,0.530,0.530,0.500,0.500,0.500,823,1
0.500,0.500,0.500,0.550,0.550,0.550,0.500,0.500,0.500,0.490,0.490,0.490,60,1
0.450,0.450,0.450,0.500,0.500,0.500,0.470,0.470,0.470,0.500,0.500,0.500,696,2
0.500,0.500,0.500,0.450,0.450,0.450,0.500,0.500,0.500,0.500,0.500,0.500,765,2
0.450,0.450,0.450,0.500,0.500,0.500,0.480,0.480,0.480,0.500,0.500,0.500,334,2
0.500,0.500,0.500,0.500,0.500,0.500,0.500,0.500,0.500,0.520,0.520,0.520,349,2
0.450,0.450,0.450,0.500,0.500,0.500,0.530,0.530,0.530,0.500,0.500,0.500,306,1
0.550,0.550,0.550,0.500,0.500,0.500,0.510,0.510,0.510,0.500,0.500,0.500,821,1
0.450,0.450,0.450,0.500,0.500,0.500,0.550,0.550,0.550,0.500,0.500,0.500,572,1
0.550,0.550,0.550,0.500,0.500,0.500,0.490,0.490,0.490,0.500,0.500,0.500,192,2
0.550,0.550,0.550,0.500,0.500,0.500,0.480,0.480,0.480,0.500,0.500,0.500,521,2
0.500,0.500,0.500,0.550,0.550,0.550,0.500,0.500,0.500,0.550,0.550,0.550,264,2
0.500,0.500,0.500,0.500,0.500,0.500,0.500,0.500,0.500,0.530,0.530,0.530,185,2
0.500,0.500,0.500,0.550,0.550,0.550,0.500,0.500,0.500,0.450,0.450,0.450,815,1
0.500,0.500,0.500,0.450,0.450,0.450,0.500,0.500,0.500,0.530,0.530,0.530,867,2
0.500,0.500,0.500,0.500,0.500,0.500,0.500,0.500,0.500,0.450,0.450,0.450,903,1
0.500,0.500,0.500,0.550,0.550,0.550,0.500,0.500,0.500,0.520,0.520,0.520,195,2
0.500,0.500,0.500,0.500,0.500,0.500,0.500,0.500,0.500,0.490,0.490,0.490,280,1
0.500,0.500,0.500,0.450,0.450,0.450,0.500,0.500,0.500,0.460,0.460,0.460,200,1
0.500,0.500,0.500,0.450,0.450,0.450,0.500,0.500,0.500,0.550,0.550,0.550,836,2
0.450,0.450,0.450,0.500,0.500,0.500,0.470,0.470,0.470,0.500,0.500,0.500,960,2
0.500,0.500,0.500,0.550,0.550,0.550,0.500,0.500,0.500,0.530,0.530,0.530,658,2
0.550,0.550,0.550,0.500,0.500,0.500,0.450,0.450,0.450,0.500,0.500,0.500,782,2
0.500,0.500,0.500,0.500,0.500,0.500,0.500,0.500,0.500,0.500,0.500,0.500,413,1
0.550,0.550,0.550,0.500,0.500,0.500,0.480,0.480,0.480,0.500,0.500,0.500,158,2
0.500,0.500,0.500,0.550,0.550,0.550,0.500,0.500,0.500,0.450,0.450,0.450,914,1
0.500,0.500,0.500,0.500,0.500,0.500,0.500,0.500,0.500,0.550,0.550,0.550,22,2
0.500,0.500,0.500,0.500,0.500,0.500,0.520,0.520,0.520,0.500,0.500,0.500,316,1
0.450,0.450,0.450,0.500,0.500,0.500,0.510,0.510,0.510,0.500,0.500,0.500,601,1
0.550,0.550,0.550,0.500,0.500,0.500,0.520,0.520,0.520,0.500,0.500,0.500,327,1
0.550,0.550,0.550,0.500,0.500,0.500,0.460,0.460,0.460,0.500,0.500,0.500,123,2
0.500,0.500,0.500,0.550,0.550,0.550,0.500,0.500,0.500,0.460,0.460,0.460,486,1
0.500,0.500,0.500,0.450,0.450,0.450,0.500,0.500,0.500,0.540,0.540,0.540,769,2
0.500,0.500,0.500,0.500,0.500,0.500,0.450,0.450,0.450,0.500,0.500,0.500,45,2
0.450,0.450,0.450,0.500,0.500,0.500,0.550,0.550,0.550,0.500,0.500,0.500,803,1
0.550,0.550,0.550,0.500,0.500,0.500,0.520,0.520,0.520,0.500,0.500,0.500,558,1
0.500,0.500,0.500,0.550,0.550,0.550,0.500,0.500,0.500,0.510,0.510,0.510,359,2
0.450,0.450,0.450,0.500,0.500,0.500,0.540,0.540,0.540,0.500,0.500,0.500,43,1
0.450,0.450,0.450,0.500,0.500,0.500,0.520,0.520,0.520,0.500,0.500,0.500,404,1
0.550,0.550,0.550,0.500,0.500,0.500,0.450,0.450,0.450,0.500,0.500,0.500,56,2
0.500,0.500,0.500,0.550,0.550,0.550,0.500,0.500,0.500,0.480,0.480,0.480,257,1
0.550,0.550,0.550,0.500,0.500,0.500,0.480,0.480,0.480,0.500,0.500,0.500,224,2
0.500,0.500,0.500,0.500,0.500,0.500,0.500,0.500,0.500,0.470,0.470,0.470,707,1
0.500,0.500,0.500,0.450,0.450,0.450,0.500,0.500,0.500,0.520,0.520,0.520,932,2
0.500,0.500,0.500,0.450,0.450,0.450,0.500,0.500,0.500,0.470,0.470,0.470,564,1
0.500,0.500,0.500,0.450,0.450,0.450,0.500,0.500,0.500,0.540,0.540,0.540,604,2
0.500,0.500,0.500,0.500,0.500,0.500,0.500,0.500,0.500,0.470,0.470,0.470,47,1
0.500,0.500,0.500,0.450,0.450,0.450,0.500,0.500,0.500,0.530,0.530,0.530,9,2
0.500,0.500,0.500,0.500,0.500,0.500,0.500,0.500,0.500,0.470,0.470,0.470,674,1
0.500,0.500,0.500,0.500,0.500,0.500,0.500,0.500,0.500,0.480,0.480,0.480,81,1
0.500,0.500,0.500,0.500,0.500,0.500,0.470,0.470,0.470,0.500,0.500,0.500,872,2
0.500,0.500,0.500,0.500,0.500,0.500,0.500,0.500,0.500,0.510,0.510,0.510,579,2
0.450,0.450,0.450,0.500,0.500,0.500,0.450,0.450,0.450,0.500,0.500,0.500,760,2
0.500,0.500,0.500,0.500,0.500,0.500,0.480,0.480,0.480,0.500,0.500,0.500,939,2
0.450,0.450,0.450,0.500,0.500,0.500,0.460,0.460,0.460,0.500,0.500,0.500,68,2
0.500,0.500,0.500,0.550,0.550,0.550,0.500,0.500,0.500,0.490,0.490,0.490,852,1
0.500,0.500,0.500,0.450,0.450,0.450,0.500,0.500,0.500,0.530,0.530,0.530,603,2
0.450,0.450,0.450,0.500,0.500,0.500,0.490,0.490,0.490,0.500,0.500,0.500,764,2
0.500,0.500,0.500,0.500,0.500,0.500,0.500,0.500,0.500,0.480,0.480,0.480,114,1
0.500,0.500,0.500,0.450,0.450,0.450,0.500,0.500,0.500,0.480,0.480,0.480,235,1
0.450,0.450,0.450,0.500,0.500,0.500,0.530,0.530,0.530,0.500,0.500,0.500,768,1
0.500,0.500,0.500,0.500,0.500,0.500,0.540,0.540,0.540,0.500,0.500,0.500,582,1
0.500,0.500,0.500,0.450,0.450,0.450,0.500,0.500,0.500,0.510,0.510,0.510,502,2
0.500,0.500,0.500,0.550,0.550,0.550,0.500,0.500,0.500,0.450,0.450,0.450,716,1
0.500,0.500,0.500,0.500,0.500,0.500,0.500,0.500,0.500,0.480,0.480,0.480,840,1
0.550,0.550,0.550,0.500,0.500,0.500,0.460,0.460,0.460,0.500,0.500,0.500,552,2
0.550,0.550,0.550,0.500,0.500,0.500,0.540,0.540,0.540,0.500,0.500,0.500,197,1
0.500,0.500,0.500,0.550,0.550,0.550,0.500,0.500,0.500,0.540,0.540,0.540,65,2
0.500,0.500,0.500,0.500,0.500,0.500,0.470,0.470,0.470,0.500,0.500,0.500,806,2
0.500,0.500,0.500,0.500,0.500,0.500,0.510,0.510,0.510,0.500,0.500,0.500,909,1
0.500,0.500,0.500,0.500,0.500,0.500,0.500,0.500,0.500,0.490,0.490,0.490,610,1
0.550,0.550,0.550,0.500,0.500,0.500,0.480,0.480,0.480,0.500,0.500,0.500,785,2
0.500,0.500,0.500,0.550,0.550,0.550,0.500,0.500,0.500,0.550,0.550,0.550,198,2
0.550,0.550,0.550,0.500,0.500,0.500,0.510,0.510,0.510,0.500,0.500,0.500,161,1
0.500,0.500,0.500,0.450,0.450,0.450,0.500,0.500,0.500,0.470,0.470,0.470,432,1
0.450,0.450,0.450,0.500,0.500,0.500,0.510,0.510,0.510,0.500,0.500,0.500,271,1
0.500,0.500,0.500,0.500,0.500,0.500,0.500,0.500,0.500,0.460,0.460,0.460,211,1
0.500,0.500,0.500,0.550,0.550,0.550,0.500,0.500,0.500,0.470,0.470,0.470,850,1
0.500,0.500,0.500,0.500,0.500,0.500,0.500,0.500,0.500,0.470,0.470,0.470,509,1
0.500,0.500,0.500,0.450,0.450,0.450,0.500,0.500,0.500,0.490,0.490,0.490,599,1
0.500,0.500,0.500,0.500,0.500,0.500,0.500,0.500,0.500,0.460,0.460,0.460,574,1
0.500,0.500,0.500,0.550,0.550,0.550,0.500,0.500,0.500,0.470,0.470,0.470,982,1
0.450,0.450,0.450,0.500,0.500,0.500,0.470,0.470,0.470,0.500,0.500,0.500,3,2
0.450,0.450,0.450,0.500,0.500,0.500,0.480,0.480,0.480,0.500,0.500,0.500,664,2
0.500,0.500,0.500,0.450,0.450,0.450,0.500,0.500,0.500,0.450,0.450,0.450,826,1
0.550,0.550,0.550,0.500,0.500,0.500,0.480,0.480,0.480,0.500,0.500,0.500,950,2
0.500,0.500,0.500,0.500,0.500,0.500,0.540,0.540,0.540,0.500,0.500,0.500,945,1
0.500,0.500,0.500,0.500,0.500,0.500,0.500,0.500,0.500,0.470,0.470,0.470,212,1
0.500,0.500,0.500,0.550,0.550,0.550,0.500,0.500,0.500,0.510,0.510,0.510,29,2
0.500,0.500,0.500,0.550,0.550,0.550,0.500,0.500,0.500,0.450,0.450,0.450,122,1
0.500,0.500,0.500,0.500,0.500,0.500,0.500,0.500,0.500,0.460,0.460,0.460,244,1
0.500,0.500,0.500,0.500,0.500,0.500,0.500,0.500,0.500,0.530,0.530,0.530,614,2
0.550,0.550,0.550,0.500,0.500,0.500,0.540,0.540,0.540,0.500,0.500,0.500,461,1
0.500,0.500,0.500,0.550,0.550,0.550,0.500,0.500,0.500,0.510,0.510,0.510,557,2
0.500,0.500,0.500,0.450,0.450,0.450,0.500,0.500,0.500,0.520,0.520,0.520,140,2
0.450,0.450,0.450,0.500,0.500,0.500,0.470,0.470,0.470,0.500,0.500,0.500,333,2
0.550,0.550,0.550,0.500,0.500,0.500,0.490,0.490,0.490,0.500,0.500,0.500,951,2
0.500,0.500,0.500,0.500,0.500,0.500,0.500,0.500,0.500,0.460,0.460,0.460,673,1
0.550,0.550,0.550,0.500,0.500,0.500,0.470,0.470,0.470,0.500,0.500,0.500,322,2
0.450,0.450,0.450,0.500,0.500,0.500,0.520,0.520,0.520,0.500,0.500,0.500,734,1
0.500,0.500,0.500,0.550,0.550,0.550,0.500,0.500,0.500,0.480,0.480,0.480,851,1
0.500,0.500,0.500,0.500,0.500,0.500,0.550,0.550,0.550,0.500,0.500,0.500,121,1
0.500,0.500,0.500,0.450,0.450,0.450,0.500,0.500,0.500,0.480,0.480,0.480,763,1
0.500,0.500,0.500,0.550,0.550,0.550,0.500,0.500,0.500,0.530,0.530,0.530,460,2
0.550,0.550,0.550,0.500,0.500,0.500,0.530,0.530,0.530,0.500,0.500,0.500,625,1
0.500,0.500,0.500,0.450,0.450,0.450,0.500,0.500,0.500,0.500,0.500,0.500,798,2
0.500,0.500,0.500,0.450,0.450,0.450,0.500,0.500,0.500,0.510,0.510,0.510,865,2
0.500,0.500,0.500,0.450,0.450,0.450,0.500,0.500,0.500,0.530,0.530,0.530,207,2
0.500,0.500,0.500,0.450,0.450,0.450,0.500,0.500,0.500,0.500,0.500,0.500,567,2
0.550,0.550,0.550,0.500,0.500,0.500,0.520,0.520,0.520,0.500,0.500,0.500,789,1
0.500,0.500,0.500,0.500,0.500,0.500,0.460,0.460,0.460,0.500,0.500,0.500,475,2
0.550,0.550,0.550,0.500,0.500,0.500,0.490,0.490,0.490,0.500,0.500,0.500,357,2
0.500,0.500,0.500,0.500,0.500,0.500,0.470,0.470,0.470,0.500,0.500,0.500,410,2
0.500,0.500,0.500,0.500,0.500,0.500,0.550,0.550,0.550,0.500,0.500,0.500,847,1
0.550,0.550,0.550,0.500,0.500,0.500,0.450,0.450,0.450,0.500,0.500,0.500,518,2
0.550,0.550,0.550,0.500,0.500,0.500,0.500,0.500,0.500,0.500,0.500,0.500,622,1
0.500,0.500,0.500,0.500,0.500,0.500,0.510,0.510,0.510,0.500,0.500,0.500,18,1
0.500,0.500,0.500,0.450,0.450,0.450,0.500,0.500,0.500,0.520,0.520,0.520,536,2
0.500,0.500,0.500,0.500,0.500,0.500,0.480,0.480,0.480,0.500,0.500,0.500,213,2
0.500,0.500,0.500,0.500,0.500,0.500,0.500,0.500,0.500,0.460,0.460,0.460,805,1
0.500,0.500,0.500,0.500,0.500,0.500,0.500,0.500,0.500,0.550,0.550,0.550,517,2
0.500,0.500,0.500,0.450,0.450,0.450,0.500,0.500,0.500,0.500,0.500,0.500,468,2
0.450,0.450,0.450,0.500,0.500,0.500,0.490,0.490,0.490,0.500,0.500,0.500,698,2
0.500,0.500,0.500,0.500,0.500,0.500,0.500,0.500,0.500,0.550,0.550,0.550,154,2
0.500,0.500,0.500,0.500,0.500,0.500,0.500,0.500,0.500,0.450,0.450,0.450,276,1
0.500,0.500,0.500,0.500,0.500,0.500,0.490,0.490,0.490,0.500,0.500,0.500,313,2
0.500,0.500,0.500,0.500,0.500,0.500,0.460,0.460,0.460,0.500,0.500,0.500,508,2
0.550,0.550,0.550,0.500,0.500,0.500,0.510,0.510,0.510,0.500,0.500,0.500,920,1
0.500,0.500,0.500,0.450,0.450,0.450,0.500,0.500,0.500,0.500,0.500,0.500,864,2
0.500,0.500,0.500,0.500,0.500,0.500,0.540,0.540,0.540,0.500,0.500,0.500,21,1
0.550,0.550,0.550,0.500,0.500,0.500,0.460,0.460,0.460,0.500,0.500,0.500,90,2
0.450,0.450,0.450,0.500,0.500,0.500,0.450,0.450,0.450,0.500,0.500,0.500,364,2
0.500,0.500,0.500,0.500,0.500,0.500,0.500,0.500,0.500,0.510,0.510,0.510,216,2
0.550,0.550,0.550,0.500,0.500,0.500,0.520,0.520,0.520,0.500,0.500,0.500,822,1
0.450,0.450,0.450,0.500,0.500,0.500,0.530,0.530,0.530,0.500,0.500,0.500,669,1
0.450,0.450,0.450,0.500,0.500,0.500,0.540,0.540,0.540,0.500,0.500,0.500,406,1
0.500,0.500,0.500,0.500,0.500,0.500,0.490,0.490,0.490,0.500,0.500,0.500,181,2
0.500,0.500,0.500,0.500,0.500,0.500,0.500,0.500,0.500,0.520,0.520,0.520,382,2
0.450,0.450,0.450,0.500,0.500,0.500,0.460,0.460,0.460,0.500,0.500,0.500,134,2
0.500,0.500,0.500,0.500,0.500,0.500,0.550,0.550,0.550,0.500,0.500,0.500,682,1
0.450,0.450,0.450,0.500,0.500,0.500,0.480,0.480,0.480,0.500,0.500,0.500,565,2
0.550,0.550,0.550,0.500,0.500,0.500,0.490,0.490,0.490,0.500,0.500,0.500,687,2
0.550,0.550,0.550,0.500,0.500,0.500,0.540,0.540,0.540,0.500,0.500,0.500,428,1
0.500,0.500,0.500,0.450,0.450,0.450,0.500,0.500,0.500,0.450,0.450,0.450,1,1
0.500,0.500,0.500,0.450,0.450,0.450,0.500,0.500,0.500,0.460,0.460,0.460,728,1
0.450,0.450,0.450,0.500,0.500,0.500,0.470,0.470,0.470,0.500,0.500,0.500,201,2
0.500,0.500,0.500,0.550,0.550,0.550,0.500,0.500,0.500,0.500,0.500,0.500,259,2
0.500,0.500,0.500,0.550,0.550,0.550,0.500,0.500,0.500,0.470,0.470,0.470,685,1
0.500,0.500,0.500,0.450,0.450,0.450,0.500,0.500,0.500,0.540,0.540,0.540,736,2
0.550,0.550,0.550,0.500,0.500,0.500,0.480,0.480,0.480,0.500,0.500,0.500,719,2
0.550,0.550,0.550,0.500,0.500,0.500,0.470,0.470,0.470,0.500,0.500,0.500,421,2
0.500,0.500,0.500,0.550,0.550,0.550,0.500,0.500,0.500,0.460,0.460,0.460,915,1
0.550,0.550,0.550,0.500,0.500,0.500,0.510,0.510,0.510,0.500,0.500,0.500,722,1
0.500,0.500,0.500,0.500,0.500,0.500,0.500,0.500,0.500,0.520,0.520,0.520,19,2
0.450,0.450,0.450,0.500,0.500,0.500,0.500,0.500,0.500,0.500,0.500,0.500,633,1
0.500,0.500,0.500,0.550,0.550,0.550,0.500,0.500,0.500,0.450,0.450,0.450,320,1
0.550,0.550,0.550,0.500,0.500,0.500,0.450,0.450,0.450,0.500,0.500,0.500,683,2
0.450,0.450,0.450,0.500,0.500,0.500,0.530,0.530,0.530,0.500,0.500,0.500,141,1
0.500,0.500,0.500,0.450,0.450,0.450,0.500,0.500,0.500,0.480,0.480,0.480,136,1
0.450,0.450,0.450,0.500,0.500,0.500,0.490,0.490,0.490,0.500,0.500,0.500,731,2
0.500,0.500,0.500,0.450,0.450,0.450,0.500,0.500,0.500,0.510,0.510,0.510,469,2
0.500,0.500,0.500,0.550,0.550,0.550,0.500,0.500,0.500,0.520,0.520,0.520,426,2
0.500,0.500,0.500,0.500,0.500,0.500,0.470,0.470,0.470,0.500,0.500,0.500,938,2
0.500,0.500,0.500,0.450,0.450,0.450,0.500,0.500,0.500,0.550,0.550,0.550,638,2
0.500,0.500,0.500,0.550,0.550,0.550,0.500,0.500,0.500,0.500,0.500,0.500,919,2
0.500,0.500,0.500,0.500,0.500,0.500,0.500,0.500,0.500,0.530,0.530,0.530,482,2
0.500,0.500,0.500,0.500,0.500,0.500,0.490,0.490,0.490,0.500,0.500,0.500,511,2
0.550,0.550,0.550,0.500,0.500,0.500,0.520,0.520,0.520,0.500,0.500,0.500,525,1
0.500,0.500,0.500,0.500,0.500,0.500,0.500,0.500,0.500,0.530,0.530,0.530,152,2
0.450,0.450,0.450,0.500,0.500,0.500,0.500,0.500,0.500,0.500,0.500,0.500,39,1
0.500,0.500,0.500,0.550,0.550,0.550,0.500,0.500,0.500,0.460,0.460,0.460,750,1
0.500,0.500,0.500,0.450,0.450,0.450,0.500,0.500,0.500,0.470,0.470,0.470,927,1
0.500,0.500,0.500,0.500,0.500,0.500,0.540,0.540,0.540,0.500,0.500,0.500,681,1
0.550,0.550,0.550,0.500,0.500,0.500,0.450,0.450,0.450,0.500,0.500,0.500,650,2
0.550,0.550,0.550,0.500,0.500,0.500,0.510,0.510,0.510,0.500,0.500,0.500,887,1
0.500,0.500,0.500,0.450,0.450,0.450,0.500,0.500,0.500,0.510,0.510,0.510,766,2
0.450,0.450,0.450,0.500,0.500,0.500,0.480,0.480,0.480,0.500,0.500,0.500,730,2
0.500,0.500,0.500,0.500,0.500,0.500,0.500,0.500,0.500,0.450,0.450,0.450,474,1
0.450,0.450,0.450,0.500,0.500,0.500,0.460,0.460,0.460,0.500,0.500,0.500,266,2
0.500,0.500,0.500,0.450,0.450,0.450,0.500,0.500,0.500,0.510,0.510,0.510,403,2
0.500,0.500,0.500,0.450,0.450,0.450,0.500,0.500,0.500,0.510,0.510,0.510,733,2
0.550,0.550,0.550,0.500,0.500,0.500,0.470,0.470,0.470,0.500,0.500,0.500,718,2
0.550,0.550,0.550,0.500,0.500,0.500,0.480,0.480,0.480,0.500,0.500,0.500,26,2
0.500,0.500,0.500,0.500,0.500,0.500,0.500,0.500,0.500,0.470,0.470,0.470,608,1
0.500,0.500,0.500,0.500,0.500,0.500,0.500,0.500,0.500,0.450,0.450,0.450,639,1
0.500,0.500,0.500,0.550,0.550,0.550,0.500,0.500,0.500,0.520,0.520,0.520,228,2
0.500,0.500,0.500,0.500,0.500,0.500,0.520,0.520,0.520,0.500,0.500,0.500,844,1
0.500,0.500,0.500,0.500,0.500,0.500,0.500,0.500,0.500,0.520,0.520,0.520,52,2
0.550,0.550,0.550,0.500,0.500,0.500,0.450,0.450,0.450,0.500,0.500,0.500,617,2
0.500,0.500,0.500,0.450,0.450,0.450,0.500,0.500,0.500,0.490,0.490,0.490,467,1
0.500,0.500,0.500,0.550,0.550,0.550,0.500,0.500,0.500,0.520,0.520,0.520,921,2
0.500,0.500,0.500,0.550,0.550,0.550,0.500,0.500,0.500,0.500,0.500,0.500,358,2
0.500,0.500,0.500,0.450,0.450,0.450,0.500,0.500,0.500,0.540,0.540,0.540,274,2
0.450,0.450,0.450,0.500,0.500,0.500,0.480,0.480,0.480,0.500,0.500,0.500,433,2
0.450,0.450,0.450,0.500,0.500,0.500,0.540,0.540,0.540,0.500,0.500,0.500,208,1
0.500,0.500,0.500,0.550,0.550,0.550,0.500,0.500,0.500,0.540,0.540,0.540,164,2
0.450,0.450,0.450,0.500,0.500,0.500,0.510,0.510,0.510,0.500,0.500,0.500,304,1
0.500,0.500,0.500,0.450,0.450,0.450,0.500,0.500,0.500,0.510,0.510,0.510,634,2
0.550,0.550,0.550,0.500,0.500,0.500,0.480,0.480,0.480,0.500,0.500,0.500,752,2
0.450,0.450,0.450,0.500,0.500,0.500,0.530,0.530,0.530,0.500,0.500,0.500,735,1
0.500,0.500,0.500,0.500,0.500,0.500,0.500,0.500,0.500,0.530,0.530,0.530,779,2
0.500,0.500,0.500,0.500,0.500,0.500,0.500,0.500,0.500,0.470,0.470,0.470,839,1
0.550,0.550,0.550,0.500,0.500,0.500,0.530,0.530,0.530,0.500,0.500,0.500,757,1
0.500,0.500,0.500,0.450,0.450,0.450,0.500,0.500,0.500,0.520,0.520,0.520,899,2
0.500,0.500,0.500,0.500,0.500,0.500,0.500,0.500,0.500,0.470,0.470,0.470,245,1
0.550,0.550,0.550,0.500,0.500,0.500,0.520,0.520,0.520,0.500,0.500,0.500,888,1
0.500,0.500,0.500,0.450,0.450,0.450,0.500,0.500,0.500,0.520,0.520,0.520,8,2
0.550,0.550,0.550,0.500,0.500,0.500,0.530,0.530,0.530,0.500,0.500,0.500,31,1
0.550,0.550,0.550,0.500,0.500,0.500,0.460,0.460,0.460,0.500,0.500,0.500,882,2
0.500,0.500,0.500,0.500,0.500,0.500,0.500,0.500,0.500,0.450,0.450,0.450,969,1
0.500,0.500,0.500,0.550,0.550,0.550,0.500,0.500,0.500,0.490,0.490,0.490,918,1
0.550,0.550,0.550,0.500,0.500,0.500,0.530,0.530,0.530,0.500,0.500,0.500,526,1
0.500,0.500,0.500,0.500,0.500,0.500,0.550,0.550,0.550,0.500,0.500,0.500,550,1
0.500,0.500,0.500,0.500,0.500,0.500,0.500,0.500,0.500,0.460,0.460,0.460,970,1
0.450,0.450,0.450,0.500,0.500,0.500,0.550,0.550,0.550,0.500,0.500,0.500,770,1
0.500,0.500,0.500,0.450,0.450,0.450,0.500,0.500,0.500,0.530,0.530,0.530,42,2
0.550,0.550,0.550,0.500,0.500,0.500,0.540,0.540,0.540,0.500,0.500,0.500,857,1
0.500,0.500,0.500,0.450,0.450,0.450,0.500,0.500,0.500,0.470,0.470,0.470,894,1
0.500,0.500,0.500,0.450,0.450,0.450,0.500,0.500,0.500,0.500,0.500,0.500,963,2
0.550,0.550,0.550,0.500,0.500,0.500,0.520,0.520,0.520,0.500,0.500,0.500,954,1
0.550,0.550,0.550,0.500,0.500,0.500,0.480,0.480,0.480,0.500,0.500,0.500,620,2
0.450,0.450,0.450,0.500,0.500,0.500,0.460,0.460,0.460,0.500,0.500,0.500,893,2
0.500,0.500,0.500,0.500,0.500,0.500,0.500,0.500,0.500,0.530,0.530,0.530,911,2
0.450,0.450,0.450,0.500,0.500,0.500,0.470,0.470,0.470,0.500,0.500,0.500,498,2
0.450,0.450,0.450,0.500,0.500,0.500,0.520,0.520,0.520,0.500,0.500,0.500,767,1
0.550,0.550,0.550,0.500,0.500,0.500,0.530,0.530,0.530,0.500,0.500,0.500,856,1
0.500,0.500,0.500,0.500,0.500,0.500,0.500,0.500,0.500,0.540,0.540,0.540,87,2
0.500,0.500,0.500,0.500,0.500,0.500,0.540,0.540,0.540,0.500,0.500,0.500,219,1
0.500,0.500,0.500,0.500,0.500,0.500,0.460,0.460,0.460,0.500,0.500,0.500,871,2
0.500,0.500,0.500,0.500,0.500,0.500,0.500,0.500,0.500,0.540,0.540,0.540,417,2
0.500,0.500,0.500,0.450,0.450,0.450,0.500,0.500,0.500,0.510,0.510,0.510,568,2
0.500,0.500,0.500,0.500,0.500,0.500,0.480,0.480,0.480,0.500,0.500,0.500,510,2
0.500,0.500,0.500,0.500,0.500,0.500,0.460,0.460,0.460,0.500,0.500,0.500,13,2
0.500,0.500,0.500,0.500,0.500,0.500,0.500,0.500,0.500,0.450,0.450,0.450,936,1
0.450,0.450,0.450,0.500,0.500,0.500,0.550,0.550,0.550,0.500,0.500,0.500,506,1
0.500,0.500,0.500,0.500,0.500,0.500,0.500,0.500,0.500,0.490,0.490,0.490,148,1
0.450,0.450,0.450,0.500,0.500,0.500,0.490,0.490,0.490,0.500,0.500,0.500,566,2
0.450,0.450,0.450,0.500,0.500,0.500,0.550,0.550,0.550,0.500,0.500,0.500,968,1
0.500,0.500,0.500,0.550,0.550,0.550,0.500,0.500,0.500,0.470,0.470,0.470,223,1
0.450,0.450,0.450,0.500,0.500,0.500,0.470,0.470,0.470,0.500,0.500,0.500,300,2
