0.250,0.250,0.250,0.300,0.300,0.300,0.350,0.350,0.350,0.300,0.300,0.300,11,1
0.300,0.300,0.300,0.350,0.350,0.350,0.300,0.300,0.300,0.330,0.330,0.330,724,2
0.300,0.300,0.300,0.300,0.300,0.300,0.300,0.300,0.300,0.280,0.280,0.280,873,1
0.300,0.300,0.300,0.350,0.350,0.350,0.300,0.300,0.300,0.290,0.290,0.290,291,1
0.350,0.350,0.350,0.300,0.300,0.300,0.300,0.300,0.300,0.300,0.300,0.300,226,1
0.300,0.300,0.300,0.300,0.300,0.300,0.350,0.350,0.350,0.300,0.300,0.300,649,1
0.300,0.300,0.300,0.250,0.250,0.250,0.300,0.300,0.300,0.260,0.260,0.260,2,1
0.250,0.250,0.250,0.300,0.300,0.300,0.310,0.310,0.310,0.300,0.300,0.300,238,1
0.350,0.350,0.350,0.300,0.300,0.300,0.260,0.260,0.260,0.300,0.300,0.300,420,2
0.300,0.300,0.300,0.300,0.300,0.300,0.340,0.340,0.340,0.300,0.300,0.300,483,1
0.300,0.300,0.300,0.350,0.350,0.350,0.300,0.300,0.300,0.350,0.350,0.350,957,2
0.300,0.300,0.300,0.350,0.350,0.350,0.300,0.300,0.300,0.250,0.250,0.250,650,1
0.300,0.300,0.300,0.300,0.300,0.300,0.300,0.300,0.300,0.320,0.320,0.320,976,2
0.300,0.300,0.300,0.300,0.300,0.300,0.260,0.260,0.260,0.300,0.300,0.300,409,2
0.300,0.300,0.300,0.250,0.250,0.250,0.300,0.300,0.300,0.320,0.320,0.320,41,2
0.350,0.350,0.350,0.300,0.300,0.300,0.270,0.270,0.270,0.300,0.300,0.300,520,2
0.300,0.300,0.300,0.350,0.350,0.350,0.300,0.300,0.300,0.350,0.350,0.350,132,2
0.300,0.300,0.300,0.300,0.300,0.300,0.300,0.300,0.300,0.340,0.340,0.340,549,2
0.350,0.350,0.350,0.300,0.300,0.300,0.300,0.300,0.300,0.300,0.300,0.300,94,1
0.350,0.350,0.350,0.300,0.300,0.300,0.280,0.280,0.280,0.300,0.300,0.300,125,2
0.300,0.300,0.300,0.350,0.350,0.350,0.300,0.300,0.300,0.280,0.280,0.280,92,1
0.350,0.350,0.350,0.300,0.300,0.300,0.310,0.310,0.310,0.300,0.300,0.300,623,1
0.300,0.300,0.300,0.350,0.350,0.350,0.300,0.300,0.300,0.330,0.330,0.330,988,2
0.300,0.300,0.300,0.300,0.300,0.300,0.260,0.260,0.260,0.300,0.300,0.300,937,2
0.300,0.300,0.300,0.300,0.300,0.300,0.330,0.330,0.330,0.300,0.300,0.300,713,1
0.300,0.300,0.300,0.300,0.300,0.300,0.300,0.300,0.300,0.310,0.310,0.310,183,2
0.300,0.300,0.300,0.350,0.350,0.350,0.300,0.300,0.300,0.250,0.250,0.250,749,1
0.300,0.300,0.300,0.350,0.350,0.350,0.300,0.300,0.300,0.310,0.310,0.310,293,2
0.300,0.300,0.300,0.300,0.300,0.300,0.250,0.250,0.250,0.300,0.300,0.300,936,2
0.300,0.300,0.300,0.250,0.250,0.250,0.300,0.300,0.300,0.340,0.340,0.340,43,2
0.350,0.350,0.350,0.300,0.300,0.300,0.250,0.250,0.250,0.300,0.300,0.300,56,2
0.300,0.300,0.300,0.300,0.300,0.300,0.300,0.300,0.300,0.340,0.340,0.340,252,2
0.300,0.300,0.300,0.250,0.250,0.250,0.300,0.300,0.300,0.300,0.300,0.300,171,2
0.300,0.300,0.300,0.300,0.300,0.300,0.300,0.300,0.300,0.280,0.280,0.280,774,1
0.300,0.300,0.300,0.300,0.300,0.300,0.300,0.300,0.300,0.330,0.330,0.330,251,2
0.300,0.300,0.300,0.300,0.300,0.300,0.310,0.310,0.310,0.300,0.300,0.300,414,1
0.300,0.300,0.300,0.300,0.300,0.300,0.300,0.300,0.300,0.320,0.320,0.320,217,2
0.250,0.250,0.250,0.300,0.300,0.300,0.260,0.260,0.260,0.300,0.300,0.300,464,2
0.300,0.300,0.300,0.300,0.300,0.300,0.250,0.250,0.250,0.300,0.300,0.300,144,2
0.300,0.300,0.300,0.300,0.300,0.300,0.270,0.270,0.270,0.300,0.300,0.300,14,2
0.300,0.300,0.300,0.300,0.300,0.300,0.300,0.300,0.300,0.290,0.290,0.290,181,1
0.300,0.300,0.300,0.350,0.350,0.350,0.300,0.300,0.300,0.350,0.350,0.350,561,2
0.350,0.350,0.350,0.300,0.300,0.300,0.330,0.330,0.330,0.300,0.300,0.300,922,1
0.350,0.350,0.350,0.300,0.300,0.300,0.250,0.250,0.250,0.300,0.300,0.300,518,2
0.300,0.300,0.300,0.300,0.300,0.300,0.300,0.300,0.300,0.310,0.310,0.310,249,2
0.300,0.300,0.300,0.300,0.300,0.300,0.340,0.340,0.340,0.300,0.300,0.300,648,1
0.300,0.300,0.300,0.300,0.300,0.300,0.300,0.300,0.300,0.320,0.320,0.320,580,2
0.300,0.300,0.300,0.300,0.300,0.300,0.310,0.310,0.310,0.300,0.300,0.300,381,1
0.300,0.300,0.300,0.250,0.250,0.250,0.300,0.300,0.300,0.330,0.330,0.330,834,2
0.300,0.300,0.300,0.300,0.300,0.300,0.280,0.280,0.280,0.300,0.300,0.300,510,2
0.250,0.250,0.250,0.300,0.300,0.300,0.300,0.300,0.300,0.300,0.300,0.300,72,1
0.350,0.350,0.350,0.300,0.300,0.300,0.300,0.300,0.300,0.300,0.300,0.300,589,1
0.300,0.300,0.300,0.300,0.300,0.300,0.300,0.300,0.300,0.300,0.300,0.300,611,2
0.350,0.350,0.350,0.300,0.300,0.300,0.290,0.290,0.290,0.300,0.300,0.300,522,2
0.250,0.250,0.250,0.300,0.300,0.300,0.320,0.320,0.320,0.300,0.300,0.300,74,1
0.300,0.300,0.300,0.250,0.250,0.250,0.300,0.300,0.300,0.280,0.280,0.280,631,1
0.300,0.300,0.300,0.300,0.300,0.300,0.300,0.300,0.300,0.300,0.300,0.300,512,2
0.300,0.300,0.300,0.300,0.300,0.300,0.300,0.300,0.300,0.290,0.290,0.290,214,1
0.300,0.300,0.300,0.350,0.350,0.350,0.300,0.300,0.300,0.300,0.300,0.300,655,2
0.300,0.300,0.300,0.300,0.300,0.300,0.300,0.300,0.300,0.290,0.290,0.290,280,1
0.300,0.300,0.300,0.300,0.300,0.300,0.350,0.350,0.350,0.300,0.300,0.300,715,1
0.350,0.350,0.350,0.300,0.300,0.300,0.300,0.300,0.300,0.300,0.300,0.300,391,1
0.300,0.300,0.300,0.300,0.300,0.300,0.340,0.340,0.340,0.300,0.300,0.300,813,1
0.300,0.300,0.300,0.350,0.350,0.350,0.300,0.300,0.300,0.340,0.340,0.340,98,2
0.300,0.300,0.300,0.300,0.300,0.300,0.310,0.310,0.310,0.300,0.300,0.300,777,1
0.300,0.300,0.300,0.250,0.250,0.250,0.300,0.300,0.300,0.350,0.350,0.350,539,2
0.300,0.300,0.300,0.250,0.250,0.250,0.300,0.300,0.300,0.300,0.300,0.300,963,2
0.300,0.300,0.300,0.300,0.300,0.300,0.300,0.300,0.300,0.280,0.280,0.280,543,1
0.350,0.350,0.350,0.300,0.300,0.300,0.290,0.290,0.290,0.300,0.300,0.300,423,2
0.250,0.250,0.250,0.300,0.300,0.300,0.340,0.340,0.340,0.300,0.300,0.300,934,1
0.250,0.250,0.250,0.300,0.300,0.300,0.310,0.310,0.310,0.300,0.300,0.300,601,1
0.250,0.250,0.250,0.300,0.300,0.300,0.280,0.280,0.280,0.300,0.300,0.300,730,2
0.250,0.250,0.250,0.300,0.300,0.300,0.320,0.320,0.320,0.300,0.300,0.300,371,1
0.350,0.350,0.350,0.300,0.300,0.300,0.310,0.310,0.310,0.300,0.300,0.300,689,1
0.300,0.300,0.300,0.300,0.300,0.300,0.270,0.270,0.270,0.300,0.300,0.300,509,2
0.300,0.300,0.300,0.350,0.350,0.350,0.300,0.300,0.300,0.340,0.340,0.340,857,2
0.300,0.300,0.300,0.300,0.300,0.300,0.300,0.300,0.300,0.320,0.320,0.320,52,2
0.300,0.300,0.300,0.250,0.250,0.250,0.300,0.300,0.300,0.330,0.330,0.330,207,2
0.300,0.300,0.300,0.300,0.300,0.300,0.300,0.300,0.300,0.260,0.260,0.260,739,1
0.300,0.300,0.300,0.350,0.350,0.350,0.300,0.300,0.300,0.350,0.350,0.350,363,2
0.250,0.250,0.250,0.300,0.300,0.300,0.250,0.250,0.250,0.300,0.300,0.300,562,2
0.350,0.350,0.350,0.300,0.300,0.300,0.320,0.320,0.320,0.300,0.300,0.300,921,1
0.350,0.350,0.350,0.300,0.300,0.300,0.280,0.280,0.280,0.300,0.300,0.300,917,2
0.300,0.300,0.300,0.300,0.300,0.300,0.300,0.300,0.300,0.340,0.340,0.340,351,2
0.350,0.350,0.350,0.300,0.300,0.300,0.340,0.340,0.340,0.300,0.300,0.300,989,1
0.300,0.300,0.300,0.300,0.300,0.300,0.300,0.300,0.300,0.260,0.260,0.260,970,1
0.250,0.250,0.250,0.300,0.300,0.300,0.280,0.280,0.280,0.300,0.300,0.300,895,2
0.300,0.300,0.300,0.300,0.300,0.300,0.300,0.300,0.300,0.290,0.290,0.290,643,1
0.350,0.350,0.350,0.300,0.300,0.300,0.330,0.330,0.330,0.300,0.300,0.300,955,1
0.300,0.300,0.300,0.300,0.300,0.300,0.290,0.290,0.290,0.300,0.300,0.300,148,2
0.300,0.300,0.300,0.300,0.300,0.300,0.290,0.290,0.290,0.300,0.300,0.300,610,2
0.300,0.300,0.300,0.350,0.350,0.350,0.300,0.300,0.300,0.290,0.290,0.290,687,1
0.250,0.250,0.250,0.300,0.300,0.300,0.290,0.290,0.290,0.300,0.300,0.300,533,2
0.300,0.300,0.300,0.350,0.350,0.350,0.300,0.300,0.300,0.250,0.250,0.250,584,1
0.300,0.300,0.300,0.250,0.250,0.250,0.300,0.300,0.300,0.320,0.320,0.320,635,2
0.300,0.300,0.300,0.350,0.350,0.350,0.300,0.300,0.300,0.330,0.330,0.330,163,2
0.350,0.350,0.350,0.300,0.300,0.300,0.290,0.290,0.290,0.300,0.300,0.300,951,2
0.300,0.300,0.300,0.300,0.300,0.300,0.300,0.300,0.300,0.290,0.290,0.290,676,1
0.300,0.300,0.300,0.300,0.300,0.300,0.260,0.260,0.260,0.300,0.300,0.300,541,2
0.300,0.300,0.300,0.250,0.250,0.250,0.300,0.300,0.300,0.340,0.340,0.340,142,2
0.300,0.300,0.300,0.300,0.300,0.300,0.300,0.300,0.300,0.270,0.270,0.270,575,1
0.250,0.250,0.250,0.300,0.300,0.300,0.260,0.260,0.260,0.300,0.300,0.300,596,2
0.350,0.350,0.350,0.300,0.300,0.300,0.320,0.320,0.320,0.300,0.300,0.300,129,1
0.250,0.250,0.250,0.300,0.300,0.300,0.340,0.340,0.340,0.300,0.300,0.300,109,1
0.350,0.350,0.350,0.300,0.300,0.300,0.290,0.290,0.290,0.300,0.300,0.300,621,2
0.300,0.300,0.300,0.350,0.350,0.350,0.300,0.300,0.300,0.300,0.300,0.300,754,2
0.250,0.250,0.250,0.300,0.300,0.300,0.250,0.250,0.250,0.300,0.300,0.300,265,2
0.300,0.300,0.300,0.300,0.300,0.300,0.300,0.300,0.300,0.300,0.300,0.300,182,2
0.250,0.250,0.250,0.300,0.300,0.300,0.250,0.250,0.250,0.300,0.300,0.300,364,2
0.300,0.300,0.300,0.300,0.300,0.300,0.260,0.260,0.260,0.300,0.300,0.300,838,2
0.250,0.250,0.250,0.300,0.300,0.300,0.270,0.270,0.270,0.300,0.300,0.300,366,2
0.300,0.300,0.300,0.300,0.300,0.300,0.300,0.300,0.300,0.340,0.340,0.340,54,2
0.350,0.350,0.350,0.300,0.300,0.300,0.290,0.290,0.290,0.300,0.300,0.300,390,2
0.300,0.300,0.300,0.250,0.250,0.250,0.300,0.300,0.300,0.310,0.310,0.310,634,2
0.300,0.300,0.300,0.250,0.250,0.250,0.300,0.300,0.300,0.280,0.280,0.280,796,1
0.300,0.300,0.300,0.350,0.350,0.350,0.300,0.300,0.300,0.280,0.280,0.280,521,1
0.300,0.300,0.300,0.300,0.300,0.300,0.340,0.340,0.340,0.300,0.300,0.300,120,1
0.300,0.300,0.300,0.300,0.300,0.300,0.350,0.350,0.350,0.300,0.300,0.300,616,1
0.350,0.350,0.350,0.300,0.300,0.300,0.330,0.330,0.330,0.300,0.300,0.300,394,1
0.300,0.300,0.300,0.250,0.250,0.250,0.300,0.300,0.300,0.340,0.340,0.340,175,2
0.300,0.300,0.300,0.300,0.300,0.300,0.290,0.290,0.290,0.300,0.300,0.300,775,2
0.300,0.300,0.300,0.300,0.300,0.300,0.300,0.300,0.300,0.280,0.280,0.280,609,1
0.300,0.300,0.300,0.350,0.350,0.350,0.300,0.300,0.300,0.280,0.280,0.280,653,1
0.300,0.300,0.300,0.250,0.250,0.250,0.300,0.300,0.300,0.270,0.270,0.270,564,1
0.350,0.350,0.350,0.300,0.300,0.300,0.270,0.270,0.270,0.300,0.300,0.300,586,2
0.300,0.300,0.300,0.300,0.300,0.300,0.300,0.300,0.300,0.330,0.330,0.330,86,2
0.250,0.250,0.250,0.300,0.300,0.300,0.290,0.290,0.290,0.300,0.300,0.300,698,2
0.300,0.300,0.300,0.350,0.350,0.350,0.300,0.300,0.300,0.270,0.270,0.270,817,1
0.300,0.300,0.300,0.300,0.300,0.300,0.270,0.270,0.270,0.300,0.300,0.300,179,2
0.300,0.300,0.300,0.300,0.300,0.300,0.330,0.330,0.330,0.300,0.300,0.300,218,1
0.300,0.300,0.300,0.250,0.250,0.250,0.300,0.300,0.300,0.320,0.320,0.320,668,2
0.300,0.300,0.300,0.300,0.300,0.300,0.260,0.260,0.260,0.300,0.300,0.300,79,2
0.350,0.350,0.350,0.300,0.300,0.300,0.300,0.300,0.300,0.300,0.300,0.300,919,1
0.250,0.250,0.250,0.300,0.300,0.300,0.260,0.260,0.260,0.300,0.300,0.300,728,2
0.300,0.300,0.300,0.300,0.300,0.300,0.310,0.310,0.310,0.300,0.300,0.300,150,1
0.250,0.250,0.250,0.300,0.300,0.300,0.350,0.350,0.350,0.300,0.300,0.300,110,1
0.300,0.300,0.300,0.250,0.250,0.250,0.300,0.300,0.300,0.250,0.250,0.250,793,1
0.300,0.300,0.300,0.300,0.300,0.300,0.250,0.250,0.250,0.300,0.300,0.300,870,2
0.300,0.300,0.300,0.300,0.300,0.300,0.280,0.280,0.280,0.300,0.300,0.300,114,2
0.300,0.300,0.300,0.300,0.300,0.300,0.290,0.290,0.290,0.300,0.300,0.300,379,2
0.300,0.300,0.300,0.250,0.250,0.250,0.300,0.300,0.300,0.310,0.310,0.310,964,2
0.250,0.250,0.250,0.300,0.300,0.300,0.330,0.330,0.330,0.300,0.300,0.300,900,1
0.300,0.300,0.300,0.250,0.250,0.250,0.300,0.300,0.300,0.350,0.350,0.350,638,2
0.350,0.350,0.350,0.300,0.300,0.300,0.330,0.330,0.330,0.300,0.300,0.300,31,1
0.250,0.250,0.250,0.300,0.300,0.300,0.340,0.340,0.340,0.300,0.300,0.300,472,1
0.300,0.300,0.300,0.250,0.250,0.250,0.300,0.300,0.300,0.330,0.330,0.330,768,2
0.300,0.300,0.300,0.300,0.300,0.300,0.280,0.280,0.280,0.300,0.300,0.300,345,2
0.350,0.350,0.350,0.300,0.300,0.300,0.270,0.270,0.270,0.300,0.300,0.300,850,2
0.300,0.300,0.300,0.350,0.350,0.350,0.300,0.300,0.300,0.260,0.260,0.260,486,1
0.300,0.300,0.300,0.350,0.350,0.350,0.300,0.300,0.300,0.270,0.270,0.270,454,1
0.300,0.300,0.300,0.300,0.300,0.300,0.300,0.300,0.300,0.320,0.320,0.320,877,2
0.350,0.350,0.350,0.300,0.300,0.300,0.290,0.290,0.290,0.300,0.300,0.300,357,2
0.300,0.300,0.300,0.300,0.300,0.300,0.300,0.300,0.300,0.340,0.340,0.340,186,2
0.300,0.300,0.300,0.300,0.300,0.300,0.250,0.250,0.250,0.300,0.300,0.300,705,2
0.350,0.350,0.350,0.300,0.300,0.300,0.290,0.290,0.290,0.300,0.300,0.300,654,2
0.350,0.350,0.350,0.300,0.300,0.300,0.250,0.250,0.250,0.300,0.300,0.300,947,2
0.350,0.350,0.350,0.300,0.300,0.300,0.280,0.280,0.280,0.300,0.300,0.300,686,2
0.300,0.300,0.300,0.250,0.250,0.250,0.300,0.300,0.300,0.250,0.250,0.250,826,1
0.350,0.350,0.350,0.300,0.300,0.300,0.290,0.290,0.290,0.300,0.300,0.300,225,2
0.300,0.300,0.300,0.300,0.300,0.300,0.300,0.300,0.300,0.340,0.340,0.340,681,2
0.250,0.250,0.250,0.300,0.300,0.300,0.270,0.270,0.270,0.300,0.300,0.300,432,2
0.300,0.300,0.300,0.300,0.300,0.300,0.270,0.270,0.270,0.300,0.300,0.300,641,2
0.300,0.300,0.300,0.300,0.300,0.300,0.310,0.310,0.310,0.300,0.300,0.300,645,1
0.350,0.350,0.350,0.300,0.300,0.300,0.320,0.320,0.320,0.300,0.300,0.300,591,1
0.300,0.300,0.300,0.250,0.250,0.250,0.300,0.300,0.300,0.310,0.310,0.310,370,2
0.300,0.300,0.300,0.350,0.350,0.350,0.300,0.300,0.300,0.260,0.260,0.260,189,1
0.300,0.300,0.300,0.300,0.300,0.300,0.300,0.300,0.300,0.300,0.300,0.300,743,1
0.300,0.300,0.300,0.300,0.300,0.300,0.310,0.310,0.310,0.300,0.300,0.300,711,1
0.300,0.300,0.300,0.300,0.300,0.300,0.300,0.300,0.300,0.340,0.340,0.340,384,2
0.300,0.300,0.300,0.300,0.300,0.300,0.260,0.260,0.260,0.300,0.300,0.300,178,2
0.300,0.300,0.300,0.350,0.350,0.350,0.300,0.300,0.300,0.270,0.270,0.270,91,1
0.300,0.300,0.300,0.250,0.250,0.250,0.300,0.300,0.300,0.350,0.350,0.350,869,2
0.250,0.250,0.250,0.300,0.300,0.300,0.340,0.340,0.340,0.300,0.300,0.300,769,1
0.300,0.300,0.300,0.350,0.350,0.350,0.300,0.300,0.300,0.260,0.260,0.260,255,1
0.300,0.300,0.300,0.300,0.300,0.300,0.300,0.300,0.300,0.310,0.310,0.310,942,2
0.300,0.300,0.300,0.250,0.250,0.250,0.300,0.300,0.300,0.250,0.250,0.250,727,1
0.300,0.300,0.300,0.300,0.300,0.300,0.260,0.260,0.260,0.300,0.300,0.300,706,2
0.300,0.300,0.300,0.350,0.350,0.350,0.300,0.300,0.300,0.310,0.310,0.310,557,2
0.300,0.300,0.300,0.250,0.250,0.250,0.300,0.300,0.300,0.330,0.330,0.330,801,2
0.250,0.250,0.250,0.300,0.300,0.300,0.290,0.290,0.290,0.300,0.300,0.300,764,2
0.300,0.300,0.300,0.300,0.300,0.300,0.250,0.250,0.250,0.300,0.300,0.300,804,2
0.300,0.300,0.300,0.250,0.250,0.250,0.300,0.300,0.300,0.290,0.290,0.290,731,1
0.300,0.300,0.300,0.250,0.250,0.250,0.300,0.300,0.300,0.310,0.310,0.310,436,2
0.300,0.300,0.300,0.350,0.350,0.350,0.300,0.300,0.300,0.280,0.280,0.280,983,1
0.300,0.300,0.300,0.350,0.350,0.350,0.300,0.300,0.300,0.300,0.300,0.300,127,2
0.300,0.300,0.300,0.300,0.300,0.300,0.300,0.300,0.300,0.280,0.280,0.280,972,1
0.300,0.300,0.300,0.300,0.300,0.300,0.320,0.320,0.320,0.300,0.300,0.300,382,1
0.250,0.250,0.250,0.300,0.300,0.300,0.330,0.330,0.330,0.300,0.300,0.300,174,1
0.300,0.300,0.300,0.300,0.300,0.300,0.290,0.290,0.290,0.300,0.300,0.300,445,2
0.350,0.350,0.350,0.300,0.300,0.300,0.280,0.280,0.280,0.300,0.300,0.300,818,2
0.300,0.300,0.300,0.300,0.300,0.300,0.300,0.300,0.300,0.260,0.260,0.260,673,1
0.300,0.300,0.300,0.350,0.350,0.350,0.300,0.300,0.300,0.320,0.320,0.320,294,2
0.300,0.300,0.300,0.300,0.300,0.300,0.300,0.300,0.300,0.310,0.310,0.310,84,2
0.250,0.250,0.250,0.300,0.300,0.300,0.280,0.280,0.280,0.300,0.300,0.300,961,2
0.250,0.250,0.250,0.300,0.300,0.300,0.250,0.250,0.250,0.300,0.300,0.300,496,2
0.300,0.300,0.300,0.300,0.300,0.300,0.270,0.270,0.270,0.300,0.300,0.300,278,2
0.350,0.350,0.350,0.300,0.300,0.300,0.340,0.340,0.340,0.300,0.300,0.300,494,1
0.250,0.250,0.250,0.300,0.300,0.300,0.250,0.250,0.250,0.300,0.300,0.300,166,2
0.300,0.300,0.300,0.300,0.300,0.300,0.330,0.330,0.330,0.300,0.300,0.300,515,1
0.300,0.300,0.300,0.350,0.350,0.350,0.300,0.300,0.300,0.320,0.320,0.320,63,2
0.300,0.300,0.300,0.300,0.300,0.300,0.300,0.300,0.300,0.270,0.270,0.270,377,1
0.350,0.350,0.350,0.300,0.300,0.300,0.310,0.310,0.310,0.300,0.300,0.300,788,1
0.300,0.300,0.300,0.250,0.250,0.250,0.300,0.300,0.300,0.320,0.320,0.320,899,2
0.300,0.300,0.300,0.250,0.250,0.250,0.300,0.300,0.300,0.260,0.260,0.260,266,1
0.300,0.300,0.300,0.300,0.300,0.300,0.300,0.300,0.300,0.250,0.250,0.250,210,1
0.300,0.300,0.300,0.250,0.250,0.250,0.300,0.300,0.300,0.290,0.290,0.290,434,1
0.300,0.300,0.300,0.250,0.250,0.250,0.300,0.300,0.300,0.310,0.310,0.310,799,2
0.300,0.300,0.300,0.350,0.350,0.350,0.300,0.300,0.300,0.320,0.320,0.320,261,2
0.350,0.350,0.350,0.300,0.300,0.300,0.270,0.270,0.270,0.300,0.300,0.300,421,2
0.300,0.300,0.300,0.250,0.250,0.250,0.300,0.300,0.300,0.340,0.340,0.340,274,2
0.250,0.250,0.250,0.300,0.300,0.300,0.330,0.330,0.330,0.300,0.300,0.300,240,1
0.300,0.300,0.300,0.350,0.350,0.350,0.300,0.300,0.300,0.340,0.340,0.340,923,2
0.300,0.300,0.300,0.350,0.350,0.350,0.300,0.300,0.300,0.300,0.300,0.300,556,2
0.300,0.300,0.300,0.300,0.300,0.300,0.250,0.250,0.250,0.300,0.300,0.300,342,2
0.350,0.350,0.350,0.300,0.300,0.300,0.290,0.290,0.290,0.300,0.300,0.300,588,2
0.250,0.250,0.250,0.300,0.300,0.300,0.280,0.280,0.280,0.300,0.300,0.300,169,2
0.300,0.300,0.300,0.300,0.300,0.300,0.260,0.260,0.260,0.300,0.300,0.300,112,2
0.300,0.300,0.300,0.300,0.300,0.300,0.350,0.350,0.350,0.300,0.300,0.300,418,1
0.350,0.350,0.350,0.300,0.300,0.300,0.270,0.270,0.270,0.300,0.300,0.300,388,2
0.300,0.300,0.300,0.300,0.300,0.300,0.300,0.300,0.300,0.290,0.290,0.290,841,1
0.300,0.300,0.300,0.350,0.350,0.350,0.300,0.300,0.300,0.280,0.280,0.280,59,1
0.300,0.300,0.300,0.300,0.300,0.300,0.310,0.310,0.310,0.300,0.300,0.300,18,1
0.350,0.350,0.350,0.300,0.300,0.300,0.330,0.330,0.330,0.300,0.300,0.300,361,1
0.300,0.300,0.300,0.300,0.300,0.300,0.300,0.300,0.300,0.310,0.310,0.310,51,2
0.300,0.300,0.300,0.250,0.250,0.250,0.300,0.300,0.300,0.250,0.250,0.250,892,1
0.300,0.300,0.300,0.300,0.300,0.300,0.300,0.300,0.300,0.290,0.290,0.290,973,1
0.300,0.300,0.300,0.300,0.300,0.300,0.280,0.280,0.280,0.300,0.300,0.300,807,2
0.250,0.250,0.250,0.300,0.300,0.300,0.300,0.300,0.300,0.300,0.300,0.300,501,1
0.350,0.350,0.350,0.300,0.300,0.300,0.270,0.270,0.270,0.300,0.300,0.300,487,2
0.300,0.300,0.300,0.250,0.250,0.250,0.300,0.300,0.300,0.290,0.290,0.290,896,1
0.300,0.300,0.300,0.300,0.300,0.300,0.280,0.280,0.280,0.300,0.300,0.300,675,2
0.300,0.300,0.300,0.250,0.250,0.250,0.300,0.300,0.300,0.250,0.250,0.250,331,1
0.300,0.300,0.300,0.300,0.300,0.300,0.300,0.300,0.300,0.270,0.270,0.270,80,1
0.250,0.250,0.250,0.300,0.300,0.300,0.260,0.260,0.260,0.300,0.300,0.300,497,2
0.300,0.300,0.300,0.300,0.300,0.300,0.310,0.310,0.310,0.300,0.300,0.300,579,1
0.250,0.250,0.250,0.300,0.300,0.300,0.320,0.320,0.320,0.300,0.300,0.300,173,1
0.300,0.300,0.300,0.300,0.300,0.300,0.290,0.290,0.290,0.300,0.300,0.300,808,2
0.300,0.300,0.300,0.300,0.300,0.300,0.300,0.300,0.300,0.320,0.320,0.320,745,2
0.300,0.300,0.300,0.300,0.300,0.300,0.300,0.300,0.300,0.300,0.300,0.300,446,2
0.350,0.350,0.350,0.300,0.300,0.300,0.320,0.320,0.320,0.300,0.300,0.300,459,1
0.300,0.300,0.300,0.250,0.250,0.250,0.300,0.300,0.300,0.270,0.270,0.270,762,1
0.300,0.300,0.300,0.250,0.250,0.250,0.300,0.300,0.300,0.250,0.250,0.250,397,1
0.300,0.300,0.300,0.350,0.350,0.350,0.300,0.300,0.300,0.320,0.320,0.320,888,2
0.300,0.300,0.300,0.250,0.250,0.250,0.300,0.300,0.300,0.340,0.340,0.340,439,2
0.300,0.300,0.300,0.300,0.300,0.300,0.300,0.300,0.300,0.300,0.300,0.300,677,1
0.350,0.350,0.350,0.300,0.300,0.300,0.270,0.270,0.270,0.300,0.300,0.300,322,2
0.300,0.300,0.300,0.250,0.250,0.250,0.300,0.300,0.300,0.330,0.330,0.330,75,2
0.300,0.300,0.300,0.300,0.300,0.300,0.300,0.300,0.300,0.310,0.310,0.310,810,2
0.250,0.250,0.250,0.300,0.300,0.300,0.270,0.270,0.270,0.300,0.300,0.300,663,2
0.300,0.300,0.300,0.300,0.300,0.300,0.290,0.290,0.290,0.300,0.300,0.300,940,2
0.300,0.300,0.300,0.350,0.350,0.350,0.300,0.300,0.300,0.250,0.250,0.250,848,1
0.300,0.300,0.300,0.350,0.350,0.350,0.300,0.300,0.300,0.340,0.340,0.340,560,2
0.300,0.300,0.300,0.300,0.300,0.300,0.300,0.300,0.300,0.340,0.340,0.340,87,2
0.250,0.250,0.250,0.300,0.300,0.300,0.300,0.300,0.300,0.300,0.300,0.300,303,1
0.300,0.300,0.300,0.300,0.300,0.300,0.300,0.300,0.300,0.320,0.320,0.320,250,2
0.300,0.300,0.300,0.250,0.250,0.250,0.300,0.300,0.300,0.290,0.290,0.290,962,1
0.350,0.350,0.350,0.300,0.300,0.300,0.250,0.250,0.250,0.300,0.300,0.300,782,2
0.300,0.300,0.300,0.300,0.300,0.300,0.300,0.300,0.300,0.280,0.280,0.280,642,1
0.300,0.300,0.300,0.300,0.300,0.300,0.270,0.270,0.270,0.300,0.300,0.300,938,2
0.300,0.300,0.300,0.300,0.300,0.300,0.300,0.300,0.300,0.300,0.300,0.300,809,1
0.350,0.350,0.350,0.300,0.300,0.300,0.330,0.330,0.330,0.300,0.300,0.300,823,1
0.350,0.350,0.350,0.300,0.300,0.300,0.250,0.250,0.250,0.300,0.300,0.300,617,2
0.300,0.300,0.300,0.350,0.350,0.350,0.300,0.300,0.300,0.320,0.320,0.320,162,2
0.300,0.300,0.300,0.300,0.300,0.300,0.350,0.350,0.350,0.300,0.300,0.300,814,1
0.250,0.250,0.250,0.300,0.300,0.300,0.320,0.320,0.320,0.300,0.300,0.300,701,1
0.300,0.300,0.300,0.250,0.250,0.250,0.300,0.300,0.300,0.340,0.340,0.340,967,2
0.350,0.350,0.350,0.300,0.300,0.300,0.310,0.310,0.310,0.300,0.300,0.300,590,1
0.300,0.300,0.300,0.300,0.300,0.300,0.300,0.300,0.300,0.340,0.340,0.340,219,2
0.300,0.300,0.300,0.350,0.350,0.350,0.300,0.300,0.300,0.330,0.330,0.330,196,2
0.300,0.300,0.300,0.350,0.350,0.350,0.300,0.300,0.300,0.260,0.260,0.260,354,1
0.350,0.350,0.350,0.300,0.300,0.300,0.260,0.260,0.260,0.300,0.300,0.300,156,2
0.350,0.350,0.350,0.300,0.300,0.300,0.340,0.340,0.340,0.300,0.300,0.300,626,1
0.300,0.300,0.300,0.250,0.250,0.250,0.300,0.300,0.300,0.270,0.270,0.270,894,1
0.300,0.300,0.300,0.250,0.250,0.250,0.300,0.300,0.300,0.350,0.350,0.350,77,2
0.250,0.250,0.250,0.300,0.300,0.300,0.280,0.280,0.280,0.300,0.300,0.300,367,2
0.300,0.300,0.300,0.300,0.300,0.300,0.250,0.250,0.250,0.300,0.300,0.300,606,2
0.300,0.300,0.300,0.350,0.350,0.350,0.300,0.300,0.300,0.350,0.350,0.350,264,2
0.250,0.250,0.250,0.300,0.300,0.300,0.320,0.320,0.320,0.300,0.300,0.300,239,1
0.350,0.350,0.350,0.300,0.300,0.300,0.340,0.340,0.340,0.300,0.300,0.300,956,1
0.300,0.300,0.300,0.250,0.250,0.250,0.300,0.300,0.300,0.340,0.340,0.340,835,2
0.300,0.300,0.300,0.350,0.350,0.350,0.300,0.300,0.300,0.330,0.330,0.330,559,2
0.300,0.300,0.300,0.250,0.250,0.250,0.300,0.300,0.300,0.290,0.290,0.290,38,1
0.350,0.350,0.350,0.300,0.300,0.300,0.320,0.320,0.320,0.300,0.300,0.300,789,1
0.350,0.350,0.350,0.300,0.300,0.300,0.290,0.290,0.290,0.300,0.300,0.300,885,2
0.300,0.300,0.300,0.350,0.350,0.350,0.300,0.300,0.300,0.270,0.270,0.270,685,1
0.300,0.300,0.300,0.250,0.250,0.250,0.300,0.300,0.300,0.330,0.330,0.330,669,2
0.300,0.300,0.300,0.350,0.350,0.350,0.300,0.300,0.300,0.330,0.330,0.330,856,2
0.300,0.300,0.300,0.300,0.300,0.300,0.310,0.310,0.310,0.300,0.300,0.300,315,1
0.300,0.300,0.300,0.300,0.300,0.300,0.300,0.300,0.300,0.300,0.300,0.300,413,2
0.300,0.300,0.300,0.350,0.350,0.350,0.300,0.300,0.300,0.300,0.300,0.300,61,2
0.300,0.300,0.300,0.350,0.350,0.350,0.300,0.300,0.300,0.340,0.340,0.340,164,2
0.250,0.250,0.250,0.300,0.300,0.300,0.290,0.290,0.290,0.300,0.300,0.300,500,2
0.300,0.300,0.300,0.300,0.300,0.300,0.350,0.350,0.350,0.300,0.300,0.300,946,1
0.300,0.300,0.300,0.250,0.250,0.250,0.300,0.300,0.300,0.250,0.250,0.250,694,1
0.300,0.300,0.300,0.300,0.300,0.300,0.300,0.300,0.300,0.330,0.330,0.330,944,2
0.300,0.300,0.300,0.350,0.350,0.350,0.300,0.300,0.300,0.340,0.340,0.340,791,2
0.250,0.250,0.250,0.300,0.300,0.300,0.320,0.320,0.320,0.300,0.300,0.300,866,1
0.250,0.250,0.250,0.300,0.300,0.300,0.350,0.350,0.350,0.300,0.300,0.300,440,1
0.350,0.350,0.350,0.300,0.300,0.300,0.260,0.260,0.260,0.300,0.300,0.300,222,2
0.250,0.250,0.250,0.300,0.300,0.300,0.300,0.300,0.300,0.300,0.300,0.300,105,1
0.300,0.300,0.300,0.250,0.250,0.250,0.300,0.300,0.300,0.300,0.300,0.300,369,2
0.300,0.300,0.300,0.350,0.350,0.350,0.300,0.300,0.300,0.320,0.320,0.320,30,2
0.350,0.350,0.350,0.300,0.300,0.300,0.290,0.290,0.290,0.300,0.300,0.300,60,2
0.300,0.300,0.300,0.300,0.300,0.300,0.300,0.300,0.300,0.350,0.350,0.350,154,2
0.250,0.250,0.250,0.300,0.300,0.300,0.270,0.270,0.270,0.300,0.300,0.300,630,2
0.300,0.300,0.300,0.300,0.300,0.300,0.350,0.350,0.350,0.300,0.300,0.300,286,1
0.300,0.300,0.300,0.250,0.250,0.250,0.300,0.300,0.300,0.260,0.260,0.260,398,1
0.250,0.250,0.250,0.300,0.300,0.300,0.340,0.340,0.340,0.300,0.300,0.300,340,1
0.300,0.300,0.300,0.250,0.250,0.250,0.300,0.300,0.300,0.320,0.320,0.320,767,2
0.300,0.300,0.300,0.300,0.300,0.300,0.300,0.300,0.300,0.290,0.290,0.290,742,1
0.300,0.300,0.300,0.250,0.250,0.250,0.300,0.300,0.300,0.280,0.280,0.280,268,1
0.250,0.250,0.250,0.300,0.300,0.300,0.320,0.320,0.320,0.300,0.300,0.300,437,1
0.300,0.300,0.300,0.350,0.350,0.350,0.300,0.300,0.300,0.310,0.310,0.310,29,2
0.300,0.300,0.300,0.300,0.300,0.300,0.350,0.350,0.350,0.300,0.300,0.300,550,1
0.350,0.350,0.350,0.300,0.300,0.300,0.260,0.260,0.260,0.300,0.300,0.300,684,2
0.300,0.300,0.300,0.350,0.350,0.350,0.300,0.300,0.300,0.350,0.350,0.350,99,2
0.300,0.300,0.300,0.250,0.250,0.250,0.300,0.300,0.300,0.280,0.280,0.280,862,1
0.300,0.300,0.300,0.350,0.350,0.350,0.300,0.300,0.300,0.280,0.280,0.280,884,1
0.350,0.350,0.350,0.300,0.300,0.300,0.310,0.310,0.310,0.300,0.300,0.300,128,1
0.300,0.300,0.300,0.350,0.350,0.350,0.300,0.300,0.300,0.250,0.250,0.250,221,1
0.300,0.300,0.300,0.300,0.300,0.300,0.300,0.300,0.300,0.270,0.270,0.270,905,1
0.250,0.250,0.250,0.300,0.300,0.300,0.300,0.300,0.300,0.300,0.300,0.300,237,1
0.250,0.250,0.250,0.300,0.300,0.300,0.340,0.340,0.340,0.300,0.300,0.300,736,1
0.350,0.350,0.350,0.300,0.300,0.300,0.270,0.270,0.270,0.300,0.300,0.300,883,2
0.300,0.300,0.300,0.250,0.250,0.250,0.300,0.300,0.300,0.350,0.350,0.350,209,2
0.300,0.300,0.300,0.250,0.250,0.250,0.300,0.300,0.300,0.280,0.280,0.280,598,1
0.300,0.300,0.300,0.300,0.300,0.300,0.310,0.310,0.310,0.300,0.300,0.300,678,1
0.250,0.250,0.250,0.300,0.300,0.300,0.290,0.290,0.290,0.300,0.300,0.300,302,2
0.350,0.350,0.350,0.300,0.300,0.300,0.290,0.290,0.290,0.300,0.300,0.300,258,2
0.350,0.350,0.350,0.300,0.300,0.300,0.290,0.290,0.290,0.300,0.300,0.300,192,2
0.300,0.300,0.300,0.300,0.300,0.300,0.300,0.300,0.300,0.250,0.250,0.250,969,1
0.300,0.300,0.300,0.350,0.350,0.350,0.300,0.300,0.300,0.310,0.310,0.310,920,2
0.250,0.250,0.250,0.300,0.300,0.300,0.330,0.330,0.330,0.300,0.300,0.300,405,1
0.300,0.300,0.300,0.300,0.300,0.300,0.330,0.330,0.330,0.300,0.300,0.300,152,1
0.300,0.300,0.300,0.250,0.250,0.250,0.300,0.300,0.300,0.260,0.260,0.260,893,1
0.350,0.350,0.350,0.300,0.300,0.300,0.250,0.250,0.250,0.300,0.300,0.300,980,2
0.250,0.250,0.250,0.300,0.300,0.300,0.290,0.290,0.290,0.300,0.300,0.300,665,2
0.300,0.300,0.300,0.300,0.300,0.300,0.300,0.300,0.300,0.300,0.300,0.300,314,2
0.300,0.300,0.300,0.350,0.350,0.350,0.300,0.300,0.300,0.260,0.260,0.260,849,1
0.250,0.250,0.250,0.300,0.300,0.300,0.290,0.290,0.290,0.300,0.300,0.300,632,2
0.350,0.350,0.350,0.300,0.300,0.300,0.260,0.260,0.260,0.300,0.300,0.300,618,2
0.300,0.300,0.300,0.350,0.350,0.350,0.300,0.300,0.300,0.270,0.270,0.270,619,1
0.300,0.300,0.300,0.300,0.300,0.300,0.300,0.300,0.300,0.270,0.270,0.270,146,1
0.300,0.300,0.300,0.300,0.300,0.300,0.300,0.300,0.300,0.300,0.300,0.300,479,1
0.350,0.350,0.350,0.300,0.300,0.300,0.330,0.330,0.330,0.300,0.300,0.300,328,1
0.300,0.300,0.300,0.250,0.250,0.250,0.300,0.300,0.300,0.260,0.260,0.260,35,1
0.300,0.300,0.300,0.350,0.350,0.350,0.300,0.300,0.300,0.270,0.270,0.270,718,1
0.300,0.300,0.300,0.300,0.300,0.300,0.300,0.300,0.300,0.300,0.300,0.300,776,2
0.300,0.300,0.300,0.250,0.250,0.250,0.300,0.300,0.300,0.270,0.270,0.270,960,1
0.250,0.250,0.250,0.300,0.300,0.300,0.260,0.260,0.260,0.300,0.300,0.300,365,2
0.300,0.300,0.300,0.250,0.250,0.250,0.300,0.300,0.300,0.250,0.250,0.250,859,1
0.300,0.300,0.300,0.250,0.250,0.250,0.300,0.300,0.300,0.270,0.270,0.270,696,1
0.300,0.300,0.300,0.250,0.250,0.250,0.300,0.300,0.300,0.290,0.290,0.290,5,1
0.300,0.300,0.300,0.300,0.300,0.300,0.320,0.320,0.320,0.300,0.300,0.300,943,1
0.300,0.300,0.300,0.250,0.250,0.250,0.300,0.300,0.300,0.350,0.350,0.350,770,2
0.300,0.300,0.300,0.300,0.300,0.300,0.300,0.300,0.300,0.340,0.340,0.340,516,2
0.300,0.300,0.300,0.300,0.300,0.300,0.300,0.300,0.300,0.350,0.350,0.350,880,2
0.300,0.300,0.300,0.300,0.300,0.300,0.280,0.280,0.280,0.300,0.300,0.300,477,2
0.300,0.300,0.300,0.300,0.300,0.300,0.300,0.300,0.300,0.340,0.340,0.340,879,2
0.300,0.300,0.300,0.350,0.350,0.350,0.300,0.300,0.300,0.290,0.290,0.290,456,1
0.300,0.300,0.300,0.350,0.350,0.350,0.300,0.300,0.300,0.300,0.300,0.300,952,2
0.300,0.300,0.300,0.300,0.300,0.300,0.300,0.300,0.300,0.270,0.270,0.270,608,1
0.300,0.300,0.300,0.300,0.300,0.300,0.300,0.300,0.300,0.290,0.290,0.290,412,1
0.300,0.300,0.300,0.300,0.300,0.300,0.300,0.300,0.300,0.300,0.300,0.300,842,2
0.300,0.300,0.300,0.300,0.300,0.300,0.300,0.300,0.300,0.330,0.330,0.330,647,2
0.300,0.300,0.300,0.350,0.350,0.350,0.300,0.300,0.300,0.310,0.310,0.310,161,2
0.300,0.300,0.300,0.300,0.300,0.300,0.300,0.300,0.300,0.300,0.300,0.300,941,2
0.350,0.350,0.350,0.300,0.300,0.300,0.350,0.350,0.350,0.300,0.300,0.300,231,1
0.350,0.350,0.350,0.300,0.300,0.300,0.260,0.260,0.260,0.300,0.300,0.300,123,2
0.350,0.350,0.350,0.300,0.300,0.300,0.270,0.270,0.270,0.300,0.300,0.300,751,2
0.300,0.300,0.300,0.300,0.300,0.300,0.300,0.300,0.300,0.270,0.270,0.270,344,1
0.300,0.300,0.300,0.350,0.350,0.350,0.300,0.300,0.300,0.280,0.280,0.280,587,1
0.300,0.300,0.300,0.300,0.300,0.300,0.350,0.350,0.350,0.300,0.300,0.300,319,1
0.300,0.300,0.300,0.300,0.300,0.300,0.250,0.250,0.250,0.300,0.300,0.300,177,2
0.350,0.350,0.350,0.300,0.300,0.300,0.330,0.330,0.330,0.300,0.300,0.300,493,1
0.300,0.300,0.300,0.350,0.350,0.350,0.300,0.300,0.300,0.280,0.280,0.280,620,1
0.250,0.250,0.250,0.300,0.300,0.300,0.290,0.290,0.290,0.300,0.300,0.300,368,2
0.300,0.300,0.300,0.350,0.350,0.350,0.300,0.300,0.300,0.310,0.310,0.310,887,2
0.250,0.250,0.250,0.300,0.300,0.300,0.250,0.250,0.250,0.300,0.300,0.300,760,2
0.350,0.350,0.350,0.300,0.300,0.300,0.250,0.250,0.250,0.300,0.300,0.300,353,2
0.250,0.250,0.250,0.300,0.300,0.300,0.300,0.300,0.300,0.300,0.300,0.300,798,1
0.300,0.300,0.300,0.350,0.350,0.350,0.300,0.300,0.300,0.280,0.280,0.280,158,1
0.300,0.300,0.300,0.250,0.250,0.250,0.300,0.300,0.300,0.280,0.280,0.280,4,1
0.250,0.250,0.250,0.300,0.300,0.300,0.330,0.330,0.330,0.300,0.300,0.300,933,1
0.350,0.350,0.350,0.300,0.300,0.300,0.250,0.250,0.250,0.300,0.300,0.300,287,2
0.350,0.350,0.350,0.300,0.300,0.300,0.250,0.250,0.250,0.300,0.300,0.300,551,2
0.300,0.300,0.300,0.300,0.300,0.300,0.300,0.300,0.300,0.290,0.290,0.290,16,1
0.300,0.300,0.300,0.300,0.300,0.300,0.350,0.350,0.350,0.300,0.300,0.300,385,1
0.300,0.300,0.300,0.350,0.350,0.350,0.300,0.300,0.300,0.320,0.320,0.320,624,2
0.300,0.300,0.300,0.350,0.350,0.350,0.300,0.300,0.300,0.320,0.320,0.320,195,2
0.300,0.300,0.300,0.300,0.300,0.300,0.350,0.350,0.350,0.300,0.300,0.300,253,1
0.300,0.300,0.300,0.300,0.300,0.300,0.300,0.300,0.300,0.300,0.300,0.300,710,1
0.250,0.250,0.250,0.300,0.300,0.300,0.270,0.270,0.270,0.300,0.300,0.300,201,2
0.300,0.300,0.300,0.250,0.250,0.250,0.300,0.300,0.300,0.330,0.330,0.330,108,2
0.300,0.300,0.300,0.350,0.350,0.350,0.300,0.300,0.300,0.350,0.350,0.350,429,2
0.300,0.300,0.300,0.300,0.300,0.300,0.300,0.300,0.300,0.250,0.250,0.250,12,1
0.300,0.300,0.300,0.250,0.250,0.250,0.300,0.300,0.300,0.270,0.270,0.270,69,1
0.250,0.250,0.250,0.300,0.300,0.300,0.250,0.250,0.250,0.300,0.300,0.300,298,2
0.300,0.300,0.300,0.300,0.300,0.300,0.330,0.330,0.330,0.300,0.300,0.300,977,1
0.300,0.300,0.300,0.350,0.350,0.350,0.300,0.300,0.300,0.310,0.310,0.310,491,2
0.350,0.350,0.350,0.300,0.300,0.300,0.310,0.310,0.310,0.300,0.300,0.300,755,1
0.250,0.250,0.250,0.300,0.300,0.300,0.320,0.320,0.320,0.300,0.300,0.300,272,1
0.350,0.350,0.350,0.300,0.300,0.300,0.260,0.260,0.260,0.300,0.300,0.300,981,2
0.250,0.250,0.250,0.300,0.300,0.300,0.250,0.250,0.250,0.300,0.300,0.300,100,2
0.300,0.300,0.300,0.350,0.350,0.350,0.300,0.300,0.300,0.300,0.300,0.300,457,2
0.300,0.300,0.300,0.350,0.350,0.350,0.300,0.300,0.300,0.350,0.350,0.350,66,2
0.300,0.300,0.300,0.300,0.300,0.300,0.300,0.300,0.300,0.260,0.260,0.260,805,1
0.300,0.300,0.300,0.300,0.300,0.300,0.270,0.270,0.270,0.300,0.300,0.300,806,2
0.300,0.300,0.300,0.350,0.350,0.350,0.300,0.300,0.300,0.320,0.320,0.320,327,2
0.250,0.250,0.250,0.300,0.300,0.300,0.270,0.270,0.270,0.300,0.300,0.300,267,2
0.300,0.300,0.300,0.300,0.300,0.300,0.280,0.280,0.280,0.300,0.300,0.300,180,2
0.300,0.300,0.300,0.250,0.250,0.250,0.300,0.300,0.300,0.340,0.340,0.340,307,2
0.300,0.300,0.300,0.350,0.350,0.350,0.300,0.300,0.300,0.270,0.270,0.270,784,1
0.300,0.300,0.300,0.250,0.250,0.250,0.300,0.300,0.300,0.270,0.270,0.270,102,1
0.300,0.300,0.300,0.350,0.350,0.350,0.300,0.300,0.300,0.280,0.280,0.280,455,1
0.300,0.300,0.300,0.350,0.350,0.350,0.300,0.300,0.300,0.270,0.270,0.270,949,1
0.300,0.300,0.300,0.350,0.350,0.350,0.300,0.300,0.300,0.290,0.290,0.290,555,1
0.300,0.300,0.300,0.300,0.300,0.300,0.300,0.300,0.300,0.250,0.250,0.250,474,1
0.250,0.250,0.250,0.300,0.300,0.300,0.320,0.320,0.320,0.300,0.300,0.300,833,1
0.250,0.250,0.250,0.300,0.300,0.300,0.310,0.310,0.310,0.300,0.300,0.300,766,1
0.300,0.300,0.300,0.250,0.250,0.250,0.300,0.300,0.300,0.290,0.290,0.290,269,1
0.300,0.300,0.300,0.300,0.300,0.300,0.300,0.300,0.300,0.310,0.310,0.310,909,2
0.300,0.300,0.300,0.350,0.350,0.350,0.300,0.300,0.300,0.310,0.310,0.310,260,2
0.300,0.300,0.300,0.300,0.300,0.300,0.300,0.300,0.300,0.280,0.280,0.280,279,1
0.300,0.300,0.300,0.250,0.250,0.250,0.300,0.300,0.300,0.280,0.280,0.280,664,1
0.250,0.250,0.250,0.300,0.300,0.300,0.320,0.320,0.320,0.300,0.300,0.300,965,1
0.300,0.300,0.300,0.300,0.300,0.300,0.320,0.320,0.320,0.300,0.300,0.300,613,1
0.300,0.300,0.300,0.300,0.300,0.300,0.300,0.300,0.300,0.260,0.260,0.260,277,1
0.300,0.300,0.300,0.300,0.300,0.300,0.330,0.330,0.330,0.300,0.300,0.300,53,1
0.300,0.300,0.300,0.250,0.250,0.250,0.300,0.300,0.300,0.300,0.300,0.300,600,2
0.300,0.300,0.300,0.250,0.250,0.250,0.300,0.300,0.300,0.290,0.290,0.290,599,1
0.300,0.300,0.300,0.300,0.300,0.300,0.290,0.290,0.290,0.300,0.300,0.300,907,2
0.300,0.300,0.300,0.300,0.300,0.300,0.300,0.300,0.300,0.350,0.350,0.350,22,2
0.300,0.300,0.300,0.300,0.300,0.300,0.330,0.330,0.330,0.300,0.300,0.300,845,1
0.300,0.300,0.300,0.250,0.250,0.250,0.300,0.300,0.300,0.310,0.310,0.310,502,2
0.300,0.300,0.300,0.250,0.250,0.250,0.300,0.300,0.300,0.310,0.310,0.310,898,2
0.300,0.300,0.300,0.250,0.250,0.250,0.300,0.300,0.300,0.250,0.250,0.250,925,1
0.250,0.250,0.250,0.300,0.300,0.300,0.250,0.250,0.250,0.300,0.300,0.300,463,2
0.300,0.300,0.300,0.250,0.250,0.250,0.300,0.300,0.300,0.270,0.270,0.270,531,1
0.250,0.250,0.250,0.300,0.300,0.300,0.260,0.260,0.260,0.300,0.300,0.300,794,2
0.250,0.250,0.250,0.300,0.300,0.300,0.340,0.340,0.340,0.300,0.300,0.300,802,1
0.300,0.300,0.300,0.250,0.250,0.250,0.300,0.300,0.300,0.310,0.310,0.310,304,2
0.300,0.300,0.300,0.350,0.350,0.350,0.300,0.300,0.300,0.350,0.350,0.350,528,2
0.300,0.300,0.300,0.300,0.300,0.300,0.300,0.300,0.300,0.260,0.260,0.260,574,1
0.300,0.300,0.300,0.350,0.350,0.350,0.300,0.300,0.300,0.350,0.350,0.350,891,2
0.300,0.300,0.300,0.300,0.300,0.300,0.250,0.250,0.250,0.300,0.300,0.300,276,2
0.350,0.350,0.350,0.300,0.300,0.300,0.270,0.270,0.270,0.300,0.300,0.300,652,2
0.300,0.300,0.300,0.300,0.300,0.300,0.300,0.300,0.300,0.250,0.250,0.250,45,1
0.250,0.250,0.250,0.300,0.300,0.300,0.290,0.290,0.290,0.300,0.300,0.300,236,2
0.300,0.300,0.300,0.250,0.250,0.250,0.300,0.300,0.300,0.350,0.350,0.350,407,2
0.250,0.250,0.250,0.300,0.300,0.300,0.280,0.280,0.280,0.300,0.300,0.300,928,2
0.350,0.350,0.350,0.300,0.300,0.300,0.290,0.290,0.290,0.300,0.300,0.300,720,2
0.300,0.300,0.300,0.350,0.350,0.350,0.300,0.300,0.300,0.290,0.290,0.290,753,1
0.300,0.300,0.300,0.300,0.300,0.300,0.300,0.300,0.300,0.300,0.300,0.300,116,2
0.350,0.350,0.350,0.300,0.300,0.300,0.260,0.260,0.260,0.300,0.300,0.300,321,2
0.300,0.300,0.300,0.350,0.350,0.350,0.300,0.300,0.300,0.300,0.300,0.300,292,2
0.300,0.300,0.300,0.300,0.300,0.300,0.300,0.300,0.300,0.300,0.300,0.300,149,2
0.300,0.300,0.300,0.300,0.300,0.300,0.300,0.300,0.300,0.280,0.280,0.280,312,1
0.350,0.350,0.350,0.300,0.300,0.300,0.250,0.250,0.250,0.300,0.300,0.300,683,2
0.350,0.350,0.350,0.300,0.300,0.300,0.280,0.280,0.280,0.300,0.300,0.300,488,2
0.300,0.300,0.300,0.250,0.250,0.250,0.300,0.300,0.300,0.300,0.300,0.300,732,2
0.250,0.250,0.250,0.300,0.300,0.300,0.340,0.340,0.340,0.300,0.300,0.300,406,1
0.300,0.300,0.300,0.300,0.300,0.300,0.250,0.250,0.250,0.300,0.300,0.300,639,2
0.300,0.300,0.300,0.350,0.350,0.350,0.300,0.300,0.300,0.330,0.330,0.330,790,2
0.250,0.250,0.250,0.300,0.300,0.300,0.330,0.330,0.330,0.300,0.300,0.300,867,1
0.300,0.300,0.300,0.350,0.350,0.350,0.300,0.300,0.300,0.270,0.270,0.270,355,1
0.300,0.300,0.300,0.300,0.300,0.300,0.350,0.350,0.350,0.300,0.300,0.300,781,1
0.300,0.300,0.300,0.350,0.350,0.350,0.300,0.300,0.300,0.330,0.330,0.330,658,2
0.300,0.300,0.300,0.300,0.300,0.300,0.340,0.340,0.340,0.300,0.300,0.300,417,1
0.300,0.300,0.300,0.300,0.300,0.300,0.300,0.300,0.300,0.250,0.250,0.250,540,1
0.300,0.300,0.300,0.300,0.300,0.300,0.300,0.300,0.300,0.320,0.320,0.320,778,2
0.300,0.300,0.300,0.250,0.250,0.250,0.300,0.300,0.300,0.330,0.330,0.330,636,2
0.300,0.300,0.300,0.350,0.350,0.350,0.300,0.300,0.300,0.280,0.280,0.280,26,1
0.300,0.300,0.300,0.300,0.300,0.300,0.300,0.300,0.300,0.330,0.330,0.330,779,2
0.300,0.300,0.300,0.250,0.250,0.250,0.300,0.300,0.300,0.350,0.350,0.350,572,2
0.350,0.350,0.350,0.300,0.300,0.300,0.330,0.330,0.330,0.300,0.300,0.300,691,1
0.350,0.350,0.350,0.300,0.300,0.300,0.260,0.260,0.260,0.300,0.300,0.300,717,2
0.300,0.300,0.300,0.250,0.250,0.250,0.300,0.300,0.300,0.290,0.290,0.290,830,1
0.300,0.300,0.300,0.250,0.250,0.250,0.300,0.300,0.300,0.340,0.340,0.340,76,2
0.250,0.250,0.250,0.300,0.300,0.300,0.320,0.320,0.320,0.300,0.300,0.300,338,1
0.300,0.300,0.300,0.250,0.250,0.250,0.300,0.300,0.300,0.280,0.280,0.280,763,1
0.300,0.300,0.300,0.300,0.300,0.300,0.260,0.260,0.260,0.300,0.300,0.300,508,2
0.350,0.350,0.350,0.300,0.300,0.300,0.320,0.320,0.320,0.300,0.300,0.300,558,1
0.250,0.250,0.250,0.300,0.300,0.300,0.310,0.310,0.310,0.300,0.300,0.300,205,1
0.300,0.300,0.300,0.250,0.250,0.250,0.300,0.300,0.300,0.270,0.270,0.270,927,1
0.300,0.300,0.300,0.300,0.300,0.300,0.330,0.330,0.330,0.300,0.300,0.300,317,1
0.250,0.250,0.250,0.300,0.300,0.300,0.310,0.310,0.310,0.300,0.300,0.300,139,1
0.350,0.350,0.350,0.300,0.300,0.300,0.350,0.350,0.350,0.300,0.300,0.300,462,1
0.300,0.300,0.300,0.300,0.300,0.300,0.300,0.300,0.300,0.330,0.330,0.330,449,2
0.300,0.300,0.300,0.300,0.300,0.300,0.250,0.250,0.250,0.300,0.300,0.300,507,2
0.350,0.350,0.350,0.300,0.300,0.300,0.290,0.290,0.290,0.300,0.300,0.300,918,2
0.300,0.300,0.300,0.350,0.350,0.350,0.300,0.300,0.300,0.340,0.340,0.340,428,2
0.300,0.300,0.300,0.300,0.300,0.300,0.300,0.300,0.300,0.270,0.270,0.270,47,1
0.350,0.350,0.350,0.300,0.300,0.300,0.300,0.300,0.300,0.300,0.300,0.300,985,1
0.300,0.300,0.300,0.300,0.300,0.300,0.300,0.300,0.300,0.310,0.310,0.310,513,2
0.250,0.250,0.250,0.300,0.300,0.300,0.300,0.300,0.300,0.300,0.300,0.300,864,1
0.350,0.350,0.350,0.300,0.300,0.300,0.300,0.300,0.300,0.300,0.300,0.300,259,1
0.300,0.300,0.300,0.300,0.300,0.300,0.270,0.270,0.270,0.300,0.300,0.300,212,2
0.300,0.300,0.300,0.300,0.300,0.300,0.300,0.300,0.300,0.350,0.350,0.350,187,2
0.250,0.250,0.250,0.300,0.300,0.300,0.280,0.280,0.280,0.300,0.300,0.300,499,2
0.300,0.300,0.300,0.300,0.300,0.300,0.300,0.300,0.300,0.330,0.330,0.330,482,2
0.300,0.300,0.300,0.300,0.300,0.300,0.290,0.290,0.290,0.300,0.300,0.300,478,2
0.300,0.300,0.300,0.250,0.250,0.250,0.300,0.300,0.300,0.350,0.350,0.350,506,2
0.350,0.350,0.350,0.300,0.300,0.300,0.330,0.330,0.330,0.300,0.300,0.300,757,1
0.300,0.300,0.300,0.250,0.250,0.250,0.300,0.300,0.300,0.260,0.260,0.260,695,1
0.300,0.300,0.300,0.300,0.300,0.300,0.260,0.260,0.260,0.300,0.300,0.300,442,2
0.250,0.250,0.250,0.300,0.300,0.300,0.330,0.330,0.330,0.300,0.300,0.300,42,1
0.350,0.350,0.350,0.300,0.300,0.300,0.340,0.340,0.340,0.300,0.300,0.300,197,1
0.300,0.300,0.300,0.300,0.300,0.300,0.300,0.300,0.300,0.300,0.300,0.300,875,2
0.300,0.300,0.300,0.350,0.350,0.350,0.300,0.300,0.300,0.340,0.340,0.340,593,2
0.300,0.300,0.300,0.300,0.300,0.300,0.300,0.300,0.300,0.350,0.350,0.350,451,2
0.350,0.350,0.350,0.300,0.300,0.300,0.290,0.290,0.290,0.300,0.300,0.300,93,2
0.300,0.300,0.300,0.350,0.350,0.350,0.300,0.300,0.300,0.310,0.310,0.310,326,2
0.300,0.300,0.300,0.350,0.350,0.350,0.300,0.300,0.300,0.340,0.340,0.340,659,2
0.300,0.300,0.300,0.350,0.350,0.350,0.300,0.300,0.300,0.300,0.300,0.300,424,2
0.300,0.300,0.300,0.250,0.250,0.250,0.300,0.300,0.300,0.340,0.340,0.340,571,2
0.300,0.300,0.300,0.300,0.300,0.300,0.300,0.300,0.300,0.310,0.310,0.310,348,2
0.300,0.300,0.300,0.350,0.350,0.350,0.300,0.300,0.300,0.250,0.250,0.250,254,1
0.300,0.300,0.300,0.300,0.300,0.300,0.300,0.300,0.300,0.250,0.250,0.250,309,1
0.350,0.350,0.350,0.300,0.300,0.300,0.260,0.260,0.260,0.300,0.300,0.300,585,2
0.250,0.250,0.250,0.300,0.300,0.300,0.270,0.270,0.270,0.300,0.300,0.300,135,2
0.300,0.300,0.300,0.300,0.300,0.300,0.270,0.270,0.270,0.300,0.300,0.300,872,2
0.250,0.250,0.250,0.300,0.300,0.300,0.320,0.320,0.320,0.300,0.300,0.300,536,1
0.300,0.300,0.300,0.300,0.300,0.300,0.300,0.300,0.300,0.300,0.300,0.300,644,2
0.300,0.300,0.300,0.250,0.250,0.250,0.300,0.300,0.300,0.300,0.300,0.300,534,2
0.300,0.300,0.300,0.300,0.300,0.300,0.300,0.300,0.300,0.340,0.340,0.340,582,2
0.350,0.350,0.350,0.300,0.300,0.300,0.300,0.300,0.300,0.300,0.300,0.300,358,1
0.300,0.300,0.300,0.350,0.350,0.350,0.300,0.300,0.300,0.310,0.310,0.310,227,2
0.300,0.300,0.300,0.300,0.300,0.300,0.260,0.260,0.260,0.300,0.300,0.300,13,2
0.250,0.250,0.250,0.300,0.300,0.300,0.350,0.350,0.350,0.300,0.300,0.300,44,1
0.300,0.300,0.300,0.250,0.250,0.250,0.300,0.300,0.300,0.310,0.310,0.310,106,2
0.300,0.300,0.300,0.300,0.300,0.300,0.260,0.260,0.260,0.300,0.300,0.300,46,2
0.250,0.250,0.250,0.300,0.300,0.300,0.350,0.350,0.350,0.300,0.300,0.300,803,1
0.300,0.300,0.300,0.250,0.250,0.250,0.300,0.300,0.300,0.260,0.260,0.260,959,1
0.300,0.300,0.300,0.300,0.300,0.300,0.270,0.270,0.270,0.300,0.300,0.300,443,2
0.300,0.300,0.300,0.300,0.300,0.300,0.300,0.300,0.300,0.280,0.280,0.280,213,1
0.300,0.300,0.300,0.300,0.300,0.300,0.300,0.300,0.300,0.310,0.310,0.310,843,2
0.250,0.250,0.250,0.300,0.300,0.300,0.280,0.280,0.280,0.300,0.300,0.300,433,2
0.300,0.300,0.300,0.300,0.300,0.300,0.300,0.300,0.300,0.280,0.280,0.280,708,1
0.300,0.300,0.300,0.300,0.300,0.300,0.300,0.300,0.300,0.320,0.320,0.320,151,2
0.300,0.300,0.300,0.350,0.350,0.350,0.300,0.300,0.300,0.310,0.310,0.310,425,2
0.300,0.300,0.300,0.250,0.250,0.250,0.300,0.300,0.300,0.260,0.260,0.260,68,1
0.300,0.300,0.300,0.300,0.300,0.300,0.260,0.260,0.260,0.300,0.300,0.300,607,2
0.350,0.350,0.350,0.300,0.300,0.300,0.250,0.250,0.250,0.300,0.300,0.300,485,2
0.300,0.300,0.300,0.350,0.350,0.350,0.300,0.300,0.300,0.260,0.260,0.260,24,1
0.300,0.300,0.300,0.300,0.300,0.300,0.300,0.300,0.300,0.250,0.250,0.250,771,1
0.250,0.250,0.250,0.300,0.300,0.300,0.340,0.340,0.340,0.300,0.300,0.300,373,1
0.300,0.300,0.300,0.350,0.350,0.350,0.300,0.300,0.300,0.340,0.340,0.340,296,2
0.250,0.250,0.250,0.300,0.300,0.300,0.310,0.310,0.310,0.300,0.300,0.300,535,1
0.350,0.350,0.350,0.300,0.300,0.300,0.280,0.280,0.280,0.300,0.300,0.300,224,2
0.300,0.300,0.300,0.300,0.300,0.300,0.300,0.300,0.300,0.320,0.320,0.320,448,2
0.300,0.300,0.300,0.350,0.350,0.350,0.300,0.300,0.300,0.300,0.300,0.300,490,2
0.300,0.300,0.300,0.250,0.250,0.250,0.300,0.300,0.300,0.280,0.280,0.280,301,1
0.350,0.350,0.350,0.300,0.300,0.300,0.310,0.310,0.310,0.300,0.300,0.300,62,1
0.350,0.350,0.350,0.300,0.300,0.300,0.270,0.270,0.270,0.300,0.300,0.300,289,2
0.350,0.350,0.350,0.300,0.300,0.300,0.290,0.290,0.290,0.300,0.300,0.300,786,2
0.250,0.250,0.250,0.300,0.300,0.300,0.260,0.260,0.260,0.300,0.300,0.300,200,2
0.350,0.350,0.350,0.300,0.300,0.300,0.310,0.310,0.310,0.300,0.300,0.300,524,1
0.300,0.300,0.300,0.300,0.300,0.300,0.300,0.300,0.300,0.280,0.280,0.280,939,1
0.250,0.250,0.250,0.300,0.300,0.300,0.280,0.280,0.280,0.300,0.300,0.300,136,2
0.250,0.250,0.250,0.300,0.300,0.300,0.330,0.330,0.330,0.300,0.300,0.300,603,1
0.300,0.300,0.300,0.300,0.300,0.300,0.260,0.260,0.260,0.300,0.300,0.300,244,2
0.350,0.350,0.350,0.300,0.300,0.300,0.270,0.270,0.270,0.300,0.300,0.300,553,2
0.300,0.300,0.300,0.300,0.300,0.300,0.300,0.300,0.300,0.260,0.260,0.260,475,1
0.300,0.300,0.300,0.300,0.300,0.300,0.340,0.340,0.340,0.300,0.300,0.300,153,1
0.300,0.300,0.300,0.300,0.300,0.300,0.340,0.340,0.340,0.300,0.300,0.300,945,1
0.250,0.250,0.250,0.300,0.300,0.300,0.270,0.270,0.270,0.300,0.300,0.300,168,2
0.350,0.350,0.350,0.300,0.300,0.300,0.310,0.310,0.310,0.300,0.300,0.300,821,1
0.300,0.300,0.300,0.300,0.300,0.300,0.300,0.300,0.300,0.300,0.300,0.300,578,2
0.300,0.300,0.300,0.350,0.350,0.350,0.300,0.300,0.300,0.290,0.290,0.290,852,1
0.350,0.350,0.350,0.300,0.300,0.300,0.270,0.270,0.270,0.300,0.300,0.300,256,2
0.250,0.250,0.250,0.300,0.300,0.300,0.300,0.300,0.300,0.300,0.300,0.300,897,1
0.350,0.350,0.350,0.300,0.300,0.300,0.280,0.280,0.280,0.300,0.300,0.300,257,2
0.250,0.250,0.250,0.300,0.300,0.300,0.300,0.300,0.300,0.300,0.300,0.300,633,1
0.300,0.300,0.300,0.300,0.300,0.300,0.300,0.300,0.300,0.260,0.260,0.260,310,1
0.350,0.350,0.350,0.300,0.300,0.300,0.260,0.260,0.260,0.300,0.300,0.300,948,2
0.250,0.250,0.250,0.300,0.300,0.300,0.310,0.310,0.310,0.300,0.300,0.300,40,1
0.350,0.350,0.350,0.300,0.300,0.300,0.330,0.330,0.330,0.300,0.300,0.300,295,1
0.300,0.300,0.300,0.300,0.300,0.300,0.320,0.320,0.320,0.300,0.300,0.300,646,1
0.300,0.300,0.300,0.300,0.300,0.300,0.350,0.350,0.350,0.300,0.300,0.300,913,1
0.300,0.300,0.300,0.250,0.250,0.250,0.300,0.300,0.300,0.350,0.350,0.350,605,2
0.350,0.350,0.350,0.300,0.300,0.300,0.320,0.320,0.320,0.300,0.300,0.300,822,1
0.350,0.350,0.350,0.300,0.300,0.300,0.300,0.300,0.300,0.300,0.300,0.300,523,1
0.250,0.250,0.250,0.300,0.300,0.300,0.330,0.330,0.330,0.300,0.300,0.300,438,1
0.250,0.250,0.250,0.300,0.300,0.300,0.330,0.330,0.330,0.300,0.300,0.300,702,1
0.250,0.250,0.250,0.300,0.300,0.300,0.270,0.270,0.270,0.300,0.300,0.300,729,2
0.300,0.300,0.300,0.250,0.250,0.250,0.300,0.300,0.300,0.250,0.250,0.250,529,1
0.250,0.250,0.250,0.300,0.300,0.300,0.320,0.320,0.320,0.300,0.300,0.300,569,1
0.300,0.300,0.300,0.250,0.250,0.250,0.300,0.300,0.300,0.290,0.290,0.290,335,1
0.350,0.350,0.350,0.300,0.300,0.300,0.320,0.320,0.320,0.300,0.300,0.300,96,1
0.300,0.300,0.300,0.250,0.250,0.250,0.300,0.300,0.300,0.330,0.330,0.330,306,2
0.300,0.300,0.300,0.250,0.250,0.250,0.300,0.300,0.300,0.310,0.310,0.310,733,2
0.300,0.300,0.300,0.250,0.250,0.250,0.300,0.300,0.300,0.340,0.340,0.340,901,2
0.300,0.300,0.300,0.300,0.300,0.300,0.300,0.300,0.300,0.300,0.300,0.300,83,1
0.300,0.300,0.300,0.250,0.250,0.250,0.300,0.300,0.300,0.310,0.310,0.310,832,2
0.350,0.350,0.350,0.300,0.300,0.300,0.300,0.300,0.300,0.300,0.300,0.300,325,1
0.300,0.300,0.300,0.300,0.300,0.300,0.300,0.300,0.300,0.280,0.280,0.280,444,1
0.350,0.350,0.350,0.300,0.300,0.300,0.340,0.340,0.340,0.300,0.300,0.300,263,1
0.300,0.300,0.300,0.250,0.250,0.250,0.300,0.300,0.300,0.340,0.340,0.340,538,2
0.300,0.300,0.300,0.300,0.300,0.300,0.300,0.300,0.300,0.260,0.260,0.260,376,1
0.300,0.300,0.300,0.350,0.350,0.350,0.300,0.300,0.300,0.350,0.350,0.350,759,2
0.300,0.300,0.300,0.250,0.250,0.250,0.300,0.300,0.300,0.310,0.310,0.310,7,2
0.350,0.350,0.350,0.300,0.300,0.300,0.260,0.260,0.260,0.300,0.300,0.300,288,2
0.250,0.250,0.250,0.300,0.300,0.300,0.250,0.250,0.250,0.300,0.300,0.300,199,2
0.300,0.300,0.300,0.350,0.350,0.350,0.300,0.300,0.300,0.290,0.290,0.290,819,1
0.300,0.300,0.300,0.250,0.250,0.250,0.300,0.300,0.300,0.270,0.270,0.270,498,1
0.250,0.250,0.250,0.300,0.300,0.300,0.310,0.310,0.310,0.300,0.300,0.300,469,1
0.300,0.300,0.300,0.250,0.250,0.250,0.300,0.300,0.300,0.300,0.300,0.300,567,2
0.300,0.300,0.300,0.350,0.350,0.350,0.300,0.300,0.300,0.250,0.250,0.250,881,1
0.300,0.300,0.300,0.250,0.250,0.250,0.300,0.300,0.300,0.280,0.280,0.280,103,1
0.300,0.300,0.300,0.300,0.300,0.300,0.310,0.310,0.310,0.300,0.300,0.300,447,1
0.300,0.300,0.300,0.250,0.250,0.250,0.300,0.300,0.300,0.270,0.270,0.270,465,1
0.350,0.350,0.350,0.300,0.300,0.300,0.280,0.280,0.280,0.300,0.300,0.300,356,2
0.350,0.350,0.350,0.300,0.300,0.300,0.300,0.300,0.300,0.300,0.300,0.300,193,1
0.350,0.350,0.350,0.300,0.300,0.300,0.290,0.290,0.290,0.300,0.300,0.300,324,2
0.300,0.300,0.300,0.300,0.300,0.300,0.280,0.280,0.280,0.300,0.300,0.300,48,2
0.300,0.300,0.300,0.300,0.300,0.300,0.250,0.250,0.250,0.300,0.300,0.300,375,2
0.350,0.350,0.350,0.300,0.300,0.300,0.310,0.310,0.310,0.300,0.300,0.300,359,1
0.250,0.250,0.250,0.300,0.300,0.300,0.350,0.350,0.350,0.300,0.300,0.300,935,1
0.250,0.250,0.250,0.300,0.300,0.300,0.320,0.320,0.320,0.300,0.300,0.300,8,1
0.250,0.250,0.250,0.300,0.300,0.300,0.260,0.260,0.260,0.300,0.300,0.300,299,2
0.250,0.250,0.250,0.300,0.300,0.300,0.280,0.280,0.280,0.300,0.300,0.300,532,2
0.250,0.250,0.250,0.300,0.300,0.300,0.320,0.320,0.320,0.300,0.300,0.300,470,1
0.300,0.300,0.300,0.300,0.300,0.300,0.330,0.330,0.330,0.300,0.300,0.300,284,1
0.300,0.300,0.300,0.300,0.300,0.300,0.350,0.350,0.350,0.300,0.300,0.300,517,1
0.300,0.300,0.300,0.250,0.250,0.250,0.300,0.300,0.300,0.330,0.330,0.330,372,2
0.300,0.300,0.300,0.300,0.300,0.300,0.320,0.320,0.320,0.300,0.300,0.300,85,1
0.250,0.250,0.250,0.300,0.300,0.300,0.260,0.260,0.260,0.300,0.300,0.300,860,2
0.250,0.250,0.250,0.300,0.300,0.300,0.300,0.300,0.300,0.300,0.300,0.300,39,1
0.300,0.300,0.300,0.300,0.300,0.300,0.350,0.350,0.350,0.300,0.300,0.300,682,1
0.350,0.350,0.350,0.300,0.300,0.300,0.260,0.260,0.260,0.300,0.300,0.300,453,2
0.300,0.300,0.300,0.250,0.250,0.250,0.300,0.300,0.300,0.300,0.300,0.300,270,2
0.250,0.250,0.250,0.300,0.300,0.300,0.330,0.330,0.330,0.300,0.300,0.300,471,1
0.300,0.300,0.300,0.300,0.300,0.300,0.260,0.260,0.260,0.300,0.300,0.300,904,2
0.350,0.350,0.350,0.300,0.300,0.300,0.320,0.320,0.320,0.300,0.300,0.300,228,1
0.300,0.300,0.300,0.350,0.350,0.350,0.300,0.300,0.300,0.250,0.250,0.250,419,1
0.300,0.300,0.300,0.300,0.300,0.300,0.250,0.250,0.250,0.300,0.300,0.300,672,2
0.300,0.300,0.300,0.300,0.300,0.300,0.300,0.300,0.300,0.270,0.270,0.270,113,1
0.350,0.350,0.350,0.300,0.300,0.300,0.340,0.340,0.340,0.300,0.300,0.300,230,1
0.350,0.350,0.350,0.300,0.300,0.300,0.350,0.350,0.350,0.300,0.300,0.300,825,1
0.300,0.300,0.300,0.300,0.300,0.300,0.320,0.320,0.320,0.300,0.300,0.300,514,1
0.300,0.300,0.300,0.350,0.350,0.350,0.300,0.300,0.300,0.300,0.300,0.300,787,2
0.250,0.250,0.250,0.300,0.300,0.300,0.290,0.290,0.290,0.300,0.300,0.300,467,2
0.300,0.300,0.300,0.300,0.300,0.300,0.300,0.300,0.300,0.300,0.300,0.300,248,2
0.300,0.300,0.300,0.300,0.300,0.300,0.300,0.300,0.300,0.350,0.350,0.350,847,2
0.300,0.300,0.300,0.350,0.350,0.350,0.300,0.300,0.300,0.260,0.260,0.260,783,1
0.300,0.300,0.300,0.300,0.300,0.300,0.290,0.290,0.290,0.300,0.300,0.300,544,2
0.300,0.300,0.300,0.300,0.300,0.300,0.300,0.300,0.300,0.250,0.250,0.250,78,1
0.300,0.300,0.300,0.300,0.300,0.300,0.270,0.270,0.270,0.300,0.300,0.300,773,2
0.300,0.300,0.300,0.300,0.300,0.300,0.300,0.300,0.300,0.340,0.340,0.340,747,2
0.350,0.350,0.350,0.300,0.300,0.300,0.320,0.320,0.320,0.300,0.300,0.300,690,1
0.300,0.300,0.300,0.300,0.300,0.300,0.300,0.300,0.300,0.320,0.320,0.320,481,2
0.250,0.250,0.250,0.300,0.300,0.300,0.330,0.330,0.330,0.300,0.300,0.300,9,1
0.250,0.250,0.250,0.300,0.300,0.300,0.300,0.300,0.300,0.300,0.300,0.300,468,1
0.300,0.300,0.300,0.300,0.300,0.300,0.340,0.340,0.340,0.300,0.300,0.300,615,1
0.300,0.300,0.300,0.300,0.300,0.300,0.300,0.300,0.300,0.330,0.330,0.330,812,2
0.300,0.300,0.300,0.300,0.300,0.300,0.320,0.320,0.320,0.300,0.300,0.300,349,1
0.350,0.350,0.350,0.300,0.300,0.300,0.300,0.300,0.300,0.300,0.300,0.300,886,1
0.350,0.350,0.350,0.300,0.300,0.300,0.310,0.310,0.310,0.300,0.300,0.300,392,1
0.300,0.300,0.300,0.300,0.300,0.300,0.300,0.300,0.300,0.260,0.260,0.260,211,1
0.300,0.300,0.300,0.300,0.300,0.300,0.300,0.300,0.300,0.320,0.320,0.320,415,2
0.250,0.250,0.250,0.300,0.300,0.300,0.340,0.340,0.340,0.300,0.300,0.300,10,1
0.300,0.300,0.300,0.350,0.350,0.350,0.300,0.300,0.300,0.310,0.310,0.310,458,2
0.300,0.300,0.300,0.300,0.300,0.300,0.340,0.340,0.340,0.300,0.300,0.300,714,1
0.300,0.300,0.300,0.300,0.300,0.300,0.290,0.290,0.290,0.300,0.300,0.300,346,2
0.300,0.300,0.300,0.350,0.350,0.350,0.300,0.300,0.300,0.250,0.250,0.250,122,1
0.300,0.300,0.300,0.300,0.300,0.300,0.270,0.270,0.270,0.300,0.300,0.300,245,2
0.300,0.300,0.300,0.300,0.300,0.300,0.300,0.300,0.300,0.270,0.270,0.270,311,1
0.300,0.300,0.300,0.350,0.350,0.350,0.300,0.300,0.300,0.340,0.340,0.340,692,2
0.300,0.300,0.300,0.300,0.300,0.300,0.300,0.300,0.300,0.330,0.330,0.330,185,2
0.300,0.300,0.300,0.250,0.250,0.250,0.300,0.300,0.300,0.330,0.330,0.330,504,2
0.300,0.300,0.300,0.300,0.300,0.300,0.270,0.270,0.270,0.300,0.300,0.300,476,2
0.300,0.300,0.300,0.350,0.350,0.350,0.300,0.300,0.300,0.260,0.260,0.260,552,1
0.300,0.300,0.300,0.300,0.300,0.300,0.300,0.300,0.300,0.350,0.350,0.350,88,2
0.300,0.300,0.300,0.300,0.300,0.300,0.300,0.300,0.300,0.280,0.280,0.280,147,1
0.250,0.250,0.250,0.300,0.300,0.300,0.260,0.260,0.260,0.300,0.300,0.300,167,2
0.300,0.300,0.300,0.300,0.300,0.300,0.250,0.250,0.250,0.300,0.300,0.300,111,2
0.350,0.350,0.350,0.300,0.300,0.300,0.270,0.270,0.270,0.300,0.300,0.300,124,2
0.300,0.300,0.300,0.300,0.300,0.300,0.270,0.270,0.270,0.300,0.300,0.300,674,2
0.250,0.250,0.250,0.300,0.300,0.300,0.310,0.310,0.310,0.300,0.300,0.300,73,1
0.350,0.350,0.350,0.300,0.300,0.300,0.350,0.350,0.350,0.300,0.300,0.300,858,1
0.250,0.250,0.250,0.300,0.300,0.300,0.250,0.250,0.250,0.300,0.300,0.300,595,2
0.350,0.350,0.350,0.300,0.300,0.300,0.260,0.260,0.260,0.300,0.300,0.300,750,2
0.350,0.350,0.350,0.300,0.300,0.300,0.300,0.300,0.300,0.300,0.300,0.300,721,1
0.300,0.300,0.300,0.300,0.300,0.300,0.270,0.270,0.270,0.300,0.300,0.300,707,2
0.300,0.300,0.300,0.350,0.350,0.350,0.300,0.300,0.300,0.300,0.300,0.300,688,2
0.250,0.250,0.250,0.300,0.300,0.300,0.250,0.250,0.250,0.300,0.300,0.300,958,2
0.250,0.250,0.250,0.300,0.300,0.300,0.330,0.330,0.330,0.300,0.300,0.300,735,1
0.300,0.300,0.300,0.300,0.300,0.300,0.300,0.300,0.300,0.280,0.280,0.280,378,1
0.300,0.300,0.300,0.300,0.300,0.300,0.300,0.300,0.300,0.310,0.310,0.310,480,2
0.300,0.300,0.300,0.300,0.300,0.300,0.300,0.300,0.300,0.290,0.290,0.290,577,1
0.250,0.250,0.250,0.300,0.300,0.300,0.350,0.350,0.350,0.300,0.300,0.300,902,1
0.350,0.350,0.350,0.300,0.300,0.300,0.320,0.320,0.320,0.300,0.300,0.300,426,1
0.300,0.300,0.300,0.300,0.300,0.300,0.300,0.300,0.300,0.350,0.350,0.350,220,2
0.300,0.300,0.300,0.300,0.300,0.300,0.300,0.300,0.300,0.340,0.340,0.340,846,2
0.350,0.350,0.350,0.300,0.300,0.300,0.340,0.340,0.340,0.300,0.300,0.300,725,1
0.300,0.300,0.300,0.350,0.350,0.350,0.300,0.300,0.300,0.260,0.260,0.260,57,1
0.300,0.300,0.300,0.250,0.250,0.250,0.300,0.300,0.300,0.300,0.300,0.300,336,2
0.300,0.300,0.300,0.300,0.300,0.300,0.300,0.300,0.300,0.330,0.330,0.330,911,2
0.350,0.350,0.350,0.300,0.300,0.300,0.260,0.260,0.260,0.300,0.300,0.300,915,2
0.350,0.350,0.350,0.300,0.300,0.300,0.340,0.340,0.340,0.300,0.300,0.300,461,1
0.350,0.350,0.350,0.300,0.300,0.300,0.350,0.350,0.350,0.300,0.300,0.300,990,1
0.300,0.300,0.300,0.300,0.300,0.300,0.260,0.260,0.260,0.300,0.300,0.300,772,2
0.350,0.350,0.350,0.300,0.300,0.300,0.250,0.250,0.250,0.300,0.300,0.300,716,2
0.300,0.300,0.300,0.250,0.250,0.250,0.300,0.300,0.300,0.290,0.290,0.290,71,1
0.300,0.300,0.300,0.300,0.300,0.300,0.300,0.300,0.300,0.300,0.300,0.300,281,1
0.350,0.350,0.350,0.300,0.300,0.300,0.340,0.340,0.340,0.300,0.300,0.300,32,1
0.250,0.250,0.250,0.300,0.300,0.300,0.250,0.250,0.250,0.300,0.300,0.300,1,2
0.300,0.300,0.300,0.250,0.250,0.250,0.300,0.300,0.300,0.350,0.350,0.350,176,2
0.300,0.300,0.300,0.300,0.300,0.300,0.300,0.300,0.300,0.310,0.310,0.310,282,2
0.250,0.250,0.250,0.300,0.300,0.300,0.270,0.270,0.270,0.300,0.300,0.300,399,2
0.350,0.350,0.350,0.300,0.300,0.300,0.280,0.280,0.280,0.300,0.300,0.300,851,2
0.250,0.250,0.250,0.300,0.300,0.300,0.260,0.260,0.260,0.300,0.300,0.300,332,2
0.300,0.300,0.300,0.250,0.250,0.250,0.300,0.300,0.300,0.250,0.250,0.250,661,1
0.300,0.300,0.300,0.300,0.300,0.300,0.330,0.330,0.330,0.300,0.300,0.300,581,1
0.250,0.250,0.250,0.300,0.300,0.300,0.310,0.310,0.310,0.300,0.300,0.300,403,1
0.300,0.300,0.300,0.350,0.350,0.350,0.300,0.300,0.300,0.330,0.330,0.330,526,2
0.250,0.250,0.250,0.300,0.300,0.300,0.340,0.340,0.340,0.300,0.300,0.300,703,1
0.300,0.300,0.300,0.300,0.300,0.300,0.300,0.300,0.300,0.320,0.320,0.320,118,2
0.350,0.350,0.350,0.300,0.300,0.300,0.340,0.340,0.340,0.300,0.300,0.300,362,1
0.300,0.300,0.300,0.300,0.300,0.300,0.300,0.300,0.300,0.300,0.300,0.300,908,1
0.300,0.300,0.300,0.350,0.350,0.350,0.300,0.300,0.300,0.300,0.300,0.300,28,2
0.350,0.350,0.350,0.300,0.300,0.300,0.330,0.330,0.330,0.300,0.300,0.300,262,1
0.300,0.300,0.300,0.300,0.300,0.300,0.300,0.300,0.300,0.290,0.290,0.290,874,1
0.300,0.300,0.300,0.300,0.300,0.300,0.330,0.330,0.330,0.300,0.300,0.300,383,1
0.250,0.250,0.250,0.300,0.300,0.300,0.300,0.300,0.300,0.300,0.300,0.300,666,1
0.300,0.300,0.300,0.300,0.300,0.300,0.280,0.280,0.280,0.300,0.300,0.300,906,2
0.300,0.300,0.300,0.350,0.350,0.350,0.300,0.300,0.300,0.280,0.280,0.280,752,1
0.300,0.300,0.300,0.250,0.250,0.250,0.300,0.300,0.300,0.250,0.250,0.250,67,1
0.350,0.350,0.350,0.300,0.300,0.300,0.290,0.290,0.290,0.300,0.300,0.300,984,2
0.300,0.300,0.300,0.350,0.350,0.350,0.300,0.300,0.300,0.350,0.350,0.350,594,2
0.300,0.300,0.300,0.350,0.350,0.350,0.300,0.300,0.300,0.290,0.290,0.290,159,1
0.300,0.300,0.300,0.300,0.300,0.300,0.300,0.300,0.300,0.340,0.340,0.340,450,2
0.300,0.300,0.300,0.300,0.300,0.300,0.300,0.300,0.300,0.300,0.300,0.300,215,1
0.300,0.300,0.300,0.300,0.300,0.300,0.300,0.300,0.300,0.280,0.280,0.280,840,1
0.350,0.350,0.350,0.300,0.300,0.300,0.340,0.340,0.340,0.300,0.300,0.300,527,1
0.300,0.300,0.300,0.250,0.250,0.250,0.300,0.300,0.300,0.280,0.280,0.280,697,1
0.300,0.300,0.300,0.300,0.300,0.300,0.300,0.300,0.300,0.320,0.320,0.320,184,2
0.300,0.300,0.300,0.250,0.250,0.250,0.300,0.300,0.300,0.280,0.280,0.280,70,1
0.350,0.350,0.350,0.300,0.300,0.300,0.250,0.250,0.250,0.300,0.300,0.300,188,2
0.300,0.300,0.300,0.250,0.250,0.250,0.300,0.300,0.300,0.280,0.280,0.280,829,1
0.300,0.300,0.300,0.300,0.300,0.300,0.270,0.270,0.270,0.300,0.300,0.300,410,2
0.300,0.300,0.300,0.300,0.300,0.300,0.300,0.300,0.300,0.280,0.280,0.280,411,1
0.300,0.300,0.300,0.350,0.350,0.350,0.300,0.300,0.300,0.270,0.270,0.270,223,1
0.250,0.250,0.250,0.300,0.300,0.300,0.340,0.340,0.340,0.300,0.300,0.300,241,1
0.300,0.300,0.300,0.300,0.300,0.300,0.340,0.340,0.340,0.300,0.300,0.300,780,1
0.350,0.350,0.350,0.300,0.300,0.300,0.320,0.320,0.320,0.300,0.300,0.300,723,1
0.300,0.300,0.300,0.350,0.350,0.350,0.300,0.300,0.300,0.320,0.320,0.320,492,2
0.300,0.300,0.300,0.300,0.300,0.300,0.300,0.300,0.300,0.300,0.300,0.300,347,2
0.300,0.300,0.300,0.300,0.300,0.300,0.300,0.300,0.300,0.310,0.310,0.310,117,2
0.300,0.300,0.300,0.250,0.250,0.250,0.300,0.300,0.300,0.310,0.310,0.310,568,2
0.300,0.300,0.300,0.350,0.350,0.350,0.300,0.300,0.300,0.280,0.280,0.280,389,1
0.350,0.350,0.350,0.300,0.300,0.300,0.250,0.250,0.250,0.300,0.300,0.300,89,2
0.300,0.300,0.300,0.350,0.350,0.350,0.300,0.300,0.300,0.330,0.330,0.330,97,2
0.350,0.350,0.350,0.300,0.300,0.300,0.350,0.350,0.350,0.300,0.300,0.300,396,1
0.300,0.300,0.300,0.250,0.250,0.250,0.300,0.300,0.300,0.330,0.330,0.330,273,2
0.300,0.300,0.300,0.350,0.350,0.350,0.300,0.300,0.300,0.280,0.280,0.280,422,1
0.300,0.300,0.300,0.350,0.350,0.350,0.300,0.300,0.300,0.340,0.340,0.340,395,2
0.250,0.250,0.250,0.300,0.300,0.300,0.350,0.350,0.350,0.300,0.300,0.300,671,1
0.350,0.350,0.350,0.300,0.300,0.300,0.270,0.270,0.270,0.300,0.300,0.300,916,2
0.300,0.300,0.300,0.350,0.350,0.350,0.300,0.300,0.300,0.270,0.270,0.270,190,1
0.350,0.350,0.350,0.300,0.300,0.300,0.260,0.260,0.260,0.300,0.300,0.300,651,2
0.300,0.300,0.300,0.300,0.300,0.300,0.300,0.300,0.300,0.350,0.350,0.350,583,2
0.350,0.350,0.350,0.300,0.300,0.300,0.310,0.310,0.310,0.300,0.300,0.300,854,1
0.250,0.250,0.250,0.300,0.300,0.300,0.300,0.300,0.300,0.300,0.300,0.300,204,1
0.350,0.350,0.350,0.300,0.300,0.300,0.250,0.250,0.250,0.300,0.300,0.300,155,2
0.300,0.300,0.300,0.300,0.300,0.300,0.350,0.350,0.350,0.300,0.300,0.300,352,1
0.300,0.300,0.300,0.350,0.350,0.350,0.300,0.300,0.300,0.340,0.340,0.340,890,2
0.300,0.300,0.300,0.300,0.300,0.300,0.340,0.340,0.340,0.300,0.300,0.300,318,1
0.300,0.300,0.300,0.250,0.250,0.250,0.300,0.300,0.300,0.340,0.340,0.340,670,2
0.250,0.250,0.250,0.300,0.300,0.300,0.290,0.290,0.290,0.300,0.300,0.300,797,2
0.250,0.250,0.250,0.300,0.300,0.300,0.260,0.260,0.260,0.300,0.300,0.300,134,2
0.300,0.300,0.300,0.250,0.250,0.250,0.300,0.300,0.300,0.350,0.350,0.350,836,2
0.350,0.350,0.350,0.300,0.300,0.300,0.330,0.330,0.330,0.300,0.300,0.300,592,1
0.300,0.300,0.300,0.350,0.350,0.350,0.300,0.300,0.300,0.330,0.330,0.330,625,2
0.350,0.350,0.350,0.300,0.300,0.300,0.310,0.310,0.310,0.300,0.300,0.300,722,1
0.300,0.300,0.300,0.300,0.300,0.300,0.300,0.300,0.300,0.330,0.330,0.330,878,2
0.300,0.300,0.300,0.300,0.300,0.300,0.320,0.320,0.320,0.300,0.300,0.300,316,1
0.300,0.300,0.300,0.350,0.350,0.350,0.300,0.300,0.300,0.290,0.290,0.290,27,1
0.300,0.300,0.300,0.250,0.250,0.250,0.300,0.300,0.300,0.320,0.320,0.320,404,2
0.300,0.300,0.300,0.250,0.250,0.250,0.300,0.300,0.300,0.350,0.350,0.350,308,2
0.300,0.300,0.300,0.250,0.250,0.250,0.300,0.300,0.300,0.350,0.350,0.350,473,2
0.300,0.300,0.300,0.350,0.350,0.350,0.300,0.300,0.300,0.350,0.350,0.350,726,2
0.300,0.300,0.300,0.250,0.250,0.250,0.300,0.300,0.300,0.310,0.310,0.310,700,2
0.300,0.300,0.300,0.300,0.300,0.300,0.340,0.340,0.340,0.300,0.300,0.300,21,1
0.300,0.300,0.300,0.300,0.300,0.300,0.260,0.260,0.260,0.300,0.300,0.300,640,2
0.350,0.350,0.350,0.300,0.300,0.300,0.350,0.350,0.350,0.300,0.300,0.300,924,1
0.300,0.300,0.300,0.350,0.350,0.350,0.300,0.300,0.300,0.300,0.300,0.300,622,2
0.300,0.300,0.300,0.300,0.300,0.300,0.300,0.300,0.300,0.300,0.300,0.300,974,2
0.300,0.300,0.300,0.250,0.250,0.250,0.300,0.300,0.300,0.350,0.350,0.350,704,2
0.250,0.250,0.250,0.300,0.300,0.300,0.330,0.330,0.330,0.300,0.300,0.300,339,1
0.300,0.300,0.300,0.250,0.250,0.250,0.300,0.300,0.300,0.280,0.280,0.280,37,1
0.300,0.300,0.300,0.300,0.300,0.300,0.290,0.290,0.290,0.300,0.300,0.300,511,2
0.300,0.300,0.300,0.350,0.350,0.350,0.300,0.300,0.300,0.350,0.350,0.350,627,2
0.300,0.300,0.300,0.300,0.300,0.300,0.300,0.300,0.300,0.300,0.300,0.300,380,2
0.300,0.300,0.300,0.250,0.250,0.250,0.300,0.300,0.300,0.330,0.330,0.330,570,2
0.250,0.250,0.250,0.300,0.300,0.300,0.280,0.280,0.280,0.300,0.300,0.300,334,2
0.300,0.300,0.300,0.300,0.300,0.300,0.300,0.300,0.300,0.310,0.310,0.310,975,2
0.300,0.300,0.300,0.250,0.250,0.250,0.300,0.300,0.300,0.340,0.340,0.340,637,2
0.350,0.350,0.350,0.300,0.300,0.300,0.350,0.350,0.350,0.300,0.300,0.300,495,1
0.300,0.300,0.300,0.300,0.300,0.300,0.300,0.300,0.300,0.290,0.290,0.290,49,1
0.300,0.300,0.300,0.350,0.350,0.350,0.300,0.300,0.300,0.260,0.260,0.260,519,1
0.350,0.350,0.350,0.300,0.300,0.300,0.330,0.330,0.330,0.300,0.300,0.300,229,1
0.300,0.300,0.300,0.250,0.250,0.250,0.300,0.300,0.300,0.310,0.310,0.310,172,2
0.250,0.250,0.250,0.300,0.300,0.300,0.270,0.270,0.270,0.300,0.300,0.300,36,2
0.250,0.250,0.250,0.300,0.300,0.300,0.320,0.320,0.320,0.300,0.300,0.300,140,1
0.300,0.300,0.300,0.250,0.250,0.250,0.300,0.300,0.300,0.340,0.340,0.340,208,2
0.300,0.300,0.300,0.250,0.250,0.250,0.300,0.300,0.300,0.270,0.270,0.270,597,1
0.300,0.300,0.300,0.350,0.350,0.350,0.300,0.300,0.300,0.260,0.260,0.260,816,1
0.300,0.300,0.300,0.350,0.350,0.350,0.300,0.300,0.300,0.310,0.310,0.310,656,2
0.300,0.300,0.300,0.300,0.300,0.300,0.300,0.300,0.300,0.340,0.340,0.340,912,2
0.300,0.300,0.300,0.300,0.300,0.300,0.250,0.250,0.250,0.300,0.300,0.300,837,2
0.350,0.350,0.350,0.300,0.300,0.300,0.330,0.330,0.330,0.300,0.300,0.300,889,1
0.250,0.250,0.250,0.300,0.300,0.300,0.320,0.320,0.320,0.300,0.300,0.300,107,1
0.300,0.300,0.300,0.300,0.300,0.300,0.300,0.300,0.300,0.350,0.350,0.350,748,2
0.350,0.350,0.350,0.300,0.300,0.300,0.280,0.280,0.280,0.300,0.300,0.300,323,2
0.350,0.350,0.350,0.300,0.300,0.300,0.280,0.280,0.280,0.300,0.300,0.300,554,2
0.350,0.350,0.350,0.300,0.300,0.300,0.350,0.350,0.350,0.300,0.300,0.300,660,1
0.300,0.300,0.300,0.250,0.250,0.250,0.300,0.300,0.300,0.300,0.300,0.300,435,2
0.300,0.300,0.300,0.300,0.300,0.300,0.340,0.340,0.340,0.300,0.300,0.300,978,1
0.300,0.300,0.300,0.350,0.350,0.350,0.300,0.300,0.300,0.290,0.290,0.290,489,1
0.300,0.300,0.300,0.300,0.300,0.300,0.300,0.300,0.300,0.280,0.280,0.280,15,1
0.300,0.300,0.300,0.300,0.300,0.300,0.320,0.320,0.320,0.300,0.300,0.300,679,1
0.300,0.300,0.300,0.350,0.350,0.350,0.300,0.300,0.300,0.320,0.320,0.320,360,2
0.300,0.300,0.300,0.350,0.350,0.350,0.300,0.300,0.300,0.340,0.340,0.340,329,2
0.300,0.300,0.300,0.300,0.300,0.300,0.300,0.300,0.300,0.320,0.320,0.320,910,2
0.300,0.300,0.300,0.300,0.300,0.300,0.300,0.300,0.300,0.260,0.260,0.260,343,1
0.300,0.300,0.300,0.300,0.300,0.300,0.310,0.310,0.310,0.300,0.300,0.300,216,1
0.250,0.250,0.250,0.300,0.300,0.300,0.290,0.290,0.290,0.300,0.300,0.300,203,2
0.350,0.350,0.350,0.300,0.300,0.300,0.260,0.260,0.260,0.300,0.300,0.300,882,2
0.250,0.250,0.250,0.300,0.300,0.300,0.310,0.310,0.310,0.300,0.300,0.300,931,1
0.250,0.250,0.250,0.300,0.300,0.300,0.320,0.320,0.320,0.300,0.300,0.300,800,1
0.250,0.250,0.250,0.300,0.300,0.300,0.260,0.260,0.260,0.300,0.300,0.300,563,2
0.250,0.250,0.250,0.300,0.300,0.300,0.350,0.350,0.350,0.300,0.300,0.300,341,1
0.300,0.300,0.300,0.250,0.250,0.250,0.300,0.300,0.300,0.300,0.300,0.300,765,2
0.300,0.300,0.300,0.300,0.300,0.300,0.300,0.300,0.300,0.250,0.250,0.250,573,1
0.300,0.300,0.300,0.350,0.350,0.350,0.300,0.300,0.300,0.330,0.330,0.330,460,2
0.300,0.300,0.300,0.250,0.250,0.250,0.300,0.300,0.300,0.290,0.290,0.290,137,1
0.300,0.300,0.300,0.300,0.300,0.300,0.250,0.250,0.250,0.300,0.300,0.300,441,2
0.300,0.300,0.300,0.300,0.300,0.300,0.310,0.310,0.310,0.300,0.300,0.300,744,1
0.250,0.250,0.250,0.300,0.300,0.300,0.280,0.280,0.280,0.300,0.300,0.300,235,2
0.250,0.250,0.250,0.300,0.300,0.300,0.300,0.300,0.300,0.300,0.300,0.300,831,1
0.300,0.300,0.300,0.300,0.300,0.300,0.280,0.280,0.280,0.300,0.300,0.300,576,2
0.300,0.300,0.300,0.300,0.300,0.300,0.270,0.270,0.270,0.300,0.300,0.300,740,2
0.300,0.300,0.300,0.300,0.300,0.300,0.350,0.350,0.350,0.300,0.300,0.300,121,1
0.250,0.250,0.250,0.300,0.300,0.300,0.330,0.330,0.330,0.300,0.300,0.300,141,1
0.300,0.300,0.300,0.300,0.300,0.300,0.300,0.300,0.300,0.250,0.250,0.250,408,1
0.250,0.250,0.250,0.300,0.300,0.300,0.270,0.270,0.270,0.300,0.300,0.300,333,2
0.300,0.300,0.300,0.300,0.300,0.300,0.300,0.300,0.300,0.320,0.320,0.320,811,2
0.300,0.300,0.300,0.300,0.300,0.300,0.300,0.300,0.300,0.290,0.290,0.290,115,1
0.250,0.250,0.250,0.300,0.300,0.300,0.250,0.250,0.250,0.300,0.300,0.300,232,2
0.250,0.250,0.250,0.300,0.300,0.300,0.350,0.350,0.350,0.300,0.300,0.300,737,1
0.300,0.300,0.300,0.350,0.350,0.350,0.300,0.300,0.300,0.280,0.280,0.280,785,1
0.300,0.300,0.300,0.350,0.350,0.350,0.300,0.300,0.300,0.330,0.330,0.330,427,2
0.300,0.300,0.300,0.300,0.300,0.300,0.300,0.300,0.300,0.350,0.350,0.350,484,2
0.250,0.250,0.250,0.300,0.300,0.300,0.320,0.320,0.320,0.300,0.300,0.300,305,1
0.300,0.300,0.300,0.300,0.300,0.300,0.290,0.290,0.290,0.300,0.300,0.300,82,2
0.250,0.250,0.250,0.300,0.300,0.300,0.330,0.330,0.330,0.300,0.300,0.300,966,1
0.350,0.350,0.350,0.300,0.300,0.300,0.310,0.310,0.310,0.300,0.300,0.300,953,1
0.350,0.350,0.350,0.300,0.300,0.300,0.320,0.320,0.320,0.300,0.300,0.300,525,1
0.300,0.300,0.300,0.350,0.350,0.350,0.300,0.300,0.300,0.320,0.320,0.320,855,2
0.300,0.300,0.300,0.300,0.300,0.300,0.250,0.250,0.250,0.300,0.300,0.300,738,2
0.300,0.300,0.300,0.250,0.250,0.250,0.300,0.300,0.300,0.250,0.250,0.250,628,1
0.300,0.300,0.300,0.350,0.350,0.350,0.300,0.300,0.300,0.320,0.320,0.320,987,2
0.300,0.300,0.300,0.300,0.300,0.300,0.300,0.300,0.300,0.290,0.290,0.290,247,1
0.250,0.250,0.250,0.300,0.300,0.300,0.290,0.290,0.290,0.300,0.300,0.300,929,2
0.300,0.300,0.300,0.250,0.250,0.250,0.300,0.300,0.300,0.320,0.320,0.320,734,2
0.250,0.250,0.250,0.300,0.300,0.300,0.300,0.300,0.300,0.300,0.300,0.300,930,1
0.250,0.250,0.250,0.300,0.300,0.300,0.350,0.350,0.350,0.300,0.300,0.300,242,1
0.250,0.250,0.250,0.300,0.300,0.300,0.320,0.320,0.320,0.300,0.300,0.300,206,1
0.350,0.350,0.350,0.300,0.300,0.300,0.350,0.350,0.350,0.300,0.300,0.300,693,1
0.300,0.300,0.300,0.300,0.300,0.300,0.320,0.320,0.320,0.300,0.300,0.300,19,1
0.300,0.300,0.300,0.250,0.250,0.250,0.300,0.300,0.300,0.300,0.300,0.300,138,2
0.300,0.300,0.300,0.350,0.350,0.350,0.300,0.300,0.300,0.300,0.300,0.300,820,2
0.300,0.300,0.300,0.300,0.300,0.300,0.320,0.320,0.320,0.300,0.300,0.300,712,1
0.300,0.300,0.300,0.300,0.300,0.300,0.260,0.260,0.260,0.300,0.300,0.300,145,2
0.350,0.350,0.350,0.300,0.300,0.300,0.290,0.290,0.290,0.300,0.300,0.300,126,2
0.300,0.300,0.300,0.300,0.300,0.300,0.300,0.300,0.300,0.320,0.320,0.320,844,2
0.300,0.300,0.300,0.300,0.300,0.300,0.300,0.300,0.300,0.250,0.250,0.250,903,1
0.300,0.300,0.300,0.300,0.300,0.300,0.300,0.300,0.300,0.310,0.310,0.310,612,2
0.300,0.300,0.300,0.300,0.300,0.300,0.300,0.300,0.300,0.330,0.330,0.330,119,2
0.300,0.300,0.300,0.250,0.250,0.250,0.300,0.300,0.300,0.330,0.330,0.330,537,2
0.250,0.250,0.250,0.300,0.300,0.300,0.270,0.270,0.270,0.300,0.300,0.300,795,2
0.350,0.350,0.350,0.300,0.300,0.300,0.280,0.280,0.280,0.300,0.300,0.300,950,2
0.300,0.300,0.300,0.350,0.350,0.350,0.300,0.300,0.300,0.300,0.300,0.300,853,2
0.250,0.250,0.250,0.300,0.300,0.300,0.290,0.290,0.290,0.300,0.300,0.300,863,2
0.300,0.300,0.300,0.300,0.300,0.300,0.290,0.290,0.290,0.300,0.300,0.300,709,2
0.300,0.300,0.300,0.250,0.250,0.250,0.300,0.300,0.300,0.300,0.300,0.300,6,2
0.350,0.350,0.350,0.300,0.300,0.300,0.270,0.270,0.270,0.300,0.300,0.300,157,2
0.300,0.300,0.300,0.350,0.350,0.350,0.300,0.300,0.300,0.250,0.250,0.250,320,1
0.300,0.300,0.300,0.250,0.250,0.250,0.300,0.300,0.300,0.280,0.280,0.280,202,1
0.300,0.300,0.300,0.350,0.350,0.350,0.300,0.300,0.300,0.350,0.350,0.350,33,2
0.300,0.300,0.300,0.300,0.300,0.300,0.300,0.300,0.300,0.310,0.310,0.310,876,2
0.300,0.300,0.300,0.300,0.300,0.300,0.270,0.270,0.270,0.300,0.300,0.300,971,2
0.300,0.300,0.300,0.350,0.350,0.350,0.300,0.300,0.300,0.320,0.320,0.320,954,2
0.300,0.300,0.300,0.300,0.300,0.300,0.300,0.300,0.300,0.350,0.350,0.350,55,2
0.300,0.300,0.300,0.250,0.250,0.250,0.300,0.300,0.300,0.310,0.310,0.310,337,2
0.300,0.300,0.300,0.350,0.350,0.350,0.300,0.300,0.300,0.330,0.330,0.330,130,2
0.300,0.300,0.300,0.300,0.300,0.300,0.330,0.330,0.330,0.300,0.300,0.300,20,1
0.300,0.300,0.300,0.300,0.300,0.300,0.300,0.300,0.300,0.270,0.270,0.270,542,1
0.300,0.300,0.300,0.350,0.350,0.350,0.300,0.300,0.300,0.270,0.270,0.270,58,1
0.350,0.350,0.350,0.300,0.300,0.300,0.350,0.350,0.350,0.300,0.300,0.300,330,1
0.250,0.250,0.250,0.300,0.300,0.300,0.310,0.310,0.310,0.300,0.300,0.300,667,1
0.300,0.300,0.300,0.250,0.250,0.250,0.300,0.300,0.300,0.260,0.260,0.260,926,1
0.300,0.300,0.300,0.300,0.300,0.300,0.300,0.300,0.300,0.330,0.330,0.330,614,2
0.300,0.300,0.300,0.300,0.300,0.300,0.300,0.300,0.300,0.280,0.280,0.280,246,1
0.350,0.350,0.350,0.300,0.300,0.300,0.310,0.310,0.310,0.300,0.300,0.300,95,1
0.250,0.250,0.250,0.300,0.300,0.300,0.270,0.270,0.270,0.300,0.300,0.300,828,2
0.300,0.300,0.300,0.350,0.350,0.350,0.300,0.300,0.300,0.260,0.260,0.260,387,1
0.300,0.300,0.300,0.300,0.300,0.300,0.330,0.330,0.330,0.300,0.300,0.300,350,1
0.300,0.300,0.300,0.300,0.300,0.300,0.270,0.270,0.270,0.300,0.300,0.300,839,2
0.350,0.350,0.350,0.300,0.300,0.300,0.280,0.280,0.280,0.300,0.300,0.300,719,2
0.350,0.350,0.350,0.300,0.300,0.300,0.320,0.320,0.320,0.300,0.300,0.300,393,1
0.300,0.300,0.300,0.250,0.250,0.250,0.300,0.300,0.300,0.290,0.290,0.290,401,1
0.350,0.350,0.350,0.300,0.300,0.300,0.250,0.250,0.250,0.300,0.300,0.300,815,2
0.300,0.300,0.300,0.300,0.300,0.300,0.300,0.300,0.300,0.320,0.320,0.320,547,2
0.250,0.250,0.250,0.300,0.300,0.300,0.260,0.260,0.260,0.300,0.300,0.300,530,2
0.300,0.300,0.300,0.350,0.350,0.350,0.300,0.300,0.300,0.250,0.250,0.250,914,1
0.250,0.250,0.250,0.300,0.300,0.300,0.340,0.340,0.340,0.300,0.300,0.300,604,1
0.250,0.250,0.250,0.300,0.300,0.300,0.350,0.350,0.350,0.300,0.300,0.300,374,1
0.350,0.350,0.350,0.300,0.300,0.300,0.340,0.340,0.340,0.300,0.300,0.300,65,1
0.300,0.300,0.300,0.250,0.250,0.250,0.300,0.300,0.300,0.310,0.310,0.310,271,2
0.300,0.300,0.300,0.250,0.250,0.250,0.300,0.300,0.300,0.260,0.260,0.260,101,1
0.350,0.350,0.350,0.300,0.300,0.300,0.320,0.320,0.320,0.300,0.300,0.300,756,1
0.300,0.300,0.300,0.250,0.250,0.250,0.300,0.300,0.300,0.290,0.290,0.290,566,1
0.300,0.300,0.300,0.250,0.250,0.250,0.300,0.300,0.300,0.320,0.320,0.320,602,2
0.300,0.300,0.300,0.300,0.300,0.300,0.300,0.300,0.300,0.350,0.350,0.350,979,2
0.300,0.300,0.300,0.250,0.250,0.250,0.300,0.300,0.300,0.260,0.260,0.260,431,1
0.300,0.300,0.300,0.350,0.350,0.350,0.300,0.300,0.300,0.280,0.280,0.280,191,1
0.300,0.300,0.300,0.350,0.350,0.350,0.300,0.300,0.300,0.340,0.340,0.340,824,2
0.300,0.300,0.300,0.350,0.350,0.350,0.300,0.300,0.300,0.260,0.260,0.260,90,1
0.300,0.300,0.300,0.350,0.350,0.350,0.300,0.300,0.300,0.280,0.280,0.280,290,1
0.300,0.300,0.300,0.250,0.250,0.250,0.300,0.300,0.300,0.260,0.260,0.260,827,1
0.300,0.300,0.300,0.250,0.250,0.250,0.300,0.300,0.300,0.280,0.280,0.280,400,1
0.300,0.300,0.300,0.350,0.350,0.350,0.300,0.300,0.300,0.350,0.350,0.350,165,2
0.350,0.350,0.350,0.300,0.300,0.300,0.310,0.310,0.310,0.300,0.300,0.300,986,1
0.300,0.300,0.300,0.250,0.250,0.250,0.300,0.300,0.300,0.320,0.320,0.320,503,2
0.250,0.250,0.250,0.300,0.300,0.300,0.300,0.300,0.300,0.300,0.300,0.300,699,1
0.300,0.300,0.300,0.300,0.300,0.300,0.300,0.300,0.300,0.300,0.300,0.300,545,2
0.250,0.250,0.250,0.300,0.300,0.300,0.260,0.260,0.260,0.300,0.300,0.300,662,2
0.250,0.250,0.250,0.300,0.300,0.300,0.350,0.350,0.350,0.300,0.300,0.300,275,1
0.300,0.300,0.300,0.300,0.300,0.300,0.300,0.300,0.300,0.300,0.300,0.300,17,2
0.300,0.300,0.300,0.300,0.300,0.300,0.310,0.310,0.310,0.300,0.300,0.300,546,1
0.300,0.300,0.300,0.250,0.250,0.250,0.300,0.300,0.300,0.270,0.270,0.270,300,1
0.300,0.300,0.300,0.300,0.300,0.300,0.320,0.320,0.320,0.300,0.300,0.300,283,1
0.250,0.250,0.250,0.300,0.300,0.300,0.350,0.350,0.350,0.300,0.300,0.300,968,1
0.250,0.250,0.250,0.300,0.300,0.300,0.280,0.280,0.280,0.300,0.300,0.300,565,2
0.350,0.350,0.350,0.300,0.300,0.300,0.310,0.310,0.310,0.300,0.300,0.300,194,1
0.250,0.250,0.250,0.300,0.300,0.300,0.300,0.300,0.300,0.300,0.300,0.300,402,1
0.300,0.300,0.300,0.300,0.300,0.300,0.250,0.250,0.250,0.300,0.300,0.300,243,2
0.300,0.300,0.300,0.250,0.250,0.250,0.300,0.300,0.300,0.260,0.260,0.260,233,1
0.300,0.300,0.300,0.300,0.300,0.300,0.300,0.300,0.300,0.290,0.290,0.290,313,1
0.300,0.300,0.300,0.300,0.300,0.300,0.330,0.330,0.330,0.300,0.300,0.300,680,1
0.300,0.300,0.300,0.300,0.300,0.300,0.300,0.300,0.300,0.330,0.330,0.330,548,2
0.300,0.300,0.300,0.250,0.250,0.250,0.300,0.300,0.300,0.340,0.340,0.340,868,2
0.300,0.300,0.300,0.350,0.350,0.350,0.300,0.300,0.300,0.300,0.300,0.300,160,2
0.250,0.250,0.250,0.300,0.300,0.300,0.250,0.250,0.250,0.300,0.300,0.300,430,2
0.250,0.250,0.250,0.300,0.300,0.300,0.320,0.320,0.320,0.300,0.300,0.300,932,1
0.300,0.300,0.300,0.350,0.350,0.350,0.300,0.300,0.300,0.350,0.350,0.350,297,2
0.300,0.300,0.300,0.250,0.250,0.250,0.300,0.300,0.300,0.280,0.280,0.280,466,1
0.350,0.350,0.350,0.300,0.300,0.300,0.270,0.270,0.270,0.300,0.300,0.300,982,2
0.300,0.300,0.300,0.350,0.350,0.350,0.300,0.300,0.300,0.250,0.250,0.250,23,1
0.300,0.300,0.300,0.300,0.300,0.300,0.330,0.330,0.330,0.300,0.300,0.300,416,1
0.300,0.300,0.300,0.350,0.350,0.350,0.300,0.300,0.300,0.350,0.350,0.350,198,2
0.300,0.300,0.300,0.350,0.350,0.350,0.300,0.300,0.300,0.350,0.350,0.350,792,2
0.250,0.250,0.250,0.300,0.300,0.300,0.290,0.290,0.290,0.300,0.300,0.300,170,2
0.300,0.300,0.300,0.350,0.350,0.350,0.300,0.300,0.300,0.320,0.320,0.320,657,2
0.300,0.300,0.300,0.300,0.300,0.300,0.300,0.300,0.300,0.280,0.280,0.280,81,1
0.300,0.300,0.300,0.250,0.250,0.250,0.300,0.300,0.300,0.250,0.250,0.250,34,1
0.250,0.250,0.250,0.300,0.300,0.300,0.250,0.250,0.250,0.300,0.300,0.300,133,2
0.300,0.300,0.300,0.350,0.350,0.350,0.300,0.300,0.300,0.340,0.340,0.340,758,2
0.300,0.300,0.300,0.300,0.300,0.300,0.300,0.300,0.300,0.340,0.340,0.340,285,2
0.300,0.300,0.300,0.300,0.300,0.300,0.300,0.300,0.300,0.280,0.280,0.280,741,1
0.300,0.300,0.300,0.250,0.250,0.250,0.300,0.300,0.300,0.350,0.350,0.350,143,2
0.300,0.300,0.300,0.300,0.300,0.300,0.300,0.300,0.300,0.260,0.260,0.260,871,1
0.300,0.300,0.300,0.250,0.250,0.250,0.300,0.300,0.300,0.310,0.310,0.310,865,2
0.300,0.300,0.300,0.250,0.250,0.250,0.300,0.300,0.300,0.270,0.270,0.270,861,1
0.300,0.300,0.300,0.350,0.350,0.350,0.300,0.300,0.300,0.330,0.330,0.330,64,2
0.300,0.300,0.300,0.350,0.350,0.350,0.300,0.300,0.300,0.250,0.250,0.250,386,1
0.300,0.300,0.300,0.250,0.250,0.250,0.300,0.300,0.300,0.260,0.260,0.260,761,1
0.250,0.250,0.250,0.300,0.300,0.300,0.270,0.270,0.270,0.300,0.300,0.300,234,2
0.350,0.350,0.350,0.300,0.300,0.300,0.340,0.340,0.340,0.300,0.300,0.300,131,1
0.300,0.300,0.300,0.250,0.250,0.250,0.300,0.300,0.300,0.290,0.290,0.290,104,1
0.300,0.300,0.300,0.350,0.350,0.350,0.300,0.300,0.300,0.250,0.250,0.250,452,1
0.300,0.300,0.300,0.300,0.300,0.300,0.300,0.300,0.300,0.330,0.330,0.330,746,2
0.300,0.300,0.300,0.250,0.250,0.250,0.300,0.300,0.300,0.260,0.260,0.260,629,1
0.300,0.300,0.300,0.300,0.300,0.300,0.300,0.300,0.300,0.300,0.300,0.300,50,2
0.350,0.350,0.350,0.300,0.300,0.300,0.270,0.270,0.270,0.300,0.300,0.300,25,2
0.250,0.250,0.250,0.300,0.300,0.300,0.340,0.340,0.340,0.300,0.300,0.300,505,1
0.300,0.300,0.300,0.250,0.250,0.250,0.300,0.300,0.300,0.270,0.270,0.270,3,1
