0.700,0.700,0.700,0.750,0.750,0.750,0.700,0.700,0.700,0.690,0.690,0.690,621,1
0.650,0.650,0.650,0.700,0.700,0.700,0.720,0.720,0.720,0.700,0.700,0.700,569,1
0.650,0.650,0.650,0.700,0.700,0.700,0.680,0.680,0.680,0.700,0.700,0.700,235,2
0.750,0.750,0.750,0.700,0.700,0.700,0.660,0.660,0.660,0.700,0.700,0.700,123,2
0.650,0.650,0.650,0.700,0.700,0.700,0.740,0.740,0.740,0.700,0.700,0.700,340,1
0.750,0.750,0.750,0.700,0.700,0.700,0.730,0.730,0.730,0.700,0.700,0.700,361,1
0.700,0.700,0.700,0.650,0.650,0.650,0.700,0.700,0.700,0.710,0.710,0.710,535,2
0.700,0.700,0.700,0.750,0.750,0.750,0.700,0.700,0.700,0.690,0.690,0.690,357,1
0.700,0.700,0.700,0.700,0.700,0.700,0.700,0.700,0.700,0.690,0.690,0.690,49,1
0.700,0.700,0.700,0.700,0.700,0.700,0.750,0.750,0.750,0.700,0.700,0.700,121,1
0.650,0.650,0.650,0.700,0.700,0.700,0.680,0.680,0.680,0.700,0.700,0.700,895,2
0.700,0.700,0.700,0.700,0.700,0.700,0.750,0.750,0.750,0.700,0.700,0.700,187,1
0.750,0.750,0.750,0.700,0.700,0.700,0.740,0.740,0.740,0.700,0.700,0.700,593,1
0.700,0.700,0.700,0.700,0.700,0.700,0.700,0.700,0.700,0.710,0.710,0.710,843,2
0.700,0.700,0.700,0.650,0.650,0.650,0.700,0.700,0.700,0.740,0.740,0.740,10,2
0.750,0.750,0.750,0.700,0.700,0.700,0.720,0.720,0.720,0.700,0.700,0.700,261,1
0.700,0.700,0.700,0.700,0.700,0.700,0.700,0.700,0.700,0.690,0.690,0.690,82,1
0.700,0.700,0.700,0.750,0.750,0.750,0.700,0.700,0.700,0.670,0.670,0.670,487,1
0.700,0.700,0.700,0.700,0.700,0.700,0.700,0.700,0.700,0.710,0.710,0.710,810,2
0.700,0.700,0.700,0.750,0.750,0.750,0.700,0.700,0.700,0.670,0.670,0.670,355,1
0.700,0.700,0.700,0.700,0.700,0.700,0.700,0.700,0.700,0.670,0.670,0.670,344,1
0.700,0.700,0.700,0.650,0.650,0.650,0.700,0.700,0.700,0.660,0.660,0.660,398,1
0.650,0.650,0.650,0.700,0.700,0.700,0.720,0.720,0.720,0.700,0.700,0.700,668,1
0.700,0.700,0.700,0.700,0.700,0.700,0.700,0.700,0.700,0.670,0.670,0.670,839,1
0.700,0.700,0.700,0.700,0.700,0.700,0.700,0.700,0.700,0.660,0.660,0.660,640,1
0.700,0.700,0.700,0.700,0.700,0.700,0.700,0.700,0.700,0.730,0.730,0.730,977,2
0.700,0.700,0.700,0.700,0.700,0.700,0.750,0.750,0.750,0.700,0.700,0.700,484,1
0.700,0.700,0.700,0.750,0.750,0.750,0.700,0.700,0.700,0.650,0.650,0.650,56,1
0.650,0.650,0.650,0.700,0.700,0.700,0.700,0.700,0.700,0.700,0.700,0.700,501,1
0.700,0.700,0.700,0.650,0.650,0.650,0.700,0.700,0.700,0.660,0.660,0.660,68,1
0.650,0.650,0.650,0.700,0.700,0.700,0.730,0.730,0.730,0.700,0.700,0.700,636,1
0.750,0.750,0.750,0.700,0.700,0.700,0.710,0.710,0.710,0.700,0.700,0.700,689,1
0.700,0.700,0.700,0.700,0.700,0.700,0.650,0.650,0.650,0.700,0.700,0.700,177,2
0.700,0.700,0.700,0.750,0.750,0.750,0.700,0.700,0.700,0.660,0.660,0.660,24,1
0.700,0.700,0.700,0.700,0.700,0.700,0.700,0.700,0.700,0.680,0.680,0.680,477,1
0.650,0.650,0.650,0.700,0.700,0.700,0.720,0.720,0.720,0.700,0.700,0.700,866,1
0.650,0.650,0.650,0.700,0.700,0.700,0.700,0.700,0.700,0.700,0.700,0.700,963,1
0.700,0.700,0.700,0.700,0.700,0.700,0.740,0.740,0.740,0.700,0.700,0.700,813,1
0.750,0.750,0.750,0.700,0.700,0.700,0.750,0.750,0.750,0.700,0.700,0.700,462,1
0.700,0.700,0.700,0.650,0.650,0.650,0.700,0.700,0.700,0.690,0.690,0.690,599,1
0.700,0.700,0.700,0.700,0.700,0.700,0.700,0.700,0.700,0.660,0.660,0.660,46,1
0.700,0.700,0.700,0.650,0.650,0.650,0.700,0.700,0.700,0.720,0.720,0.720,965,2
0.700,0.700,0.700,0.700,0.700,0.700,0.700,0.700,0.700,0.660,0.660,0.660,805,1
0.750,0.750,0.750,0.700,0.700,0.700,0.670,0.670,0.670,0.700,0.700,0.700,157,2
0.700,0.700,0.700,0.650,0.650,0.650,0.700,0.700,0.700,0.710,0.710,0.710,700,2
0.700,0.700,0.700,0.750,0.750,0.750,0.700,0.700,0.700,0.690,0.690,0.690,654,1
0.700,0.700,0.700,0.700,0.700,0.700,0.700,0.700,0.700,0.660,0.660,0.660,13,1
0.700,0.700,0.700,0.700,0.700,0.700,0.700,0.700,0.700,0.670,0.670,0.670,443,1
0.700,0.700,0.700,0.650,0.650,0.650,0.700,0.700,0.700,0.700,0.700,0.700,171,2
0.700,0.700,0.700,0.750,0.750,0.750,0.700,0.700,0.700,0.660,0.660,0.660,585,1
0.700,0.700,0.700,0.700,0.700,0.700,0.700,0.700,0.700,0.680,0.680,0.680,48,1
0.700,0.700,0.700,0.700,0.700,0.700,0.720,0.720,0.720,0.700,0.700,0.700,316,1
0.750,0.750,0.750,0.700,0.700,0.700,0.730,0.730,0.730,0.700,0.700,0.700,955,1
0.750,0.750,0.750,0.700,0.700,0.700,0.670,0.670,0.670,0.700,0.700,0.700,817,2
0.700,0.700,0.700,0.700,0.700,0.700,0.700,0.700,0.700,0.730,0.730,0.730,152,2
0.750,0.750,0.750,0.700,0.700,0.700,0.700,0.700,0.700,0.700,0.700,0.700,919,1
0.700,0.700,0.700,0.700,0.700,0.700,0.680,0.680,0.680,0.700,0.700,0.700,114,2
0.750,0.750,0.750,0.700,0.700,0.700,0.720,0.720,0.720,0.700,0.700,0.700,96,1
0.700,0.700,0.700,0.700,0.700,0.700,0.700,0.700,0.700,0.690,0.690,0.690,907,1
0.750,0.750,0.750,0.700,0.700,0.700,0.660,0.660,0.660,0.700,0.700,0.700,981,2
0.650,0.650,0.650,0.700,0.700,0.700,0.750,0.750,0.750,0.700,0.700,0.700,143,1
0.700,0.700,0.700,0.700,0.700,0.700,0.710,0.710,0.710,0.700,0.700,0.700,744,1
0.650,0.650,0.650,0.700,0.700,0.700,0.700,0.700,0.700,0.700,0.700,0.700,138,1
0.750,0.750,0.750,0.700,0.700,0.700,0.690,0.690,0.690,0.700,0.700,0.700,984,2
0.650,0.650,0.650,0.700,0.700,0.700,0.720,0.720,0.720,0.700,0.700,0.700,800,1
0.700,0.700,0.700,0.700,0.700,0.700,0.730,0.730,0.730,0.700,0.700,0.700,53,1
0.650,0.650,0.650,0.700,0.700,0.700,0.660,0.660,0.660,0.700,0.700,0.700,761,2
0.700,0.700,0.700,0.650,0.650,0.650,0.700,0.700,0.700,0.710,0.710,0.710,403,2
0.650,0.650,0.650,0.700,0.700,0.700,0.730,0.730,0.730,0.700,0.700,0.700,702,1
0.700,0.700,0.700,0.650,0.650,0.650,0.700,0.700,0.700,0.660,0.660,0.660,662,1
0.650,0.650,0.650,0.700,0.700,0.700,0.730,0.730,0.730,0.700,0.700,0.700,339,1
0.750,0.750,0.750,0.700,0.700,0.700,0.700,0.700,0.700,0.700,0.700,0.700,721,1
0.750,0.750,0.750,0.700,0.700,0.700,0.710,0.710,0.710,0.700,0.700,0.700,359,1
0.650,0.650,0.650,0.700,0.700,0.700,0.700,0.700,0.700,0.700,0.700,0.700,468,1
0.650,0.650,0.650,0.700,0.700,0.700,0.710,0.710,0.710,0.700,0.700,0.700,172,1
0.700,0.700,0.700,0.700,0.700,0.700,0.660,0.660,0.660,0.700,0.700,0.700,244,2
0.700,0.700,0.700,0.650,0.650,0.650,0.700,0.700,0.700,0.750,0.750,0.750,506,2
0.700,0.700,0.700,0.750,0.750,0.750,0.700,0.700,0.700,0.730,0.730,0.730,328,2
0.700,0.700,0.700,0.700,0.700,0.700,0.700,0.700,0.700,0.740,0.740,0.740,252,2
0.700,0.700,0.700,0.700,0.700,0.700,0.680,0.680,0.680,0.700,0.700,0.700,279,2
0.700,0.700,0.700,0.700,0.700,0.700,0.720,0.720,0.720,0.700,0.700,0.700,514,1
0.750,0.750,0.750,0.700,0.700,0.700,0.710,0.710,0.710,0.700,0.700,0.700,95,1
0.700,0.700,0.700,0.700,0.700,0.700,0.700,0.700,0.700,0.740,0.740,0.740,780,2
0.700,0.700,0.700,0.650,0.650,0.650,0.700,0.700,0.700,0.720,0.720,0.720,8,2
0.700,0.700,0.700,0.750,0.750,0.750,0.700,0.700,0.700,0.700,0.700,0.700,424,2
0.700,0.700,0.700,0.700,0.700,0.700,0.750,0.750,0.750,0.700,0.700,0.700,385,1
0.700,0.700,0.700,0.650,0.650,0.650,0.700,0.700,0.700,0.720,0.720,0.720,932,2
0.700,0.700,0.700,0.700,0.700,0.700,0.680,0.680,0.680,0.700,0.700,0.700,807,2
0.650,0.650,0.650,0.700,0.700,0.700,0.750,0.750,0.750,0.700,0.700,0.700,407,1
0.700,0.700,0.700,0.700,0.700,0.700,0.700,0.700,0.700,0.680,0.680,0.680,444,1
0.750,0.750,0.750,0.700,0.700,0.700,0.670,0.670,0.670,0.700,0.700,0.700,388,2
0.750,0.750,0.750,0.700,0.700,0.700,0.670,0.670,0.670,0.700,0.700,0.700,256,2
0.700,0.700,0.700,0.700,0.700,0.700,0.670,0.670,0.670,0.700,0.700,0.700,410,2
0.700,0.700,0.700,0.650,0.650,0.650,0.700,0.700,0.700,0.750,0.750,0.750,968,2
0.650,0.650,0.650,0.700,0.700,0.700,0.700,0.700,0.700,0.700,0.700,0.700,633,1
0.700,0.700,0.700,0.700,0.700,0.700,0.700,0.700,0.700,0.710,0.710,0.710,447,2
0.650,0.650,0.650,0.700,0.700,0.700,0.740,0.740,0.740,0.700,0.700,0.700,142,1
0.700,0.700,0.700,0.700,0.700,0.700,0.650,0.650,0.650,0.700,0.700,0.700,936,2
0.700,0.700,0.700,0.700,0.700,0.700,0.660,0.660,0.660,0.700,0.700,0.700,970,2
0.750,0.750,0.750,0.700,0.700,0.700,0.740,0.740,0.740,0.700,0.700,0.700,230,1
0.700,0.700,0.700,0.700,0.700,0.700,0.670,0.670,0.670,0.700,0.700,0.700,905,2
0.700,0.700,0.700,0.750,0.750,0.750,0.700,0.700,0.700,0.670,0.670,0.670,421,1
0.700,0.700,0.700,0.700,0.700,0.700,0.700,0.700,0.700,0.670,0.670,0.670,608,1
0.700,0.700,0.700,0.650,0.650,0.650,0.700,0.700,0.700,0.730,0.730,0.730,438,2
0.700,0.700,0.700,0.700,0.700,0.700,0.720,0.720,0.720,0.700,0.700,0.700,811,1
0.700,0.700,0.700,0.700,0.700,0.700,0.690,0.690,0.690,0.700,0.700,0.700,709,2
0.700,0.700,0.700,0.650,0.650,0.650,0.700,0.700,0.700,0.710,0.710,0.710,271,2
0.650,0.650,0.650,0.700,0.700,0.700,0.650,0.650,0.650,0.700,0.700,0.700,265,2
0.650,0.650,0.650,0.700,0.700,0.700,0.690,0.690,0.690,0.700,0.700,0.700,137,2
0.700,0.700,0.700,0.750,0.750,0.750,0.700,0.700,0.700,0.660,0.660,0.660,519,1
0.750,0.750,0.750,0.700,0.700,0.700,0.650,0.650,0.650,0.700,0.700,0.700,452,2
0.650,0.650,0.650,0.700,0.700,0.700,0.650,0.650,0.650,0.700,0.700,0.700,925,2
0.750,0.750,0.750,0.700,0.700,0.700,0.710,0.710,0.710,0.700,0.700,0.700,920,1
0.700,0.700,0.700,0.700,0.700,0.700,0.700,0.700,0.700,0.740,0.740,0.740,978,2
0.700,0.700,0.700,0.650,0.650,0.650,0.700,0.700,0.700,0.730,0.730,0.730,207,2
0.650,0.650,0.650,0.700,0.700,0.700,0.710,0.710,0.710,0.700,0.700,0.700,601,1
0.700,0.700,0.700,0.700,0.700,0.700,0.700,0.700,0.700,0.750,0.750,0.750,814,2
0.700,0.700,0.700,0.700,0.700,0.700,0.700,0.700,0.700,0.700,0.700,0.700,512,1
0.650,0.650,0.650,0.700,0.700,0.700,0.700,0.700,0.700,0.700,0.700,0.700,699,1
0.750,0.750,0.750,0.700,0.700,0.700,0.750,0.750,0.750,0.700,0.700,0.700,99,1
0.700,0.700,0.700,0.750,0.750,0.750,0.700,0.700,0.700,0.680,0.680,0.680,653,1
0.700,0.700,0.700,0.750,0.750,0.750,0.700,0.700,0.700,0.720,0.720,0.720,987,2
0.750,0.750,0.750,0.700,0.700,0.700,0.670,0.670,0.670,0.700,0.700,0.700,586,2
0.700,0.700,0.700,0.700,0.700,0.700,0.700,0.700,0.700,0.690,0.690,0.690,940,1
0.700,0.700,0.700,0.750,0.750,0.750,0.700,0.700,0.700,0.730,0.730,0.730,427,2
0.750,0.750,0.750,0.700,0.700,0.700,0.720,0.720,0.720,0.700,0.700,0.700,921,1
0.700,0.700,0.700,0.750,0.750,0.750,0.700,0.700,0.700,0.690,0.690,0.690,423,1
0.650,0.650,0.650,0.700,0.700,0.700,0.690,0.690,0.690,0.700,0.700,0.700,203,2
0.700,0.700,0.700,0.650,0.650,0.650,0.700,0.700,0.700,0.660,0.660,0.660,926,1
0.700,0.700,0.700,0.700,0.700,0.700,0.700,0.700,0.700,0.700,0.700,0.700,413,1
0.700,0.700,0.700,0.700,0.700,0.700,0.700,0.700,0.700,0.710,0.710,0.710,150,2
0.700,0.700,0.700,0.650,0.650,0.650,0.700,0.700,0.700,0.650,0.650,0.650,661,1
0.750,0.750,0.750,0.700,0.700,0.700,0.650,0.650,0.650,0.700,0.700,0.700,815,2
0.700,0.700,0.700,0.750,0.750,0.750,0.700,0.700,0.700,0.670,0.670,0.670,718,1
0.700,0.700,0.700,0.650,0.650,0.650,0.700,0.700,0.700,0.690,0.690,0.690,797,1
0.700,0.700,0.700,0.650,0.650,0.650,0.700,0.700,0.700,0.670,0.670,0.670,927,1
0.650,0.650,0.650,0.700,0.700,0.700,0.720,0.720,0.720,0.700,0.700,0.700,305,1
0.700,0.700,0.700,0.700,0.700,0.700,0.700,0.700,0.700,0.740,0.740,0.740,54,2
0.700,0.700,0.700,0.750,0.750,0.750,0.700,0.700,0.700,0.660,0.660,0.660,387,1
0.700,0.700,0.700,0.700,0.700,0.700,0.700,0.700,0.700,0.700,0.700,0.700,842,2
0.700,0.700,0.700,0.700,0.700,0.700,0.650,0.650,0.650,0.700,0.700,0.700,771,2
0.700,0.700,0.700,0.750,0.750,0.750,0.700,0.700,0.700,0.750,0.750,0.750,198,2
0.700,0.700,0.700,0.700,0.700,0.700,0.700,0.700,0.700,0.700,0.700,0.700,182,1
0.700,0.700,0.700,0.700,0.700,0.700,0.650,0.650,0.650,0.700,0.700,0.700,210,2
0.700,0.700,0.700,0.650,0.650,0.650,0.700,0.700,0.700,0.720,0.720,0.720,701,2
0.650,0.650,0.650,0.700,0.700,0.700,0.720,0.720,0.720,0.700,0.700,0.700,140,1
0.750,0.750,0.750,0.700,0.700,0.700,0.650,0.650,0.650,0.700,0.700,0.700,485,2
0.700,0.700,0.700,0.650,0.650,0.650,0.700,0.700,0.700,0.710,0.710,0.710,337,2
0.700,0.700,0.700,0.700,0.700,0.700,0.700,0.700,0.700,0.750,0.750,0.750,748,2
0.700,0.700,0.700,0.750,0.750,0.750,0.700,0.700,0.700,0.730,0.730,0.730,724,2
0.650,0.650,0.650,0.700,0.700,0.700,0.650,0.650,0.650,0.700,0.700,0.700,595,2
0.650,0.650,0.650,0.700,0.700,0.700,0.740,0.740,0.740,0.700,0.700,0.700,934,1
0.700,0.700,0.700,0.650,0.650,0.650,0.700,0.700,0.700,0.650,0.650,0.650,859,1
0.700,0.700,0.700,0.700,0.700,0.700,0.700,0.700,0.700,0.680,0.680,0.680,345,1
0.700,0.700,0.700,0.700,0.700,0.700,0.700,0.700,0.700,0.720,0.720,0.720,52,2
0.700,0.700,0.700,0.700,0.700,0.700,0.700,0.700,0.700,0.700,0.700,0.700,50,1
0.750,0.750,0.750,0.700,0.700,0.700,0.700,0.700,0.700,0.700,0.700,0.700,655,1
0.700,0.700,0.700,0.700,0.700,0.700,0.700,0.700,0.700,0.730,0.730,0.730,86,2
0.700,0.700,0.700,0.750,0.750,0.750,0.700,0.700,0.700,0.650,0.650,0.650,848,1
0.700,0.700,0.700,0.700,0.700,0.700,0.730,0.730,0.730,0.700,0.700,0.700,581,1
0.700,0.700,0.700,0.700,0.700,0.700,0.680,0.680,0.680,0.700,0.700,0.700,81,2
0.750,0.750,0.750,0.700,0.700,0.700,0.670,0.670,0.670,0.700,0.700,0.700,685,2
0.700,0.700,0.700,0.650,0.650,0.650,0.700,0.700,0.700,0.680,0.680,0.680,400,1
0.700,0.700,0.700,0.700,0.700,0.700,0.680,0.680,0.680,0.700,0.700,0.700,642,2
0.750,0.750,0.750,0.700,0.700,0.700,0.680,0.680,0.680,0.700,0.700,0.700,26,2
0.700,0.700,0.700,0.650,0.650,0.650,0.700,0.700,0.700,0.730,0.730,0.730,108,2
0.750,0.750,0.750,0.700,0.700,0.700,0.710,0.710,0.710,0.700,0.700,0.700,986,1
0.700,0.700,0.700,0.700,0.700,0.700,0.740,0.740,0.740,0.700,0.700,0.700,153,1
0.700,0.700,0.700,0.700,0.700,0.700,0.700,0.700,0.700,0.650,0.650,0.650,705,1
0.700,0.700,0.700,0.700,0.700,0.700,0.670,0.670,0.670,0.700,0.700,0.700,707,2
0.650,0.650,0.650,0.700,0.700,0.700,0.730,0.730,0.730,0.700,0.700,0.700,966,1
0.700,0.700,0.700,0.700,0.700,0.700,0.700,0.700,0.700,0.740,0.740,0.740,186,2
0.700,0.700,0.700,0.700,0.700,0.700,0.670,0.670,0.670,0.700,0.700,0.700,179,2
0.700,0.700,0.700,0.750,0.750,0.750,0.700,0.700,0.700,0.730,0.730,0.730,625,2
0.700,0.700,0.700,0.650,0.650,0.650,0.700,0.700,0.700,0.730,0.730,0.730,933,2
0.700,0.700,0.700,0.650,0.650,0.650,0.700,0.700,0.700,0.730,0.730,0.730,735,2
0.700,0.700,0.700,0.700,0.700,0.700,0.700,0.700,0.700,0.740,0.740,0.740,648,2
0.700,0.700,0.700,0.700,0.700,0.700,0.710,0.710,0.710,0.700,0.700,0.700,975,1
0.700,0.700,0.700,0.650,0.650,0.650,0.700,0.700,0.700,0.650,0.650,0.650,67,1
0.700,0.700,0.700,0.700,0.700,0.700,0.700,0.700,0.700,0.750,0.750,0.750,352,2
0.700,0.700,0.700,0.650,0.650,0.650,0.700,0.700,0.700,0.750,0.750,0.750,473,2
0.700,0.700,0.700,0.700,0.700,0.700,0.700,0.700,0.700,0.650,0.650,0.650,342,1
0.700,0.700,0.700,0.700,0.700,0.700,0.700,0.700,0.700,0.750,0.750,0.750,781,2
0.650,0.650,0.650,0.700,0.700,0.700,0.660,0.660,0.660,0.700,0.700,0.700,431,2
0.700,0.700,0.700,0.750,0.750,0.750,0.700,0.700,0.700,0.720,0.720,0.720,459,2
0.700,0.700,0.700,0.650,0.650,0.650,0.700,0.700,0.700,0.710,0.710,0.710,7,2
0.700,0.700,0.700,0.700,0.700,0.700,0.700,0.700,0.700,0.660,0.660,0.660,937,1
0.750,0.750,0.750,0.700,0.700,0.700,0.700,0.700,0.700,0.700,0.700,0.700,886,1
0.700,0.700,0.700,0.650,0.650,0.650,0.700,0.700,0.700,0.740,0.740,0.740,901,2
0.700,0.700,0.700,0.700,0.700,0.700,0.750,0.750,0.750,0.700,0.700,0.700,913,1
0.700,0.700,0.700,0.650,0.650,0.650,0.700,0.700,0.700,0.710,0.710,0.710,139,2
0.700,0.700,0.700,0.700,0.700,0.700,0.730,0.730,0.730,0.700,0.700,0.700,845,1
0.700,0.700,0.700,0.750,0.750,0.750,0.700,0.700,0.700,0.690,0.690,0.690,192,1
0.700,0.700,0.700,0.750,0.750,0.750,0.700,0.700,0.700,0.730,0.730,0.730,658,2
0.700,0.700,0.700,0.650,0.650,0.650,0.700,0.700,0.700,0.740,0.740,0.740,967,2
0.700,0.700,0.700,0.700,0.700,0.700,0.660,0.660,0.660,0.700,0.700,0.700,739,2
0.700,0.700,0.700,0.700,0.700,0.700,0.690,0.690,0.690,0.700,0.700,0.700,148,2
0.700,0.700,0.700,0.700,0.700,0.700,0.700,0.700,0.700,0.720,0.720,0.720,217,2
0.700,0.700,0.700,0.700,0.700,0.700,0.670,0.670,0.670,0.700,0.700,0.700,938,2
0.700,0.700,0.700,0.700,0.700,0.700,0.670,0.670,0.670,0.700,0.700,0.700,80,2
0.700,0.700,0.700,0.700,0.700,0.700,0.750,0.750,0.750,0.700,0.700,0.700,22,1
0.700,0.700,0.700,0.750,0.750,0.750,0.700,0.700,0.700,0.700,0.700,0.700,754,2
0.750,0.750,0.750,0.700,0.700,0.700,0.670,0.670,0.670,0.700,0.700,0.700,124,2
0.750,0.750,0.750,0.700,0.700,0.700,0.720,0.720,0.720,0.700,0.700,0.700,954,1
0.700,0.700,0.700,0.750,0.750,0.750,0.700,0.700,0.700,0.700,0.700,0.700,160,2
0.700,0.700,0.700,0.700,0.700,0.700,0.700,0.700,0.700,0.710,0.710,0.710,645,2
0.700,0.700,0.700,0.700,0.700,0.700,0.700,0.700,0.700,0.670,0.670,0.670,542,1
0.700,0.700,0.700,0.650,0.650,0.650,0.700,0.700,0.700,0.670,0.670,0.670,234,1
0.700,0.700,0.700,0.750,0.750,0.750,0.700,0.700,0.700,0.650,0.650,0.650,320,1
0.700,0.700,0.700,0.700,0.700,0.700,0.710,0.710,0.710,0.700,0.700,0.700,876,1
0.700,0.700,0.700,0.750,0.750,0.750,0.700,0.700,0.700,0.740,0.740,0.740,131,2
0.750,0.750,0.750,0.700,0.700,0.700,0.660,0.660,0.660,0.700,0.700,0.700,717,2
0.700,0.700,0.700,0.650,0.650,0.650,0.700,0.700,0.700,0.700,0.700,0.700,666,2
0.700,0.700,0.700,0.650,0.650,0.650,0.700,0.700,0.700,0.650,0.650,0.650,958,1
0.750,0.750,0.750,0.700,0.700,0.700,0.720,0.720,0.720,0.700,0.700,0.700,690,1
0.700,0.700,0.700,0.650,0.650,0.650,0.700,0.700,0.700,0.710,0.710,0.710,502,2
0.700,0.700,0.700,0.700,0.700,0.700,0.740,0.740,0.740,0.700,0.700,0.700,714,1
0.750,0.750,0.750,0.700,0.700,0.700,0.700,0.700,0.700,0.700,0.700,0.700,226,1
0.650,0.650,0.650,0.700,0.700,0.700,0.750,0.750,0.750,0.700,0.700,0.700,770,1
0.750,0.750,0.750,0.700,0.700,0.700,0.730,0.730,0.730,0.700,0.700,0.700,526,1
0.700,0.700,0.700,0.700,0.700,0.700,0.690,0.690,0.690,0.700,0.700,0.700,841,2
0.750,0.750,0.750,0.700,0.700,0.700,0.740,0.740,0.740,0.700,0.700,0.700,395,1
0.700,0.700,0.700,0.750,0.750,0.750,0.700,0.700,0.700,0.690,0.690,0.690,819,1
0.750,0.750,0.750,0.700,0.700,0.700,0.650,0.650,0.650,0.700,0.700,0.700,551,2
0.700,0.700,0.700,0.700,0.700,0.700,0.690,0.690,0.690,0.700,0.700,0.700,643,2
0.700,0.700,0.700,0.750,0.750,0.750,0.700,0.700,0.700,0.750,0.750,0.750,561,2
0.650,0.650,0.650,0.700,0.700,0.700,0.660,0.660,0.660,0.700,0.700,0.700,101,2
0.700,0.700,0.700,0.700,0.700,0.700,0.730,0.730,0.730,0.700,0.700,0.700,218,1
0.650,0.650,0.650,0.700,0.700,0.700,0.680,0.680,0.680,0.700,0.700,0.700,598,2
0.650,0.650,0.650,0.700,0.700,0.700,0.740,0.740,0.740,0.700,0.700,0.700,208,1
0.650,0.650,0.650,0.700,0.700,0.700,0.740,0.740,0.740,0.700,0.700,0.700,76,1
0.700,0.700,0.700,0.650,0.650,0.650,0.700,0.700,0.700,0.650,0.650,0.650,727,1
0.650,0.650,0.650,0.700,0.700,0.700,0.700,0.700,0.700,0.700,0.700,0.700,303,1
0.650,0.650,0.650,0.700,0.700,0.700,0.690,0.690,0.690,0.700,0.700,0.700,896,2
0.700,0.700,0.700,0.700,0.700,0.700,0.700,0.700,0.700,0.650,0.650,0.650,276,1
0.700,0.700,0.700,0.700,0.700,0.700,0.700,0.700,0.700,0.710,0.710,0.710,84,2
0.650,0.650,0.650,0.700,0.700,0.700,0.720,0.720,0.720,0.700,0.700,0.700,899,1
0.650,0.650,0.650,0.700,0.700,0.700,0.680,0.680,0.680,0.700,0.700,0.700,37,2
0.700,0.700,0.700,0.700,0.700,0.700,0.700,0.700,0.700,0.700,0.700,0.700,941,2
0.700,0.700,0.700,0.700,0.700,0.700,0.730,0.730,0.730,0.700,0.700,0.700,482,1
0.750,0.750,0.750,0.700,0.700,0.700,0.730,0.730,0.730,0.700,0.700,0.700,922,1
0.750,0.750,0.750,0.700,0.700,0.700,0.670,0.670,0.670,0.700,0.700,0.700,784,2
0.700,0.700,0.700,0.750,0.750,0.750,0.700,0.700,0.700,0.740,0.740,0.740,923,2
0.700,0.700,0.700,0.750,0.750,0.750,0.700,0.700,0.700,0.660,0.660,0.660,783,1
0.700,0.700,0.700,0.650,0.650,0.650,0.700,0.700,0.700,0.670,0.670,0.670,498,1
0.650,0.650,0.650,0.700,0.700,0.700,0.730,0.730,0.730,0.700,0.700,0.700,42,1
0.700,0.700,0.700,0.700,0.700,0.700,0.670,0.670,0.670,0.700,0.700,0.700,575,2
0.700,0.700,0.700,0.700,0.700,0.700,0.690,0.690,0.690,0.700,0.700,0.700,346,2
0.750,0.750,0.750,0.700,0.700,0.700,0.750,0.750,0.750,0.700,0.700,0.700,627,1
0.750,0.750,0.750,0.700,0.700,0.700,0.660,0.660,0.660,0.700,0.700,0.700,618,2
0.750,0.750,0.750,0.700,0.700,0.700,0.710,0.710,0.710,0.700,0.700,0.700,260,1
0.650,0.650,0.650,0.700,0.700,0.700,0.720,0.720,0.720,0.700,0.700,0.700,503,1
0.700,0.700,0.700,0.750,0.750,0.750,0.700,0.700,0.700,0.650,0.650,0.650,980,1
0.700,0.700,0.700,0.700,0.700,0.700,0.710,0.710,0.710,0.700,0.700,0.700,183,1
0.700,0.700,0.700,0.750,0.750,0.750,0.700,0.700,0.700,0.730,0.730,0.730,757,2
0.700,0.700,0.700,0.650,0.650,0.650,0.700,0.700,0.700,0.680,0.680,0.680,301,1
0.650,0.650,0.650,0.700,0.700,0.700,0.650,0.650,0.650,0.700,0.700,0.700,100,2
0.700,0.700,0.700,0.750,0.750,0.750,0.700,0.700,0.700,0.680,0.680,0.680,389,1
0.700,0.700,0.700,0.700,0.700,0.700,0.700,0.700,0.700,0.660,0.660,0.660,574,1
0.700,0.700,0.700,0.650,0.650,0.650,0.700,0.700,0.700,0.660,0.660,0.660,530,1
0.700,0.700,0.700,0.650,0.650,0.650,0.700,0.700,0.700,0.660,0.660,0.660,959,1
0.750,0.750,0.750,0.700,0.700,0.700,0.750,0.750,0.750,0.700,0.700,0.700,693,1
0.700,0.700,0.700,0.750,0.750,0.750,0.700,0.700,0.700,0.700,0.700,0.700,490,2
0.700,0.700,0.700,0.700,0.700,0.700,0.750,0.750,0.750,0.700,0.700,0.700,220,1
0.700,0.700,0.700,0.700,0.700,0.700,0.710,0.710,0.710,0.700,0.700,0.700,216,1
0.700,0.700,0.700,0.650,0.650,0.650,0.700,0.700,0.700,0.690,0.690,0.690,71,1
0.700,0.700,0.700,0.700,0.700,0.700,0.710,0.710,0.710,0.700,0.700,0.700,909,1
0.750,0.750,0.750,0.700,0.700,0.700,0.740,0.740,0.740,0.700,0.700,0.700,98,1
0.750,0.750,0.750,0.700,0.700,0.700,0.690,0.690,0.690,0.700,0.700,0.700,291,2
0.700,0.700,0.700,0.700,0.700,0.700,0.700,0.700,0.700,0.690,0.690,0.690,973,1
0.700,0.700,0.700,0.700,0.700,0.700,0.700,0.700,0.700,0.730,0.730,0.730,812,2
0.750,0.750,0.750,0.700,0.700,0.700,0.690,0.690,0.690,0.700,0.700,0.700,225,2
0.700,0.700,0.700,0.700,0.700,0.700,0.670,0.670,0.670,0.700,0.700,0.700,476,2
0.700,0.700,0.700,0.650,0.650,0.650,0.700,0.700,0.700,0.680,0.680,0.680,796,1
0.700,0.700,0.700,0.700,0.700,0.700,0.660,0.660,0.660,0.700,0.700,0.700,838,2
0.700,0.700,0.700,0.750,0.750,0.750,0.700,0.700,0.700,0.660,0.660,0.660,222,1
0.650,0.650,0.650,0.700,0.700,0.700,0.750,0.750,0.750,0.700,0.700,0.700,902,1
0.700,0.700,0.700,0.650,0.650,0.650,0.700,0.700,0.700,0.660,0.660,0.660,233,1
0.700,0.700,0.700,0.750,0.750,0.750,0.700,0.700,0.700,0.710,0.710,0.710,722,2
0.700,0.700,0.700,0.700,0.700,0.700,0.700,0.700,0.700,0.700,0.700,0.700,809,2
0.750,0.750,0.750,0.700,0.700,0.700,0.740,0.740,0.740,0.700,0.700,0.700,296,1
0.700,0.700,0.700,0.650,0.650,0.650,0.700,0.700,0.700,0.750,0.750,0.750,11,2
0.700,0.700,0.700,0.700,0.700,0.700,0.700,0.700,0.700,0.720,0.720,0.720,85,2
0.700,0.700,0.700,0.750,0.750,0.750,0.700,0.700,0.700,0.680,0.680,0.680,158,1
0.700,0.700,0.700,0.700,0.700,0.700,0.700,0.700,0.700,0.670,0.670,0.670,212,1
0.700,0.700,0.700,0.650,0.650,0.650,0.700,0.700,0.700,0.670,0.670,0.670,762,1
0.700,0.700,0.700,0.750,0.750,0.750,0.700,0.700,0.700,0.750,0.750,0.750,726,2
0.700,0.700,0.700,0.750,0.750,0.750,0.700,0.700,0.700,0.660,0.660,0.660,321,1
0.700,0.700,0.700,0.700,0.700,0.700,0.700,0.700,0.700,0.680,0.680,0.680,675,1
0.650,0.650,0.650,0.700,0.700,0.700,0.670,0.670,0.670,0.700,0.700,0.700,300,2
0.700,0.700,0.700,0.700,0.700,0.700,0.750,0.750,0.750,0.700,0.700,0.700,55,1
0.700,0.700,0.700,0.650,0.650,0.650,0.700,0.700,0.700,0.740,0.740,0.740,472,2
0.700,0.700,0.700,0.650,0.650,0.650,0.700,0.700,0.700,0.750,0.750,0.750,374,2
0.700,0.700,0.700,0.650,0.650,0.650,0.700,0.700,0.700,0.670,0.670,0.670,828,1
0.700,0.700,0.700,0.650,0.650,0.650,0.700,0.700,0.700,0.710,0.710,0.710,733,2
0.750,0.750,0.750,0.700,0.700,0.700,0.690,0.690,0.690,0.700,0.700,0.700,918,2
0.700,0.700,0.700,0.650,0.650,0.650,0.700,0.700,0.700,0.650,0.650,0.650,529,1
0.700,0.700,0.700,0.750,0.750,0.750,0.700,0.700,0.700,0.720,0.720,0.720,723,2
0.700,0.700,0.700,0.700,0.700,0.700,0.740,0.740,0.740,0.700,0.700,0.700,285,1
0.650,0.650,0.650,0.700,0.700,0.700,0.650,0.650,0.650,0.700,0.700,0.700,331,2
0.750,0.750,0.750,0.700,0.700,0.700,0.720,0.720,0.720,0.700,0.700,0.700,657,1
0.700,0.700,0.700,0.700,0.700,0.700,0.700,0.700,0.700,0.690,0.690,0.690,676,1
0.700,0.700,0.700,0.700,0.700,0.700,0.700,0.700,0.700,0.750,0.750,0.750,253,2
0.700,0.700,0.700,0.700,0.700,0.700,0.730,0.730,0.730,0.700,0.700,0.700,449,1
0.650,0.650,0.650,0.700,0.700,0.700,0.720,0.720,0.720,0.700,0.700,0.700,635,1
0.700,0.700,0.700,0.700,0.700,0.700,0.650,0.650,0.650,0.700,0.700,0.700,837,2
0.700,0.700,0.700,0.650,0.650,0.650,0.700,0.700,0.700,0.670,0.670,0.670,102,1
0.750,0.750,0.750,0.700,0.700,0.700,0.700,0.700,0.700,0.700,0.700,0.700,523,1
0.700,0.700,0.700,0.700,0.700,0.700,0.650,0.650,0.650,0.700,0.700,0.700,870,2
0.650,0.650,0.650,0.700,0.700,0.700,0.660,0.660,0.660,0.700,0.700,0.700,299,2
0.700,0.700,0.700,0.700,0.700,0.700,0.700,0.700,0.700,0.720,0.720,0.720,679,2
0.700,0.700,0.700,0.750,0.750,0.750,0.700,0.700,0.700,0.720,0.720,0.720,63,2
0.750,0.750,0.750,0.700,0.700,0.700,0.730,0.730,0.730,0.700,0.700,0.700,856,1
0.700,0.700,0.700,0.700,0.700,0.700,0.700,0.700,0.700,0.720,0.720,0.720,712,2
0.650,0.650,0.650,0.700,0.700,0.700,0.690,0.690,0.690,0.700,0.700,0.700,962,2
0.650,0.650,0.650,0.700,0.700,0.700,0.710,0.710,0.710,0.700,0.700,0.700,106,1
0.750,0.750,0.750,0.700,0.700,0.700,0.690,0.690,0.690,0.700,0.700,0.700,555,2
0.700,0.700,0.700,0.650,0.650,0.650,0.700,0.700,0.700,0.660,0.660,0.660,266,1
0.750,0.750,0.750,0.700,0.700,0.700,0.710,0.710,0.710,0.700,0.700,0.700,29,1
0.700,0.700,0.700,0.750,0.750,0.750,0.700,0.700,0.700,0.690,0.690,0.690,324,1
0.700,0.700,0.700,0.700,0.700,0.700,0.720,0.720,0.720,0.700,0.700,0.700,580,1
0.700,0.700,0.700,0.700,0.700,0.700,0.710,0.710,0.710,0.700,0.700,0.700,51,1
0.700,0.700,0.700,0.750,0.750,0.750,0.700,0.700,0.700,0.650,0.650,0.650,122,1
0.750,0.750,0.750,0.700,0.700,0.700,0.740,0.740,0.740,0.700,0.700,0.700,560,1
0.700,0.700,0.700,0.700,0.700,0.700,0.700,0.700,0.700,0.750,0.750,0.750,583,2
0.700,0.700,0.700,0.750,0.750,0.750,0.700,0.700,0.700,0.730,0.730,0.730,295,2
0.700,0.700,0.700,0.650,0.650,0.650,0.700,0.700,0.700,0.720,0.720,0.720,107,2
0.700,0.700,0.700,0.700,0.700,0.700,0.700,0.700,0.700,0.740,0.740,0.740,384,2
0.700,0.700,0.700,0.700,0.700,0.700,0.710,0.710,0.710,0.700,0.700,0.700,18,1
0.700,0.700,0.700,0.650,0.650,0.650,0.700,0.700,0.700,0.750,0.750,0.750,341,2
0.700,0.700,0.700,0.650,0.650,0.650,0.700,0.700,0.700,0.680,0.680,0.680,499,1
0.700,0.700,0.700,0.700,0.700,0.700,0.690,0.690,0.690,0.700,0.700,0.700,181,2
0.750,0.750,0.750,0.700,0.700,0.700,0.680,0.680,0.680,0.700,0.700,0.700,521,2
0.700,0.700,0.700,0.650,0.650,0.650,0.700,0.700,0.700,0.650,0.650,0.650,166,1
0.750,0.750,0.750,0.700,0.700,0.700,0.670,0.670,0.670,0.700,0.700,0.700,553,2
0.700,0.700,0.700,0.750,0.750,0.750,0.700,0.700,0.700,0.700,0.700,0.700,688,2
0.700,0.700,0.700,0.700,0.700,0.700,0.700,0.700,0.700,0.720,0.720,0.720,877,2
0.700,0.700,0.700,0.700,0.700,0.700,0.700,0.700,0.700,0.690,0.690,0.690,808,1
0.700,0.700,0.700,0.650,0.650,0.650,0.700,0.700,0.700,0.710,0.710,0.710,634,2
0.700,0.700,0.700,0.700,0.700,0.700,0.700,0.700,0.700,0.720,0.720,0.720,151,2
0.650,0.650,0.650,0.700,0.700,0.700,0.650,0.650,0.650,0.700,0.700,0.700,34,2
0.700,0.700,0.700,0.700,0.700,0.700,0.700,0.700,0.700,0.700,0.700,0.700,644,2
0.700,0.700,0.700,0.750,0.750,0.750,0.700,0.700,0.700,0.740,0.740,0.740,725,2
0.700,0.700,0.700,0.700,0.700,0.700,0.700,0.700,0.700,0.660,0.660,0.660,277,1
0.700,0.700,0.700,0.750,0.750,0.750,0.700,0.700,0.700,0.700,0.700,0.700,259,2
0.700,0.700,0.700,0.700,0.700,0.700,0.730,0.730,0.730,0.700,0.700,0.700,779,1
0.700,0.700,0.700,0.700,0.700,0.700,0.700,0.700,0.700,0.660,0.660,0.660,607,1
0.650,0.650,0.650,0.700,0.700,0.700,0.680,0.680,0.680,0.700,0.700,0.700,763,2
0.700,0.700,0.700,0.700,0.700,0.700,0.670,0.670,0.670,0.700,0.700,0.700,377,2
0.750,0.750,0.750,0.700,0.700,0.700,0.660,0.660,0.660,0.700,0.700,0.700,651,2
0.700,0.700,0.700,0.700,0.700,0.700,0.700,0.700,0.700,0.730,0.730,0.730,350,2
0.650,0.650,0.650,0.700,0.700,0.700,0.710,0.710,0.710,0.700,0.700,0.700,964,1
0.700,0.700,0.700,0.650,0.650,0.650,0.700,0.700,0.700,0.700,0.700,0.700,39,2
0.700,0.700,0.700,0.700,0.700,0.700,0.700,0.700,0.700,0.740,0.740,0.740,450,2
0.650,0.650,0.650,0.700,0.700,0.700,0.710,0.710,0.710,0.700,0.700,0.700,568,1
0.650,0.650,0.650,0.700,0.700,0.700,0.690,0.690,0.690,0.700,0.700,0.700,665,2
0.750,0.750,0.750,0.700,0.700,0.700,0.710,0.710,0.710,0.700,0.700,0.700,656,1
0.650,0.650,0.650,0.700,0.700,0.700,0.740,0.740,0.740,0.700,0.700,0.700,43,1
0.650,0.650,0.650,0.700,0.700,0.700,0.710,0.710,0.710,0.700,0.700,0.700,436,1
0.700,0.700,0.700,0.700,0.700,0.700,0.720,0.720,0.720,0.700,0.700,0.700,415,1
0.700,0.700,0.700,0.750,0.750,0.750,0.700,0.700,0.700,0.690,0.690,0.690,885,1
0.700,0.700,0.700,0.750,0.750,0.750,0.700,0.700,0.700,0.650,0.650,0.650,254,1
0.700,0.700,0.700,0.650,0.650,0.650,0.700,0.700,0.700,0.680,0.680,0.680,367,1
0.700,0.700,0.700,0.700,0.700,0.700,0.680,0.680,0.680,0.700,0.700,0.700,774,2
0.700,0.700,0.700,0.700,0.700,0.700,0.700,0.700,0.700,0.660,0.660,0.660,310,1
0.650,0.650,0.650,0.700,0.700,0.700,0.720,0.720,0.720,0.700,0.700,0.700,74,1
0.700,0.700,0.700,0.700,0.700,0.700,0.660,0.660,0.660,0.700,0.700,0.700,178,2
0.750,0.750,0.750,0.700,0.700,0.700,0.680,0.680,0.680,0.700,0.700,0.700,620,2
0.700,0.700,0.700,0.700,0.700,0.700,0.700,0.700,0.700,0.650,0.650,0.650,45,1
0.700,0.700,0.700,0.700,0.700,0.700,0.660,0.660,0.660,0.700,0.700,0.700,442,2
0.700,0.700,0.700,0.650,0.650,0.650,0.700,0.700,0.700,0.700,0.700,0.700,600,2
0.700,0.700,0.700,0.700,0.700,0.700,0.700,0.700,0.700,0.720,0.720,0.720,976,2
0.700,0.700,0.700,0.750,0.750,0.750,0.700,0.700,0.700,0.660,0.660,0.660,420,1
0.750,0.750,0.750,0.700,0.700,0.700,0.690,0.690,0.690,0.700,0.700,0.700,60,2
0.700,0.700,0.700,0.650,0.650,0.650,0.700,0.700,0.700,0.660,0.660,0.660,629,1
0.650,0.650,0.650,0.700,0.700,0.700,0.730,0.730,0.730,0.700,0.700,0.700,669,1
0.700,0.700,0.700,0.750,0.750,0.750,0.700,0.700,0.700,0.750,0.750,0.750,165,2
0.700,0.700,0.700,0.700,0.700,0.700,0.700,0.700,0.700,0.670,0.670,0.670,641,1
0.750,0.750,0.750,0.700,0.700,0.700,0.680,0.680,0.680,0.700,0.700,0.700,686,2
0.700,0.700,0.700,0.700,0.700,0.700,0.680,0.680,0.680,0.700,0.700,0.700,972,2
0.700,0.700,0.700,0.650,0.650,0.650,0.700,0.700,0.700,0.740,0.740,0.740,109,2
0.700,0.700,0.700,0.650,0.650,0.650,0.700,0.700,0.700,0.750,0.750,0.750,671,2
0.700,0.700,0.700,0.650,0.650,0.650,0.700,0.700,0.700,0.700,0.700,0.700,567,2
0.750,0.750,0.750,0.700,0.700,0.700,0.680,0.680,0.680,0.700,0.700,0.700,323,2
0.650,0.650,0.650,0.700,0.700,0.700,0.680,0.680,0.680,0.700,0.700,0.700,664,2
0.700,0.700,0.700,0.650,0.650,0.650,0.700,0.700,0.700,0.710,0.710,0.710,865,2
0.650,0.650,0.650,0.700,0.700,0.700,0.740,0.740,0.740,0.700,0.700,0.700,538,1
0.700,0.700,0.700,0.650,0.650,0.650,0.700,0.700,0.700,0.730,0.730,0.730,603,2
0.750,0.750,0.750,0.700,0.700,0.700,0.720,0.720,0.720,0.700,0.700,0.700,591,1
0.750,0.750,0.750,0.700,0.700,0.700,0.710,0.710,0.710,0.700,0.700,0.700,854,1
0.650,0.650,0.650,0.700,0.700,0.700,0.690,0.690,0.690,0.700,0.700,0.700,533,2
0.700,0.700,0.700,0.750,0.750,0.750,0.700,0.700,0.700,0.730,0.730,0.730,31,2
0.700,0.700,0.700,0.650,0.650,0.650,0.700,0.700,0.700,0.730,0.730,0.730,867,2
0.700,0.700,0.700,0.700,0.700,0.700,0.700,0.700,0.700,0.670,0.670,0.670,278,1
0.750,0.750,0.750,0.700,0.700,0.700,0.720,0.720,0.720,0.700,0.700,0.700,558,1
0.750,0.750,0.750,0.700,0.700,0.700,0.730,0.730,0.730,0.700,0.700,0.700,691,1
0.700,0.700,0.700,0.700,0.700,0.700,0.700,0.700,0.700,0.740,0.740,0.740,318,2
0.700,0.700,0.700,0.700,0.700,0.700,0.650,0.650,0.650,0.700,0.700,0.700,441,2
0.700,0.700,0.700,0.750,0.750,0.750,0.700,0.700,0.700,0.710,0.710,0.710,227,2
0.700,0.700,0.700,0.700,0.700,0.700,0.700,0.700,0.700,0.680,0.680,0.680,312,1
0.700,0.700,0.700,0.650,0.650,0.650,0.700,0.700,0.700,0.690,0.690,0.690,764,1
0.700,0.700,0.700,0.700,0.700,0.700,0.700,0.700,0.700,0.700,0.700,0.700,743,2
0.650,0.650,0.650,0.700,0.700,0.700,0.670,0.670,0.670,0.700,0.700,0.700,69,2
0.650,0.650,0.650,0.700,0.700,0.700,0.740,0.740,0.740,0.700,0.700,0.700,241,1
0.650,0.650,0.650,0.700,0.700,0.700,0.690,0.690,0.690,0.700,0.700,0.700,434,2
0.650,0.650,0.650,0.700,0.700,0.700,0.690,0.690,0.690,0.700,0.700,0.700,632,2
0.700,0.700,0.700,0.700,0.700,0.700,0.650,0.650,0.650,0.700,0.700,0.700,672,2
0.750,0.750,0.750,0.700,0.700,0.700,0.660,0.660,0.660,0.700,0.700,0.700,750,2
0.700,0.700,0.700,0.700,0.700,0.700,0.730,0.730,0.730,0.700,0.700,0.700,680,1
0.700,0.700,0.700,0.700,0.700,0.700,0.650,0.650,0.650,0.700,0.700,0.700,573,2
0.700,0.700,0.700,0.750,0.750,0.750,0.700,0.700,0.700,0.730,0.730,0.730,64,2
0.750,0.750,0.750,0.700,0.700,0.700,0.750,0.750,0.750,0.700,0.700,0.700,858,1
0.700,0.700,0.700,0.750,0.750,0.750,0.700,0.700,0.700,0.690,0.690,0.690,489,1
0.650,0.650,0.650,0.700,0.700,0.700,0.740,0.740,0.740,0.700,0.700,0.700,373,1
0.700,0.700,0.700,0.700,0.700,0.700,0.730,0.730,0.730,0.700,0.700,0.700,251,1
0.750,0.750,0.750,0.700,0.700,0.700,0.710,0.710,0.710,0.700,0.700,0.700,128,1
0.700,0.700,0.700,0.650,0.650,0.650,0.700,0.700,0.700,0.660,0.660,0.660,464,1
0.700,0.700,0.700,0.750,0.750,0.750,0.700,0.700,0.700,0.690,0.690,0.690,27,1
0.700,0.700,0.700,0.650,0.650,0.650,0.700,0.700,0.700,0.670,0.670,0.670,366,1
0.700,0.700,0.700,0.650,0.650,0.650,0.700,0.700,0.700,0.700,0.700,0.700,930,2
0.700,0.700,0.700,0.700,0.700,0.700,0.750,0.750,0.750,0.700,0.700,0.700,418,1
0.750,0.750,0.750,0.700,0.700,0.700,0.740,0.740,0.740,0.700,0.700,0.700,659,1
0.650,0.650,0.650,0.700,0.700,0.700,0.690,0.690,0.690,0.700,0.700,0.700,170,2
0.700,0.700,0.700,0.750,0.750,0.750,0.700,0.700,0.700,0.710,0.710,0.710,524,2
0.700,0.700,0.700,0.650,0.650,0.650,0.700,0.700,0.700,0.720,0.720,0.720,338,2
0.650,0.650,0.650,0.700,0.700,0.700,0.740,0.740,0.740,0.700,0.700,0.700,604,1
0.700,0.700,0.700,0.650,0.650,0.650,0.700,0.700,0.700,0.730,0.730,0.730,471,2
0.700,0.700,0.700,0.650,0.650,0.650,0.700,0.700,0.700,0.750,0.750,0.750,737,2
0.700,0.700,0.700,0.650,0.650,0.650,0.700,0.700,0.700,0.700,0.700,0.700,105,2
0.700,0.700,0.700,0.650,0.650,0.650,0.700,0.700,0.700,0.740,0.740,0.740,274,2
0.700,0.700,0.700,0.650,0.650,0.650,0.700,0.700,0.700,0.670,0.670,0.670,597,1
0.750,0.750,0.750,0.700,0.700,0.700,0.680,0.680,0.680,0.700,0.700,0.700,983,2
0.650,0.650,0.650,0.700,0.700,0.700,0.650,0.650,0.650,0.700,0.700,0.700,496,2
0.650,0.650,0.650,0.700,0.700,0.700,0.660,0.660,0.660,0.700,0.700,0.700,563,2
0.750,0.750,0.750,0.700,0.700,0.700,0.720,0.720,0.720,0.700,0.700,0.700,888,1
0.750,0.750,0.750,0.700,0.700,0.700,0.720,0.720,0.720,0.700,0.700,0.700,294,1
0.700,0.700,0.700,0.650,0.650,0.650,0.700,0.700,0.700,0.660,0.660,0.660,134,1
0.700,0.700,0.700,0.700,0.700,0.700,0.700,0.700,0.700,0.750,0.750,0.750,319,2
0.750,0.750,0.750,0.700,0.700,0.700,0.650,0.650,0.650,0.700,0.700,0.700,749,2
0.750,0.750,0.750,0.700,0.700,0.700,0.670,0.670,0.670,0.700,0.700,0.700,883,2
0.700,0.700,0.700,0.750,0.750,0.750,0.700,0.700,0.700,0.720,0.720,0.720,393,2
0.750,0.750,0.750,0.700,0.700,0.700,0.710,0.710,0.710,0.700,0.700,0.700,887,1
0.700,0.700,0.700,0.700,0.700,0.700,0.650,0.650,0.650,0.700,0.700,0.700,375,2
0.750,0.750,0.750,0.700,0.700,0.700,0.690,0.690,0.690,0.700,0.700,0.700,687,2
0.700,0.700,0.700,0.650,0.650,0.650,0.700,0.700,0.700,0.710,0.710,0.710,73,2
0.750,0.750,0.750,0.700,0.700,0.700,0.740,0.740,0.740,0.700,0.700,0.700,824,1
0.700,0.700,0.700,0.700,0.700,0.700,0.700,0.700,0.700,0.660,0.660,0.660,772,1
0.650,0.650,0.650,0.700,0.700,0.700,0.700,0.700,0.700,0.700,0.700,0.700,534,1
0.750,0.750,0.750,0.700,0.700,0.700,0.660,0.660,0.660,0.700,0.700,0.700,255,2
0.700,0.700,0.700,0.750,0.750,0.750,0.700,0.700,0.700,0.670,0.670,0.670,916,1
0.650,0.650,0.650,0.700,0.700,0.700,0.680,0.680,0.680,0.700,0.700,0.700,697,2
0.700,0.700,0.700,0.750,0.750,0.750,0.700,0.700,0.700,0.710,0.710,0.710,194,2
0.700,0.700,0.700,0.700,0.700,0.700,0.720,0.720,0.720,0.700,0.700,0.700,613,1
0.700,0.700,0.700,0.700,0.700,0.700,0.700,0.700,0.700,0.650,0.650,0.650,243,1
0.700,0.700,0.700,0.650,0.650,0.650,0.700,0.700,0.700,0.650,0.650,0.650,430,1
0.700,0.700,0.700,0.750,0.750,0.750,0.700,0.700,0.700,0.700,0.700,0.700,391,2
0.650,0.650,0.650,0.700,0.700,0.700,0.720,0.720,0.720,0.700,0.700,0.700,206,1
0.700,0.700,0.700,0.700,0.700,0.700,0.700,0.700,0.700,0.660,0.660,0.660,508,1
0.750,0.750,0.750,0.700,0.700,0.700,0.690,0.690,0.690,0.700,0.700,0.700,93,2
0.700,0.700,0.700,0.700,0.700,0.700,0.670,0.670,0.670,0.700,0.700,0.700,674,2
0.750,0.750,0.750,0.700,0.700,0.700,0.680,0.680,0.680,0.700,0.700,0.700,587,2
0.750,0.750,0.750,0.700,0.700,0.700,0.700,0.700,0.700,0.700,0.700,0.700,94,1
0.700,0.700,0.700,0.700,0.700,0.700,0.700,0.700,0.700,0.690,0.690,0.690,313,1
0.700,0.700,0.700,0.750,0.750,0.750,0.700,0.700,0.700,0.730,0.730,0.730,889,2
0.700,0.700,0.700,0.700,0.700,0.700,0.700,0.700,0.700,0.650,0.650,0.650,969,1
0.750,0.750,0.750,0.700,0.700,0.700,0.670,0.670,0.670,0.700,0.700,0.700,751,2
0.700,0.700,0.700,0.700,0.700,0.700,0.660,0.660,0.660,0.700,0.700,0.700,541,2
0.700,0.700,0.700,0.700,0.700,0.700,0.700,0.700,0.700,0.700,0.700,0.700,710,2
0.700,0.700,0.700,0.700,0.700,0.700,0.700,0.700,0.700,0.720,0.720,0.720,745,2
0.700,0.700,0.700,0.750,0.750,0.750,0.700,0.700,0.700,0.740,0.740,0.740,956,2
0.700,0.700,0.700,0.650,0.650,0.650,0.700,0.700,0.700,0.740,0.740,0.740,406,2
0.700,0.700,0.700,0.650,0.650,0.650,0.700,0.700,0.700,0.740,0.740,0.740,769,2
0.700,0.700,0.700,0.650,0.650,0.650,0.700,0.700,0.700,0.680,0.680,0.680,169,1
0.650,0.650,0.650,0.700,0.700,0.700,0.680,0.680,0.680,0.700,0.700,0.700,4,2
0.750,0.750,0.750,0.700,0.700,0.700,0.680,0.680,0.680,0.700,0.700,0.700,719,2
0.700,0.700,0.700,0.700,0.700,0.700,0.700,0.700,0.700,0.720,0.720,0.720,19,2
0.750,0.750,0.750,0.700,0.700,0.700,0.730,0.730,0.730,0.700,0.700,0.700,592,1
0.700,0.700,0.700,0.700,0.700,0.700,0.730,0.730,0.730,0.700,0.700,0.700,20,1
0.700,0.700,0.700,0.650,0.650,0.650,0.700,0.700,0.700,0.740,0.740,0.740,439,2
0.700,0.700,0.700,0.700,0.700,0.700,0.700,0.700,0.700,0.700,0.700,0.700,380,2
0.750,0.750,0.750,0.700,0.700,0.700,0.720,0.720,0.720,0.700,0.700,0.700,426,1
0.700,0.700,0.700,0.700,0.700,0.700,0.700,0.700,0.700,0.740,0.740,0.740,681,2
0.700,0.700,0.700,0.650,0.650,0.650,0.700,0.700,0.700,0.720,0.720,0.720,767,2
0.750,0.750,0.750,0.700,0.700,0.700,0.660,0.660,0.660,0.700,0.700,0.700,915,2
0.650,0.650,0.650,0.700,0.700,0.700,0.700,0.700,0.700,0.700,0.700,0.700,864,1
0.700,0.700,0.700,0.650,0.650,0.650,0.700,0.700,0.700,0.650,0.650,0.650,364,1
0.750,0.750,0.750,0.700,0.700,0.700,0.690,0.690,0.690,0.700,0.700,0.700,390,2
0.750,0.750,0.750,0.700,0.700,0.700,0.680,0.680,0.680,0.700,0.700,0.700,884,2
0.650,0.650,0.650,0.700,0.700,0.700,0.740,0.740,0.740,0.700,0.700,0.700,802,1
0.700,0.700,0.700,0.650,0.650,0.650,0.700,0.700,0.700,0.720,0.720,0.720,239,2
0.700,0.700,0.700,0.700,0.700,0.700,0.650,0.650,0.650,0.700,0.700,0.700,903,2
0.700,0.700,0.700,0.700,0.700,0.700,0.720,0.720,0.720,0.700,0.700,0.700,646,1
0.650,0.650,0.650,0.700,0.700,0.700,0.750,0.750,0.750,0.700,0.700,0.700,638,1
0.700,0.700,0.700,0.700,0.700,0.700,0.680,0.680,0.680,0.700,0.700,0.700,741,2
0.700,0.700,0.700,0.700,0.700,0.700,0.700,0.700,0.700,0.730,0.730,0.730,284,2
0.700,0.700,0.700,0.700,0.700,0.700,0.750,0.750,0.750,0.700,0.700,0.700,649,1
0.750,0.750,0.750,0.700,0.700,0.700,0.660,0.660,0.660,0.700,0.700,0.700,849,2
0.700,0.700,0.700,0.650,0.650,0.650,0.700,0.700,0.700,0.700,0.700,0.700,237,2
0.750,0.750,0.750,0.700,0.700,0.700,0.660,0.660,0.660,0.700,0.700,0.700,486,2
0.700,0.700,0.700,0.700,0.700,0.700,0.730,0.730,0.730,0.700,0.700,0.700,713,1
0.700,0.700,0.700,0.650,0.650,0.650,0.700,0.700,0.700,0.710,0.710,0.710,370,2
0.700,0.700,0.700,0.700,0.700,0.700,0.730,0.730,0.730,0.700,0.700,0.700,548,1
0.700,0.700,0.700,0.700,0.700,0.700,0.650,0.650,0.650,0.700,0.700,0.700,507,2
0.700,0.700,0.700,0.750,0.750,0.750,0.700,0.700,0.700,0.650,0.650,0.650,584,1
0.700,0.700,0.700,0.700,0.700,0.700,0.700,0.700,0.700,0.710,0.710,0.710,414,2
0.750,0.750,0.750,0.700,0.700,0.700,0.730,0.730,0.730,0.700,0.700,0.700,988,1
0.700,0.700,0.700,0.700,0.700,0.700,0.650,0.650,0.650,0.700,0.700,0.700,144,2
0.700,0.700,0.700,0.700,0.700,0.700,0.700,0.700,0.700,0.680,0.680,0.680,873,1
0.650,0.650,0.650,0.700,0.700,0.700,0.680,0.680,0.680,0.700,0.700,0.700,466,2
0.700,0.700,0.700,0.750,0.750,0.750,0.700,0.700,0.700,0.720,0.720,0.720,789,2
0.700,0.700,0.700,0.700,0.700,0.700,0.680,0.680,0.680,0.700,0.700,0.700,510,2
0.750,0.750,0.750,0.700,0.700,0.700,0.660,0.660,0.660,0.700,0.700,0.700,948,2
0.700,0.700,0.700,0.700,0.700,0.700,0.700,0.700,0.700,0.650,0.650,0.650,474,1
0.750,0.750,0.750,0.700,0.700,0.700,0.680,0.680,0.680,0.700,0.700,0.700,59,2
0.700,0.700,0.700,0.700,0.700,0.700,0.700,0.700,0.700,0.710,0.710,0.710,579,2
0.700,0.700,0.700,0.650,0.650,0.650,0.700,0.700,0.700,0.690,0.690,0.690,335,1
0.700,0.700,0.700,0.700,0.700,0.700,0.700,0.700,0.700,0.740,0.740,0.740,351,2
0.700,0.700,0.700,0.750,0.750,0.750,0.700,0.700,0.700,0.720,0.720,0.720,822,2
0.700,0.700,0.700,0.700,0.700,0.700,0.690,0.690,0.690,0.700,0.700,0.700,610,2
0.700,0.700,0.700,0.650,0.650,0.650,0.700,0.700,0.700,0.730,0.730,0.730,273,2
0.700,0.700,0.700,0.650,0.650,0.650,0.700,0.700,0.700,0.730,0.730,0.730,900,2
0.750,0.750,0.750,0.700,0.700,0.700,0.690,0.690,0.690,0.700,0.700,0.700,753,2
0.750,0.750,0.750,0.700,0.700,0.700,0.690,0.690,0.690,0.700,0.700,0.700,588,2
0.700,0.700,0.700,0.750,0.750,0.750,0.700,0.700,0.700,0.750,0.750,0.750,924,2
0.750,0.750,0.750,0.700,0.700,0.700,0.720,0.720,0.720,0.700,0.700,0.700,30,1
0.700,0.700,0.700,0.650,0.650,0.650,0.700,0.700,0.700,0.720,0.720,0.720,437,2
0.700,0.700,0.700,0.650,0.650,0.650,0.700,0.700,0.700,0.690,0.690,0.690,401,1
0.700,0.700,0.700,0.700,0.700,0.700,0.700,0.700,0.700,0.700,0.700,0.700,908,1
0.700,0.700,0.700,0.750,0.750,0.750,0.700,0.700,0.700,0.710,0.710,0.710,821,2
0.750,0.750,0.750,0.700,0.700,0.700,0.740,0.740,0.740,0.700,0.700,0.700,989,1
0.700,0.700,0.700,0.700,0.700,0.700,0.700,0.700,0.700,0.750,0.750,0.750,451,2
0.700,0.700,0.700,0.700,0.700,0.700,0.700,0.700,0.700,0.700,0.700,0.700,446,2
0.750,0.750,0.750,0.700,0.700,0.700,0.740,0.740,0.740,0.700,0.700,0.700,791,1
0.700,0.700,0.700,0.700,0.700,0.700,0.670,0.670,0.670,0.700,0.700,0.700,509,2
0.650,0.650,0.650,0.700,0.700,0.700,0.650,0.650,0.650,0.700,0.700,0.700,397,2
0.700,0.700,0.700,0.700,0.700,0.700,0.720,0.720,0.720,0.700,0.700,0.700,910,1
0.750,0.750,0.750,0.700,0.700,0.700,0.730,0.730,0.730,0.700,0.700,0.700,229,1
0.750,0.750,0.750,0.700,0.700,0.700,0.650,0.650,0.650,0.700,0.700,0.700,782,2
0.700,0.700,0.700,0.700,0.700,0.700,0.670,0.670,0.670,0.700,0.700,0.700,740,2
0.700,0.700,0.700,0.650,0.650,0.650,0.700,0.700,0.700,0.690,0.690,0.690,368,1
0.700,0.700,0.700,0.700,0.700,0.700,0.700,0.700,0.700,0.700,0.700,0.700,347,1
0.700,0.700,0.700,0.700,0.700,0.700,0.700,0.700,0.700,0.680,0.680,0.680,411,1
0.700,0.700,0.700,0.750,0.750,0.750,0.700,0.700,0.700,0.730,0.730,0.730,163,2
0.700,0.700,0.700,0.700,0.700,0.700,0.740,0.740,0.740,0.700,0.700,0.700,945,1
0.700,0.700,0.700,0.650,0.650,0.650,0.700,0.700,0.700,0.680,0.680,0.680,136,1
0.700,0.700,0.700,0.650,0.650,0.650,0.700,0.700,0.700,0.730,0.730,0.730,537,2
0.700,0.700,0.700,0.750,0.750,0.750,0.700,0.700,0.700,0.650,0.650,0.650,518,1
0.700,0.700,0.700,0.700,0.700,0.700,0.700,0.700,0.700,0.650,0.650,0.650,606,1
0.700,0.700,0.700,0.700,0.700,0.700,0.750,0.750,0.750,0.700,0.700,0.700,616,1
0.700,0.700,0.700,0.650,0.650,0.650,0.700,0.700,0.700,0.700,0.700,0.700,270,2
0.700,0.700,0.700,0.650,0.650,0.650,0.700,0.700,0.700,0.690,0.690,0.690,566,1
0.700,0.700,0.700,0.700,0.700,0.700,0.700,0.700,0.700,0.710,0.710,0.710,612,2
0.750,0.750,0.750,0.700,0.700,0.700,0.740,0.740,0.740,0.700,0.700,0.700,164,1
0.750,0.750,0.750,0.700,0.700,0.700,0.750,0.750,0.750,0.700,0.700,0.700,792,1
0.700,0.700,0.700,0.700,0.700,0.700,0.700,0.700,0.700,0.700,0.700,0.700,17,1
0.750,0.750,0.750,0.700,0.700,0.700,0.650,0.650,0.650,0.700,0.700,0.700,716,2
0.650,0.650,0.650,0.700,0.700,0.700,0.700,0.700,0.700,0.700,0.700,0.700,402,1
0.750,0.750,0.750,0.700,0.700,0.700,0.720,0.720,0.720,0.700,0.700,0.700,360,1
0.700,0.700,0.700,0.750,0.750,0.750,0.700,0.700,0.700,0.660,0.660,0.660,453,1
0.750,0.750,0.750,0.700,0.700,0.700,0.700,0.700,0.700,0.700,0.700,0.700,985,1
0.700,0.700,0.700,0.700,0.700,0.700,0.740,0.740,0.740,0.700,0.700,0.700,21,1
0.700,0.700,0.700,0.750,0.750,0.750,0.700,0.700,0.700,0.670,0.670,0.670,322,1
0.700,0.700,0.700,0.750,0.750,0.750,0.700,0.700,0.700,0.750,0.750,0.750,396,2
0.700,0.700,0.700,0.700,0.700,0.700,0.730,0.730,0.730,0.700,0.700,0.700,746,1
0.700,0.700,0.700,0.700,0.700,0.700,0.700,0.700,0.700,0.700,0.700,0.700,479,1
0.700,0.700,0.700,0.650,0.650,0.650,0.700,0.700,0.700,0.740,0.740,0.740,835,2
0.700,0.700,0.700,0.650,0.650,0.650,0.700,0.700,0.700,0.740,0.740,0.740,670,2
0.700,0.700,0.700,0.700,0.700,0.700,0.700,0.700,0.700,0.700,0.700,0.700,545,2
0.650,0.650,0.650,0.700,0.700,0.700,0.660,0.660,0.660,0.700,0.700,0.700,860,2
0.650,0.650,0.650,0.700,0.700,0.700,0.740,0.740,0.740,0.700,0.700,0.700,736,1
0.700,0.700,0.700,0.750,0.750,0.750,0.700,0.700,0.700,0.660,0.660,0.660,354,1
0.650,0.650,0.650,0.700,0.700,0.700,0.730,0.730,0.730,0.700,0.700,0.700,801,1
0.700,0.700,0.700,0.650,0.650,0.650,0.700,0.700,0.700,0.700,0.700,0.700,6,2
0.700,0.700,0.700,0.750,0.750,0.750,0.700,0.700,0.700,0.710,0.710,0.710,623,2
0.700,0.700,0.700,0.700,0.700,0.700,0.660,0.660,0.660,0.700,0.700,0.700,376,2
0.700,0.700,0.700,0.700,0.700,0.700,0.700,0.700,0.700,0.660,0.660,0.660,409,1
0.700,0.700,0.700,0.700,0.700,0.700,0.720,0.720,0.720,0.700,0.700,0.700,448,1
0.700,0.700,0.700,0.700,0.700,0.700,0.700,0.700,0.700,0.700,0.700,0.700,875,1
0.700,0.700,0.700,0.650,0.650,0.650,0.700,0.700,0.700,0.650,0.650,0.650,562,1
0.750,0.750,0.750,0.700,0.700,0.700,0.730,0.730,0.730,0.700,0.700,0.700,262,1
0.700,0.700,0.700,0.700,0.700,0.700,0.700,0.700,0.700,0.700,0.700,0.700,116,1
0.650,0.650,0.650,0.700,0.700,0.700,0.750,0.750,0.750,0.700,0.700,0.700,176,1
0.650,0.650,0.650,0.700,0.700,0.700,0.710,0.710,0.710,0.700,0.700,0.700,832,1
0.750,0.750,0.750,0.700,0.700,0.700,0.740,0.740,0.740,0.700,0.700,0.700,692,1
0.700,0.700,0.700,0.650,0.650,0.650,0.700,0.700,0.700,0.660,0.660,0.660,893,1
0.750,0.750,0.750,0.700,0.700,0.700,0.690,0.690,0.690,0.700,0.700,0.700,786,2
0.700,0.700,0.700,0.750,0.750,0.750,0.700,0.700,0.700,0.680,0.680,0.680,455,1
0.750,0.750,0.750,0.700,0.700,0.700,0.750,0.750,0.750,0.700,0.700,0.700,825,1
0.650,0.650,0.650,0.700,0.700,0.700,0.680,0.680,0.680,0.700,0.700,0.700,532,2
0.700,0.700,0.700,0.650,0.650,0.650,0.700,0.700,0.700,0.740,0.740,0.740,703,2
0.750,0.750,0.750,0.700,0.700,0.700,0.690,0.690,0.690,0.700,0.700,0.700,522,2
0.700,0.700,0.700,0.700,0.700,0.700,0.700,0.700,0.700,0.730,0.730,0.730,944,2
0.700,0.700,0.700,0.650,0.650,0.650,0.700,0.700,0.700,0.750,0.750,0.750,869,2
0.700,0.700,0.700,0.700,0.700,0.700,0.690,0.690,0.690,0.700,0.700,0.700,280,2
0.700,0.700,0.700,0.650,0.650,0.650,0.700,0.700,0.700,0.730,0.730,0.730,174,2
0.700,0.700,0.700,0.700,0.700,0.700,0.700,0.700,0.700,0.700,0.700,0.700,974,1
0.700,0.700,0.700,0.700,0.700,0.700,0.700,0.700,0.700,0.720,0.720,0.720,481,2
0.700,0.700,0.700,0.750,0.750,0.750,0.700,0.700,0.700,0.750,0.750,0.750,495,2
0.650,0.650,0.650,0.700,0.700,0.700,0.700,0.700,0.700,0.700,0.700,0.700,732,1
0.700,0.700,0.700,0.700,0.700,0.700,0.690,0.690,0.690,0.700,0.700,0.700,16,2
0.650,0.650,0.650,0.700,0.700,0.700,0.710,0.710,0.710,0.700,0.700,0.700,238,1
0.650,0.650,0.650,0.700,0.700,0.700,0.730,0.730,0.730,0.700,0.700,0.700,405,1
0.700,0.700,0.700,0.700,0.700,0.700,0.700,0.700,0.700,0.700,0.700,0.700,776,2
0.700,0.700,0.700,0.750,0.750,0.750,0.700,0.700,0.700,0.650,0.650,0.650,353,1
0.700,0.700,0.700,0.700,0.700,0.700,0.650,0.650,0.650,0.700,0.700,0.700,738,2
0.700,0.700,0.700,0.700,0.700,0.700,0.720,0.720,0.720,0.700,0.700,0.700,349,1
0.700,0.700,0.700,0.700,0.700,0.700,0.700,0.700,0.700,0.700,0.700,0.700,215,1
0.650,0.650,0.650,0.700,0.700,0.700,0.690,0.690,0.690,0.700,0.700,0.700,38,2
0.750,0.750,0.750,0.700,0.700,0.700,0.720,0.720,0.720,0.700,0.700,0.700,129,1
0.700,0.700,0.700,0.650,0.650,0.650,0.700,0.700,0.700,0.690,0.690,0.690,302,1
0.650,0.650,0.650,0.700,0.700,0.700,0.680,0.680,0.680,0.700,0.700,0.700,565,2
0.700,0.700,0.700,0.700,0.700,0.700,0.730,0.730,0.730,0.700,0.700,0.700,383,1
0.750,0.750,0.750,0.700,0.700,0.700,0.670,0.670,0.670,0.700,0.700,0.700,982,2
0.650,0.650,0.650,0.700,0.700,0.700,0.680,0.680,0.680,0.700,0.700,0.700,433,2
0.700,0.700,0.700,0.650,0.650,0.650,0.700,0.700,0.700,0.750,0.750,0.750,275,2
0.700,0.700,0.700,0.700,0.700,0.700,0.730,0.730,0.730,0.700,0.700,0.700,317,1
0.650,0.650,0.650,0.700,0.700,0.700,0.650,0.650,0.650,0.700,0.700,0.700,892,2
0.650,0.650,0.650,0.700,0.700,0.700,0.660,0.660,0.660,0.700,0.700,0.700,2,2
0.750,0.750,0.750,0.700,0.700,0.700,0.710,0.710,0.710,0.700,0.700,0.700,788,1
0.700,0.700,0.700,0.700,0.700,0.700,0.740,0.740,0.740,0.700,0.700,0.700,912,1
0.700,0.700,0.700,0.650,0.650,0.650,0.700,0.700,0.700,0.730,0.730,0.730,570,2
0.700,0.700,0.700,0.650,0.650,0.650,0.700,0.700,0.700,0.700,0.700,0.700,765,2
0.750,0.750,0.750,0.700,0.700,0.700,0.660,0.660,0.660,0.700,0.700,0.700,552,2
0.650,0.650,0.650,0.700,0.700,0.700,0.650,0.650,0.650,0.700,0.700,0.700,628,2
0.700,0.700,0.700,0.700,0.700,0.700,0.690,0.690,0.690,0.700,0.700,0.700,214,2
0.700,0.700,0.700,0.750,0.750,0.750,0.700,0.700,0.700,0.680,0.680,0.680,917,1
0.650,0.650,0.650,0.700,0.700,0.700,0.650,0.650,0.650,0.700,0.700,0.700,826,2
0.700,0.700,0.700,0.650,0.650,0.650,0.700,0.700,0.700,0.670,0.670,0.670,399,1
0.650,0.650,0.650,0.700,0.700,0.700,0.730,0.730,0.730,0.700,0.700,0.700,372,1
0.700,0.700,0.700,0.700,0.700,0.700,0.660,0.660,0.660,0.700,0.700,0.700,145,2
0.700,0.700,0.700,0.650,0.650,0.650,0.700,0.700,0.700,0.750,0.750,0.750,836,2
0.700,0.700,0.700,0.700,0.700,0.700,0.710,0.710,0.710,0.700,0.700,0.700,513,1
0.700,0.700,0.700,0.750,0.750,0.750,0.700,0.700,0.700,0.700,0.700,0.700,787,2
0.750,0.750,0.750,0.700,0.700,0.700,0.700,0.700,0.700,0.700,0.700,0.700,457,1
0.750,0.750,0.750,0.700,0.700,0.700,0.700,0.700,0.700,0.700,0.700,0.700,820,1
0.700,0.700,0.700,0.650,0.650,0.650,0.700,0.700,0.700,0.650,0.650,0.650,232,1
0.700,0.700,0.700,0.700,0.700,0.700,0.750,0.750,0.750,0.700,0.700,0.700,154,1
0.750,0.750,0.750,0.700,0.700,0.700,0.730,0.730,0.730,0.700,0.700,0.700,97,1
0.700,0.700,0.700,0.750,0.750,0.750,0.700,0.700,0.700,0.670,0.670,0.670,58,1
0.700,0.700,0.700,0.750,0.750,0.750,0.700,0.700,0.700,0.650,0.650,0.650,23,1
0.700,0.700,0.700,0.700,0.700,0.700,0.740,0.740,0.740,0.700,0.700,0.700,87,1
0.750,0.750,0.750,0.700,0.700,0.700,0.690,0.690,0.690,0.700,0.700,0.700,126,2
0.650,0.650,0.650,0.700,0.700,0.700,0.750,0.750,0.750,0.700,0.700,0.700,110,1
0.700,0.700,0.700,0.750,0.750,0.750,0.700,0.700,0.700,0.670,0.670,0.670,454,1
0.750,0.750,0.750,0.700,0.700,0.700,0.720,0.720,0.720,0.700,0.700,0.700,228,1
0.650,0.650,0.650,0.700,0.700,0.700,0.730,0.730,0.730,0.700,0.700,0.700,504,1
0.700,0.700,0.700,0.700,0.700,0.700,0.700,0.700,0.700,0.720,0.720,0.720,250,2
0.750,0.750,0.750,0.700,0.700,0.700,0.710,0.710,0.710,0.700,0.700,0.700,557,1
0.700,0.700,0.700,0.700,0.700,0.700,0.700,0.700,0.700,0.740,0.740,0.740,615,2
0.650,0.650,0.650,0.700,0.700,0.700,0.680,0.680,0.680,0.700,0.700,0.700,730,2
0.700,0.700,0.700,0.750,0.750,0.750,0.700,0.700,0.700,0.720,0.720,0.720,855,2
0.650,0.650,0.650,0.700,0.700,0.700,0.690,0.690,0.690,0.700,0.700,0.700,500,2
0.750,0.750,0.750,0.700,0.700,0.700,0.750,0.750,0.750,0.700,0.700,0.700,132,1
0.700,0.700,0.700,0.750,0.750,0.750,0.700,0.700,0.700,0.690,0.690,0.690,159,1
0.700,0.700,0.700,0.650,0.650,0.650,0.700,0.700,0.700,0.660,0.660,0.660,827,1
0.700,0.700,0.700,0.750,0.750,0.750,0.700,0.700,0.700,0.740,0.740,0.740,65,2
0.700,0.700,0.700,0.700,0.700,0.700,0.660,0.660,0.660,0.700,0.700,0.700,211,2
0.700,0.700,0.700,0.750,0.750,0.750,0.700,0.700,0.700,0.750,0.750,0.750,66,2
0.700,0.700,0.700,0.700,0.700,0.700,0.700,0.700,0.700,0.740,0.740,0.740,549,2
0.700,0.700,0.700,0.700,0.700,0.700,0.700,0.700,0.700,0.750,0.750,0.750,682,2
0.700,0.700,0.700,0.700,0.700,0.700,0.700,0.700,0.700,0.680,0.680,0.680,576,1
0.750,0.750,0.750,0.700,0.700,0.700,0.700,0.700,0.700,0.700,0.700,0.700,358,1
0.700,0.700,0.700,0.650,0.650,0.650,0.700,0.700,0.700,0.730,0.730,0.730,75,2
0.700,0.700,0.700,0.700,0.700,0.700,0.700,0.700,0.700,0.710,0.710,0.710,117,2
0.750,0.750,0.750,0.700,0.700,0.700,0.700,0.700,0.700,0.700,0.700,0.700,61,1
0.700,0.700,0.700,0.750,0.750,0.750,0.700,0.700,0.700,0.730,0.730,0.730,460,2
0.700,0.700,0.700,0.700,0.700,0.700,0.670,0.670,0.670,0.700,0.700,0.700,311,2
0.650,0.650,0.650,0.700,0.700,0.700,0.690,0.690,0.690,0.700,0.700,0.700,269,2
0.750,0.750,0.750,0.700,0.700,0.700,0.680,0.680,0.680,0.700,0.700,0.700,125,2
0.700,0.700,0.700,0.650,0.650,0.650,0.700,0.700,0.700,0.660,0.660,0.660,200,1
0.650,0.650,0.650,0.700,0.700,0.700,0.660,0.660,0.660,0.700,0.700,0.700,332,2
0.700,0.700,0.700,0.700,0.700,0.700,0.700,0.700,0.700,0.670,0.670,0.670,47,1
0.700,0.700,0.700,0.700,0.700,0.700,0.690,0.690,0.690,0.700,0.700,0.700,247,2
0.700,0.700,0.700,0.700,0.700,0.700,0.750,0.750,0.750,0.700,0.700,0.700,286,1
0.700,0.700,0.700,0.750,0.750,0.750,0.700,0.700,0.700,0.730,0.730,0.730,196,2
0.700,0.700,0.700,0.750,0.750,0.750,0.700,0.700,0.700,0.650,0.650,0.650,221,1
0.650,0.650,0.650,0.700,0.700,0.700,0.660,0.660,0.660,0.700,0.700,0.700,365,2
0.750,0.750,0.750,0.700,0.700,0.700,0.690,0.690,0.690,0.700,0.700,0.700,258,2
0.750,0.750,0.750,0.700,0.700,0.700,0.740,0.740,0.740,0.700,0.700,0.700,197,1
0.650,0.650,0.650,0.700,0.700,0.700,0.740,0.740,0.740,0.700,0.700,0.700,307,1
0.750,0.750,0.750,0.700,0.700,0.700,0.710,0.710,0.710,0.700,0.700,0.700,491,1
0.700,0.700,0.700,0.700,0.700,0.700,0.700,0.700,0.700,0.720,0.720,0.720,382,2
0.750,0.750,0.750,0.700,0.700,0.700,0.750,0.750,0.750,0.700,0.700,0.700,957,1
0.700,0.700,0.700,0.700,0.700,0.700,0.720,0.720,0.720,0.700,0.700,0.700,184,1
0.750,0.750,0.750,0.700,0.700,0.700,0.710,0.710,0.710,0.700,0.700,0.700,425,1
0.700,0.700,0.700,0.700,0.700,0.700,0.740,0.740,0.740,0.700,0.700,0.700,879,1
0.650,0.650,0.650,0.700,0.700,0.700,0.650,0.650,0.650,0.700,0.700,0.700,793,2
0.700,0.700,0.700,0.700,0.700,0.700,0.700,0.700,0.700,0.690,0.690,0.690,775,1
0.750,0.750,0.750,0.700,0.700,0.700,0.750,0.750,0.750,0.700,0.700,0.700,264,1
0.700,0.700,0.700,0.700,0.700,0.700,0.710,0.710,0.710,0.700,0.700,0.700,711,1
0.700,0.700,0.700,0.700,0.700,0.700,0.700,0.700,0.700,0.740,0.740,0.740,747,2
0.700,0.700,0.700,0.750,0.750,0.750,0.700,0.700,0.700,0.750,0.750,0.750,759,2
0.650,0.650,0.650,0.700,0.700,0.700,0.670,0.670,0.670,0.700,0.700,0.700,531,2
0.750,0.750,0.750,0.700,0.700,0.700,0.750,0.750,0.750,0.700,0.700,0.700,528,1
0.700,0.700,0.700,0.700,0.700,0.700,0.700,0.700,0.700,0.710,0.710,0.710,480,2
0.700,0.700,0.700,0.750,0.750,0.750,0.700,0.700,0.700,0.700,0.700,0.700,952,2
0.700,0.700,0.700,0.750,0.750,0.750,0.700,0.700,0.700,0.750,0.750,0.750,429,2
0.700,0.700,0.700,0.700,0.700,0.700,0.750,0.750,0.750,0.700,0.700,0.700,550,1
0.700,0.700,0.700,0.700,0.700,0.700,0.700,0.700,0.700,0.680,0.680,0.680,543,1
0.700,0.700,0.700,0.700,0.700,0.700,0.700,0.700,0.700,0.710,0.710,0.710,249,2
0.650,0.650,0.650,0.700,0.700,0.700,0.740,0.740,0.740,0.700,0.700,0.700,175,1
0.750,0.750,0.750,0.700,0.700,0.700,0.680,0.680,0.680,0.700,0.700,0.700,554,2
0.750,0.750,0.750,0.700,0.700,0.700,0.720,0.720,0.720,0.700,0.700,0.700,327,1
0.700,0.700,0.700,0.700,0.700,0.700,0.750,0.750,0.750,0.700,0.700,0.700,847,1
0.700,0.700,0.700,0.650,0.650,0.650,0.700,0.700,0.700,0.690,0.690,0.690,863,1
0.700,0.700,0.700,0.700,0.700,0.700,0.700,0.700,0.700,0.720,0.720,0.720,844,2
0.750,0.750,0.750,0.700,0.700,0.700,0.720,0.720,0.720,0.700,0.700,0.700,162,1
0.700,0.700,0.700,0.750,0.750,0.750,0.700,0.700,0.700,0.700,0.700,0.700,193,2
0.700,0.700,0.700,0.700,0.700,0.700,0.750,0.750,0.750,0.700,0.700,0.700,517,1
0.750,0.750,0.750,0.700,0.700,0.700,0.740,0.740,0.740,0.700,0.700,0.700,329,1
0.700,0.700,0.700,0.750,0.750,0.750,0.700,0.700,0.700,0.660,0.660,0.660,156,1
0.750,0.750,0.750,0.700,0.700,0.700,0.680,0.680,0.680,0.700,0.700,0.700,785,2
0.700,0.700,0.700,0.750,0.750,0.750,0.700,0.700,0.700,0.720,0.720,0.720,525,2
0.700,0.700,0.700,0.750,0.750,0.750,0.700,0.700,0.700,0.700,0.700,0.700,325,2
0.700,0.700,0.700,0.700,0.700,0.700,0.710,0.710,0.710,0.700,0.700,0.700,777,1
0.750,0.750,0.750,0.700,0.700,0.700,0.680,0.680,0.680,0.700,0.700,0.700,818,2
0.700,0.700,0.700,0.700,0.700,0.700,0.700,0.700,0.700,0.670,0.670,0.670,872,1
0.700,0.700,0.700,0.750,0.750,0.750,0.700,0.700,0.700,0.740,0.740,0.740,494,2
0.700,0.700,0.700,0.700,0.700,0.700,0.700,0.700,0.700,0.670,0.670,0.670,14,1
0.750,0.750,0.750,0.700,0.700,0.700,0.710,0.710,0.710,0.700,0.700,0.700,590,1
0.750,0.750,0.750,0.700,0.700,0.700,0.660,0.660,0.660,0.700,0.700,0.700,288,2
0.700,0.700,0.700,0.650,0.650,0.650,0.700,0.700,0.700,0.740,0.740,0.740,571,2
0.700,0.700,0.700,0.700,0.700,0.700,0.700,0.700,0.700,0.650,0.650,0.650,78,1
0.750,0.750,0.750,0.700,0.700,0.700,0.680,0.680,0.680,0.700,0.700,0.700,356,2
0.650,0.650,0.650,0.700,0.700,0.700,0.750,0.750,0.750,0.700,0.700,0.700,539,1
0.750,0.750,0.750,0.700,0.700,0.700,0.750,0.750,0.750,0.700,0.700,0.700,660,1
0.650,0.650,0.650,0.700,0.700,0.700,0.710,0.710,0.710,0.700,0.700,0.700,931,1
0.750,0.750,0.750,0.700,0.700,0.700,0.680,0.680,0.680,0.700,0.700,0.700,191,2
0.750,0.750,0.750,0.700,0.700,0.700,0.650,0.650,0.650,0.700,0.700,0.700,419,2
0.700,0.700,0.700,0.650,0.650,0.650,0.700,0.700,0.700,0.680,0.680,0.680,268,1
0.750,0.750,0.750,0.700,0.700,0.700,0.660,0.660,0.660,0.700,0.700,0.700,882,2
0.700,0.700,0.700,0.700,0.700,0.700,0.700,0.700,0.700,0.680,0.680,0.680,840,1
0.700,0.700,0.700,0.700,0.700,0.700,0.720,0.720,0.720,0.700,0.700,0.700,943,1
0.700,0.700,0.700,0.750,0.750,0.750,0.700,0.700,0.700,0.670,0.670,0.670,520,1
0.700,0.700,0.700,0.700,0.700,0.700,0.720,0.720,0.720,0.700,0.700,0.700,778,1
0.700,0.700,0.700,0.750,0.750,0.750,0.700,0.700,0.700,0.660,0.660,0.660,90,1
0.700,0.700,0.700,0.650,0.650,0.650,0.700,0.700,0.700,0.670,0.670,0.670,168,1
0.700,0.700,0.700,0.750,0.750,0.750,0.700,0.700,0.700,0.710,0.710,0.710,953,2
0.750,0.750,0.750,0.700,0.700,0.700,0.650,0.650,0.650,0.700,0.700,0.700,617,2
0.700,0.700,0.700,0.650,0.650,0.650,0.700,0.700,0.700,0.680,0.680,0.680,829,1
0.750,0.750,0.750,0.700,0.700,0.700,0.670,0.670,0.670,0.700,0.700,0.700,190,2
0.750,0.750,0.750,0.700,0.700,0.700,0.740,0.740,0.740,0.700,0.700,0.700,461,1
0.700,0.700,0.700,0.700,0.700,0.700,0.700,0.700,0.700,0.690,0.690,0.690,742,1
0.700,0.700,0.700,0.750,0.750,0.750,0.700,0.700,0.700,0.670,0.670,0.670,223,1
0.700,0.700,0.700,0.750,0.750,0.750,0.700,0.700,0.700,0.740,0.740,0.740,527,2
0.700,0.700,0.700,0.700,0.700,0.700,0.700,0.700,0.700,0.690,0.690,0.690,115,1
0.650,0.650,0.650,0.700,0.700,0.700,0.650,0.650,0.650,0.700,0.700,0.700,1,2
0.700,0.700,0.700,0.700,0.700,0.700,0.700,0.700,0.700,0.700,0.700,0.700,611,1
0.700,0.700,0.700,0.650,0.650,0.650,0.700,0.700,0.700,0.730,0.730,0.730,9,2
0.700,0.700,0.700,0.700,0.700,0.700,0.700,0.700,0.700,0.730,0.730,0.730,878,2
0.700,0.700,0.700,0.700,0.700,0.700,0.700,0.700,0.700,0.690,0.690,0.690,412,1
0.750,0.750,0.750,0.700,0.700,0.700,0.650,0.650,0.650,0.700,0.700,0.700,188,2
0.700,0.700,0.700,0.650,0.650,0.650,0.700,0.700,0.700,0.700,0.700,0.700,204,2
0.700,0.700,0.700,0.650,0.650,0.650,0.700,0.700,0.700,0.690,0.690,0.690,5,1
0.700,0.700,0.700,0.750,0.750,0.750,0.700,0.700,0.700,0.740,0.740,0.740,626,2
0.700,0.700,0.700,0.750,0.750,0.750,0.700,0.700,0.700,0.680,0.680,0.680,422,1
0.700,0.700,0.700,0.750,0.750,0.750,0.700,0.700,0.700,0.690,0.690,0.690,852,1
0.650,0.650,0.650,0.700,0.700,0.700,0.660,0.660,0.660,0.700,0.700,0.700,167,2
0.700,0.700,0.700,0.750,0.750,0.750,0.700,0.700,0.700,0.670,0.670,0.670,25,1
0.700,0.700,0.700,0.650,0.650,0.650,0.700,0.700,0.700,0.690,0.690,0.690,731,1
0.700,0.700,0.700,0.650,0.650,0.650,0.700,0.700,0.700,0.670,0.670,0.670,630,1
0.700,0.700,0.700,0.750,0.750,0.750,0.700,0.700,0.700,0.680,0.680,0.680,92,1
0.650,0.650,0.650,0.700,0.700,0.700,0.680,0.680,0.680,0.700,0.700,0.700,70,2
0.700,0.700,0.700,0.700,0.700,0.700,0.650,0.650,0.650,0.700,0.700,0.700,540,2
0.750,0.750,0.750,0.700,0.700,0.700,0.750,0.750,0.750,0.700,0.700,0.700,297,1
0.700,0.700,0.700,0.750,0.750,0.750,0.700,0.700,0.700,0.740,0.740,0.740,758,2
0.750,0.750,0.750,0.700,0.700,0.700,0.750,0.750,0.750,0.700,0.700,0.700,363,1
0.700,0.700,0.700,0.700,0.700,0.700,0.700,0.700,0.700,0.750,0.750,0.750,946,2
0.700,0.700,0.700,0.650,0.650,0.650,0.700,0.700,0.700,0.750,0.750,0.750,572,2
0.700,0.700,0.700,0.750,0.750,0.750,0.700,0.700,0.700,0.700,0.700,0.700,853,2
0.650,0.650,0.650,0.700,0.700,0.700,0.670,0.670,0.670,0.700,0.700,0.700,432,2
0.700,0.700,0.700,0.700,0.700,0.700,0.670,0.670,0.670,0.700,0.700,0.700,146,2
0.650,0.650,0.650,0.700,0.700,0.700,0.690,0.690,0.690,0.700,0.700,0.700,698,2
0.700,0.700,0.700,0.700,0.700,0.700,0.680,0.680,0.680,0.700,0.700,0.700,906,2
0.700,0.700,0.700,0.700,0.700,0.700,0.650,0.650,0.650,0.700,0.700,0.700,804,2
0.700,0.700,0.700,0.650,0.650,0.650,0.700,0.700,0.700,0.670,0.670,0.670,36,1
0.650,0.650,0.650,0.700,0.700,0.700,0.650,0.650,0.650,0.700,0.700,0.700,694,2
0.700,0.700,0.700,0.750,0.750,0.750,0.700,0.700,0.700,0.730,0.730,0.730,493,2
0.700,0.700,0.700,0.700,0.700,0.700,0.660,0.660,0.660,0.700,0.700,0.700,343,2
0.700,0.700,0.700,0.700,0.700,0.700,0.690,0.690,0.690,0.700,0.700,0.700,478,2
0.650,0.650,0.650,0.700,0.700,0.700,0.660,0.660,0.660,0.700,0.700,0.700,695,2
0.650,0.650,0.650,0.700,0.700,0.700,0.700,0.700,0.700,0.700,0.700,0.700,369,1
0.700,0.700,0.700,0.650,0.650,0.650,0.700,0.700,0.700,0.660,0.660,0.660,596,1
0.700,0.700,0.700,0.700,0.700,0.700,0.700,0.700,0.700,0.740,0.740,0.740,516,2
0.700,0.700,0.700,0.700,0.700,0.700,0.700,0.700,0.700,0.700,0.700,0.700,248,2
0.750,0.750,0.750,0.700,0.700,0.700,0.710,0.710,0.710,0.700,0.700,0.700,161,1
0.650,0.650,0.650,0.700,0.700,0.700,0.710,0.710,0.710,0.700,0.700,0.700,667,1
0.650,0.650,0.650,0.700,0.700,0.700,0.710,0.710,0.710,0.700,0.700,0.700,766,1
0.650,0.650,0.650,0.700,0.700,0.700,0.750,0.750,0.750,0.700,0.700,0.700,704,1
0.700,0.700,0.700,0.650,0.650,0.650,0.700,0.700,0.700,0.720,0.720,0.720,470,2
0.700,0.700,0.700,0.700,0.700,0.700,0.700,0.700,0.700,0.650,0.650,0.650,408,1
0.750,0.750,0.750,0.700,0.700,0.700,0.750,0.750,0.750,0.700,0.700,0.700,33,1
0.750,0.750,0.750,0.700,0.700,0.700,0.750,0.750,0.750,0.700,0.700,0.700,990,1
0.700,0.700,0.700,0.650,0.650,0.650,0.700,0.700,0.700,0.750,0.750,0.750,209,2
0.650,0.650,0.650,0.700,0.700,0.700,0.730,0.730,0.730,0.700,0.700,0.700,768,1
0.750,0.750,0.750,0.700,0.700,0.700,0.740,0.740,0.740,0.700,0.700,0.700,263,1
0.700,0.700,0.700,0.750,0.750,0.750,0.700,0.700,0.700,0.680,0.680,0.680,257,1
0.700,0.700,0.700,0.650,0.650,0.650,0.700,0.700,0.700,0.740,0.740,0.740,505,2
0.750,0.750,0.750,0.700,0.700,0.700,0.710,0.710,0.710,0.700,0.700,0.700,458,1
0.700,0.700,0.700,0.700,0.700,0.700,0.650,0.650,0.650,0.700,0.700,0.700,12,2
0.700,0.700,0.700,0.700,0.700,0.700,0.750,0.750,0.750,0.700,0.700,0.700,715,1
0.750,0.750,0.750,0.700,0.700,0.700,0.710,0.710,0.710,0.700,0.700,0.700,62,1
0.700,0.700,0.700,0.700,0.700,0.700,0.700,0.700,0.700,0.730,0.730,0.730,614,2
0.700,0.700,0.700,0.650,0.650,0.650,0.700,0.700,0.700,0.750,0.750,0.750,308,2
0.700,0.700,0.700,0.650,0.650,0.650,0.700,0.700,0.700,0.730,0.730,0.730,306,2
0.700,0.700,0.700,0.700,0.700,0.700,0.730,0.730,0.730,0.700,0.700,0.700,416,1
0.700,0.700,0.700,0.750,0.750,0.750,0.700,0.700,0.700,0.720,0.720,0.720,195,2
0.700,0.700,0.700,0.650,0.650,0.650,0.700,0.700,0.700,0.670,0.670,0.670,663,1
0.700,0.700,0.700,0.700,0.700,0.700,0.700,0.700,0.700,0.700,0.700,0.700,314,2
0.700,0.700,0.700,0.700,0.700,0.700,0.730,0.730,0.730,0.700,0.700,0.700,515,1
0.750,0.750,0.750,0.700,0.700,0.700,0.680,0.680,0.680,0.700,0.700,0.700,290,2
0.700,0.700,0.700,0.750,0.750,0.750,0.700,0.700,0.700,0.710,0.710,0.710,326,2
0.700,0.700,0.700,0.700,0.700,0.700,0.690,0.690,0.690,0.700,0.700,0.700,445,2
0.650,0.650,0.650,0.700,0.700,0.700,0.680,0.680,0.680,0.700,0.700,0.700,961,2
0.700,0.700,0.700,0.700,0.700,0.700,0.700,0.700,0.700,0.690,0.690,0.690,577,1
0.700,0.700,0.700,0.650,0.650,0.650,0.700,0.700,0.700,0.730,0.730,0.730,240,2
0.700,0.700,0.700,0.650,0.650,0.650,0.700,0.700,0.700,0.700,0.700,0.700,72,2
0.700,0.700,0.700,0.750,0.750,0.750,0.700,0.700,0.700,0.730,0.730,0.730,790,2
0.650,0.650,0.650,0.700,0.700,0.700,0.700,0.700,0.700,0.700,0.700,0.700,798,1
0.750,0.750,0.750,0.700,0.700,0.700,0.650,0.650,0.650,0.700,0.700,0.700,650,2
0.700,0.700,0.700,0.650,0.650,0.650,0.700,0.700,0.700,0.730,0.730,0.730,141,2
0.700,0.700,0.700,0.700,0.700,0.700,0.700,0.700,0.700,0.740,0.740,0.740,582,2
0.650,0.650,0.650,0.700,0.700,0.700,0.740,0.740,0.740,0.700,0.700,0.700,868,1
0.700,0.700,0.700,0.650,0.650,0.650,0.700,0.700,0.700,0.730,0.730,0.730,834,2
0.700,0.700,0.700,0.700,0.700,0.700,0.680,0.680,0.680,0.700,0.700,0.700,147,2
0.650,0.650,0.650,0.700,0.700,0.700,0.670,0.670,0.670,0.700,0.700,0.700,960,2
0.700,0.700,0.700,0.750,0.750,0.750,0.700,0.700,0.700,0.720,0.720,0.720,756,2
0.700,0.700,0.700,0.750,0.750,0.750,0.700,0.700,0.700,0.650,0.650,0.650,287,1
0.750,0.750,0.750,0.700,0.700,0.700,0.700,0.700,0.700,0.700,0.700,0.700,28,1
0.700,0.700,0.700,0.650,0.650,0.650,0.700,0.700,0.700,0.660,0.660,0.660,794,1
0.700,0.700,0.700,0.650,0.650,0.650,0.700,0.700,0.700,0.750,0.750,0.750,440,2
0.700,0.700,0.700,0.750,0.750,0.750,0.700,0.700,0.700,0.680,0.680,0.680,950,1
0.700,0.700,0.700,0.700,0.700,0.700,0.720,0.720,0.720,0.700,0.700,0.700,547,1
0.700,0.700,0.700,0.700,0.700,0.700,0.700,0.700,0.700,0.700,0.700,0.700,677,1
0.650,0.650,0.650,0.700,0.700,0.700,0.710,0.710,0.710,0.700,0.700,0.700,799,1
0.650,0.650,0.650,0.700,0.700,0.700,0.670,0.670,0.670,0.700,0.700,0.700,729,2
0.650,0.650,0.650,0.700,0.700,0.700,0.650,0.650,0.650,0.700,0.700,0.700,298,2
0.700,0.700,0.700,0.750,0.750,0.750,0.700,0.700,0.700,0.650,0.650,0.650,155,1
0.700,0.700,0.700,0.700,0.700,0.700,0.700,0.700,0.700,0.650,0.650,0.650,309,1
0.750,0.750,0.750,0.700,0.700,0.700,0.680,0.680,0.680,0.700,0.700,0.700,488,2
0.650,0.650,0.650,0.700,0.700,0.700,0.750,0.750,0.750,0.700,0.700,0.700,803,1
0.650,0.650,0.650,0.700,0.700,0.700,0.690,0.690,0.690,0.700,0.700,0.700,830,2
0.700,0.700,0.700,0.700,0.700,0.700,0.750,0.750,0.750,0.700,0.700,0.700,979,1
0.700,0.700,0.700,0.700,0.700,0.700,0.710,0.710,0.710,0.700,0.700,0.700,381,1
0.750,0.750,0.750,0.700,0.700,0.700,0.670,0.670,0.670,0.700,0.700,0.700,91,2
0.700,0.700,0.700,0.650,0.650,0.650,0.700,0.700,0.700,0.690,0.690,0.690,929,1
0.700,0.700,0.700,0.700,0.700,0.700,0.700,0.700,0.700,0.740,0.740,0.740,846,2
0.650,0.650,0.650,0.700,0.700,0.700,0.650,0.650,0.650,0.700,0.700,0.700,199,2
0.700,0.700,0.700,0.700,0.700,0.700,0.700,0.700,0.700,0.680,0.680,0.680,213,1
0.650,0.650,0.650,0.700,0.700,0.700,0.700,0.700,0.700,0.700,0.700,0.700,831,1
0.700,0.700,0.700,0.700,0.700,0.700,0.700,0.700,0.700,0.700,0.700,0.700,83,2
0.700,0.700,0.700,0.650,0.650,0.650,0.700,0.700,0.700,0.750,0.750,0.750,935,2
0.700,0.700,0.700,0.750,0.750,0.750,0.700,0.700,0.700,0.710,0.710,0.710,755,2
0.750,0.750,0.750,0.700,0.700,0.700,0.670,0.670,0.670,0.700,0.700,0.700,619,2
0.650,0.650,0.650,0.700,0.700,0.700,0.750,0.750,0.750,0.700,0.700,0.700,77,1
0.700,0.700,0.700,0.650,0.650,0.650,0.700,0.700,0.700,0.690,0.690,0.690,104,1
0.650,0.650,0.650,0.700,0.700,0.700,0.710,0.710,0.710,0.700,0.700,0.700,304,1
0.700,0.700,0.700,0.750,0.750,0.750,0.700,0.700,0.700,0.680,0.680,0.680,851,1
0.700,0.700,0.700,0.700,0.700,0.700,0.670,0.670,0.670,0.700,0.700,0.700,971,2
0.650,0.650,0.650,0.700,0.700,0.700,0.660,0.660,0.660,0.700,0.700,0.700,728,2
0.650,0.650,0.650,0.700,0.700,0.700,0.680,0.680,0.680,0.700,0.700,0.700,334,2
0.700,0.700,0.700,0.750,0.750,0.750,0.700,0.700,0.700,0.650,0.650,0.650,881,1
0.650,0.650,0.650,0.700,0.700,0.700,0.670,0.670,0.670,0.700,0.700,0.700,465,2
0.700,0.700,0.700,0.750,0.750,0.750,0.700,0.700,0.700,0.710,0.710,0.710,293,2
0.750,0.750,0.750,0.700,0.700,0.700,0.680,0.680,0.680,0.700,0.700,0.700,224,2
0.700,0.700,0.700,0.750,0.750,0.750,0.700,0.700,0.700,0.710,0.710,0.710,392,2
0.650,0.650,0.650,0.700,0.700,0.700,0.680,0.680,0.680,0.700,0.700,0.700,631,2
0.700,0.700,0.700,0.700,0.700,0.700,0.660,0.660,0.660,0.700,0.700,0.700,871,2
0.650,0.650,0.650,0.700,0.700,0.700,0.670,0.670,0.670,0.700,0.700,0.700,267,2
0.700,0.700,0.700,0.750,0.750,0.750,0.700,0.700,0.700,0.700,0.700,0.700,556,2
0.700,0.700,0.700,0.750,0.750,0.750,0.700,0.700,0.700,0.750,0.750,0.750,891,2
0.700,0.700,0.700,0.750,0.750,0.750,0.700,0.700,0.700,0.700,0.700,0.700,589,2
0.700,0.700,0.700,0.700,0.700,0.700,0.700,0.700,0.700,0.680,0.680,0.680,609,1
0.700,0.700,0.700,0.750,0.750,0.750,0.700,0.700,0.700,0.740,0.740,0.740,362,2
0.700,0.700,0.700,0.700,0.700,0.700,0.730,0.730,0.730,0.700,0.700,0.700,185,1
0.650,0.650,0.650,0.700,0.700,0.700,0.660,0.660,0.660,0.700,0.700,0.700,497,2
0.700,0.700,0.700,0.700,0.700,0.700,0.700,0.700,0.700,0.660,0.660,0.660,904,1
0.700,0.700,0.700,0.650,0.650,0.650,0.700,0.700,0.700,0.710,0.710,0.710,898,2
0.700,0.700,0.700,0.650,0.650,0.650,0.700,0.700,0.700,0.720,0.720,0.720,173,2
0.700,0.700,0.700,0.750,0.750,0.750,0.700,0.700,0.700,0.740,0.740,0.740,857,2
0.700,0.700,0.700,0.650,0.650,0.650,0.700,0.700,0.700,0.650,0.650,0.650,760,1
0.700,0.700,0.700,0.650,0.650,0.650,0.700,0.700,0.700,0.720,0.720,0.720,41,2
0.700,0.700,0.700,0.700,0.700,0.700,0.710,0.710,0.710,0.700,0.700,0.700,678,1
0.700,0.700,0.700,0.700,0.700,0.700,0.700,0.700,0.700,0.690,0.690,0.690,874,1
0.750,0.750,0.750,0.700,0.700,0.700,0.670,0.670,0.670,0.700,0.700,0.700,652,2
0.700,0.700,0.700,0.750,0.750,0.750,0.700,0.700,0.700,0.650,0.650,0.650,386,1
0.700,0.700,0.700,0.700,0.700,0.700,0.660,0.660,0.660,0.700,0.700,0.700,475,2
0.700,0.700,0.700,0.700,0.700,0.700,0.750,0.750,0.750,0.700,0.700,0.700,88,1
0.700,0.700,0.700,0.700,0.700,0.700,0.700,0.700,0.700,0.740,0.740,0.740,219,2
0.700,0.700,0.700,0.700,0.700,0.700,0.660,0.660,0.660,0.700,0.700,0.700,706,2
0.700,0.700,0.700,0.650,0.650,0.650,0.700,0.700,0.700,0.690,0.690,0.690,467,1
0.650,0.650,0.650,0.700,0.700,0.700,0.700,0.700,0.700,0.700,0.700,0.700,435,1
0.700,0.700,0.700,0.700,0.700,0.700,0.700,0.700,0.700,0.670,0.670,0.670,245,1
0.700,0.700,0.700,0.700,0.700,0.700,0.740,0.740,0.740,0.700,0.700,0.700,417,1
0.700,0.700,0.700,0.650,0.650,0.650,0.700,0.700,0.700,0.720,0.720,0.720,371,2
0.700,0.700,0.700,0.700,0.700,0.700,0.700,0.700,0.700,0.740,0.740,0.740,120,2
0.750,0.750,0.750,0.700,0.700,0.700,0.720,0.720,0.720,0.700,0.700,0.700,492,1
0.700,0.700,0.700,0.700,0.700,0.700,0.700,0.700,0.700,0.730,0.730,0.730,119,2
0.700,0.700,0.700,0.700,0.700,0.700,0.700,0.700,0.700,0.680,0.680,0.680,246,1
0.700,0.700,0.700,0.750,0.750,0.750,0.700,0.700,0.700,0.650,0.650,0.650,914,1
0.700,0.700,0.700,0.750,0.750,0.750,0.700,0.700,0.700,0.650,0.650,0.650,947,1
0.750,0.750,0.750,0.700,0.700,0.700,0.660,0.660,0.660,0.700,0.700,0.700,684,2
0.700,0.700,0.700,0.700,0.700,0.700,0.700,0.700,0.700,0.720,0.720,0.720,118,2
0.700,0.700,0.700,0.750,0.750,0.750,0.700,0.700,0.700,0.660,0.660,0.660,57,1
0.700,0.700,0.700,0.700,0.700,0.700,0.730,0.730,0.730,0.700,0.700,0.700,647,1
0.650,0.650,0.650,0.700,0.700,0.700,0.720,0.720,0.720,0.700,0.700,0.700,404,1
0.750,0.750,0.750,0.700,0.700,0.700,0.730,0.730,0.730,0.700,0.700,0.700,394,1
0.700,0.700,0.700,0.700,0.700,0.700,0.700,0.700,0.700,0.730,0.730,0.730,911,2
0.700,0.700,0.700,0.700,0.700,0.700,0.700,0.700,0.700,0.670,0.670,0.670,773,1
0.750,0.750,0.750,0.700,0.700,0.700,0.680,0.680,0.680,0.700,0.700,0.700,752,2
0.700,0.700,0.700,0.750,0.750,0.750,0.700,0.700,0.700,0.690,0.690,0.690,720,1
0.700,0.700,0.700,0.650,0.650,0.650,0.700,0.700,0.700,0.710,0.710,0.710,205,2
0.700,0.700,0.700,0.750,0.750,0.750,0.700,0.700,0.700,0.690,0.690,0.690,951,1
0.700,0.700,0.700,0.650,0.650,0.650,0.700,0.700,0.700,0.670,0.670,0.670,3,1
0.700,0.700,0.700,0.650,0.650,0.650,0.700,0.700,0.700,0.750,0.750,0.750,44,2
0.650,0.650,0.650,0.700,0.700,0.700,0.720,0.720,0.720,0.700,0.700,0.700,833,1
0.700,0.700,0.700,0.700,0.700,0.700,0.700,0.700,0.700,0.720,0.720,0.720,283,2
0.750,0.750,0.750,0.700,0.700,0.700,0.650,0.650,0.650,0.700,0.700,0.700,89,2
0.700,0.700,0.700,0.700,0.700,0.700,0.700,0.700,0.700,0.700,0.700,0.700,281,1
0.750,0.750,0.750,0.700,0.700,0.700,0.730,0.730,0.730,0.700,0.700,0.700,130,1
0.750,0.750,0.750,0.700,0.700,0.700,0.700,0.700,0.700,0.700,0.700,0.700,292,1
0.700,0.700,0.700,0.700,0.700,0.700,0.700,0.700,0.700,0.650,0.650,0.650,111,1
0.700,0.700,0.700,0.650,0.650,0.650,0.700,0.700,0.700,0.670,0.670,0.670,795,1
0.700,0.700,0.700,0.700,0.700,0.700,0.670,0.670,0.670,0.700,0.700,0.700,113,2
0.650,0.650,0.650,0.700,0.700,0.700,0.750,0.750,0.750,0.700,0.700,0.700,242,1
0.700,0.700,0.700,0.700,0.700,0.700,0.710,0.710,0.710,0.700,0.700,0.700,942,1
0.700,0.700,0.700,0.650,0.650,0.650,0.700,0.700,0.700,0.720,0.720,0.720,536,2
0.700,0.700,0.700,0.650,0.650,0.650,0.700,0.700,0.700,0.700,0.700,0.700,336,2
0.700,0.700,0.700,0.700,0.700,0.700,0.700,0.700,0.700,0.710,0.710,0.710,282,2
0.750,0.750,0.750,0.700,0.700,0.700,0.650,0.650,0.650,0.700,0.700,0.700,683,2
0.650,0.650,0.650,0.700,0.700,0.700,0.720,0.720,0.720,0.700,0.700,0.700,734,1
0.700,0.700,0.700,0.700,0.700,0.700,0.660,0.660,0.660,0.700,0.700,0.700,112,2
0.750,0.750,0.750,0.700,0.700,0.700,0.750,0.750,0.750,0.700,0.700,0.700,594,1
0.700,0.700,0.700,0.750,0.750,0.750,0.700,0.700,0.700,0.670,0.670,0.670,289,1
0.750,0.750,0.750,0.700,0.700,0.700,0.690,0.690,0.690,0.700,0.700,0.700,456,2
0.750,0.750,0.750,0.700,0.700,0.700,0.740,0.740,0.740,0.700,0.700,0.700,32,1
0.700,0.700,0.700,0.700,0.700,0.700,0.650,0.650,0.650,0.700,0.700,0.700,639,2
0.650,0.650,0.650,0.700,0.700,0.700,0.670,0.670,0.670,0.700,0.700,0.700,894,2
0.650,0.650,0.650,0.700,0.700,0.700,0.680,0.680,0.680,0.700,0.700,0.700,202,2
0.700,0.700,0.700,0.700,0.700,0.700,0.700,0.700,0.700,0.680,0.680,0.680,378,1
0.700,0.700,0.700,0.700,0.700,0.700,0.700,0.700,0.700,0.680,0.680,0.680,180,1
0.700,0.700,0.700,0.700,0.700,0.700,0.700,0.700,0.700,0.680,0.680,0.680,939,1
0.700,0.700,0.700,0.650,0.650,0.650,0.700,0.700,0.700,0.650,0.650,0.650,463,1
0.750,0.750,0.750,0.700,0.700,0.700,0.740,0.740,0.740,0.700,0.700,0.700,428,1
0.700,0.700,0.700,0.700,0.700,0.700,0.700,0.700,0.700,0.740,0.740,0.740,483,2
0.700,0.700,0.700,0.650,0.650,0.650,0.700,0.700,0.700,0.710,0.710,0.710,40,2
0.700,0.700,0.700,0.700,0.700,0.700,0.700,0.700,0.700,0.670,0.670,0.670,806,1
0.700,0.700,0.700,0.650,0.650,0.650,0.700,0.700,0.700,0.750,0.750,0.750,605,2
0.700,0.700,0.700,0.750,0.750,0.750,0.700,0.700,0.700,0.670,0.670,0.670,949,1
0.650,0.650,0.650,0.700,0.700,0.700,0.720,0.720,0.720,0.700,0.700,0.700,602,1
0.700,0.700,0.700,0.700,0.700,0.700,0.700,0.700,0.700,0.710,0.710,0.710,348,2
0.650,0.650,0.650,0.700,0.700,0.700,0.710,0.710,0.710,0.700,0.700,0.700,469,1
0.750,0.750,0.750,0.700,0.700,0.700,0.660,0.660,0.660,0.700,0.700,0.700,816,2
0.650,0.650,0.650,0.700,0.700,0.700,0.670,0.670,0.670,0.700,0.700,0.700,201,2
0.650,0.650,0.650,0.700,0.700,0.700,0.700,0.700,0.700,0.700,0.700,0.700,897,1
0.700,0.700,0.700,0.700,0.700,0.700,0.700,0.700,0.700,0.660,0.660,0.660,79,1
0.700,0.700,0.700,0.650,0.650,0.650,0.700,0.700,0.700,0.650,0.650,0.650,133,1
0.700,0.700,0.700,0.700,0.700,0.700,0.700,0.700,0.700,0.680,0.680,0.680,15,1
0.700,0.700,0.700,0.700,0.700,0.700,0.750,0.750,0.750,0.700,0.700,0.700,880,1
0.650,0.650,0.650,0.700,0.700,0.700,0.680,0.680,0.680,0.700,0.700,0.700,862,2
0.700,0.700,0.700,0.700,0.700,0.700,0.700,0.700,0.700,0.690,0.690,0.690,511,1
0.650,0.650,0.650,0.700,0.700,0.700,0.660,0.660,0.660,0.700,0.700,0.700,35,2
0.700,0.700,0.700,0.650,0.650,0.650,0.700,0.700,0.700,0.670,0.670,0.670,135,1
0.700,0.700,0.700,0.650,0.650,0.650,0.700,0.700,0.700,0.670,0.670,0.670,696,1
0.700,0.700,0.700,0.700,0.700,0.700,0.690,0.690,0.690,0.700,0.700,0.700,544,2
0.750,0.750,0.750,0.700,0.700,0.700,0.730,0.730,0.730,0.700,0.700,0.700,823,1
0.700,0.700,0.700,0.700,0.700,0.700,0.710,0.710,0.710,0.700,0.700,0.700,546,1
0.750,0.750,0.750,0.700,0.700,0.700,0.700,0.700,0.700,0.700,0.700,0.700,127,1
0.750,0.750,0.750,0.700,0.700,0.700,0.730,0.730,0.730,0.700,0.700,0.700,559,1
0.700,0.700,0.700,0.650,0.650,0.650,0.700,0.700,0.700,0.690,0.690,0.690,236,1
0.700,0.700,0.700,0.750,0.750,0.750,0.700,0.700,0.700,0.750,0.750,0.750,330,2
0.650,0.650,0.650,0.700,0.700,0.700,0.740,0.740,0.740,0.700,0.700,0.700,637,1
0.700,0.700,0.700,0.700,0.700,0.700,0.700,0.700,0.700,0.700,0.700,0.700,578,2
0.700,0.700,0.700,0.650,0.650,0.650,0.700,0.700,0.700,0.670,0.670,0.670,861,1
0.700,0.700,0.700,0.700,0.700,0.700,0.710,0.710,0.710,0.700,0.700,0.700,315,1
0.700,0.700,0.700,0.750,0.750,0.750,0.700,0.700,0.700,0.750,0.750,0.750,231,2
0.700,0.700,0.700,0.700,0.700,0.700,0.690,0.690,0.690,0.700,0.700,0.700,379,2
0.650,0.650,0.650,0.700,0.700,0.700,0.670,0.670,0.670,0.700,0.700,0.700,333,2
0.700,0.700,0.700,0.750,0.750,0.750,0.700,0.700,0.700,0.660,0.660,0.660,189,1
0.700,0.700,0.700,0.700,0.700,0.700,0.660,0.660,0.660,0.700,0.700,0.700,673,2
0.700,0.700,0.700,0.750,0.750,0.750,0.700,0.700,0.700,0.670,0.670,0.670,850,1
0.700,0.700,0.700,0.650,0.650,0.650,0.700,0.700,0.700,0.720,0.720,0.720,272,2
0.750,0.750,0.750,0.700,0.700,0.700,0.720,0.720,0.720,0.700,0.700,0.700,624,1
0.700,0.700,0.700,0.700,0.700,0.700,0.680,0.680,0.680,0.700,0.700,0.700,708,2
0.750,0.750,0.750,0.700,0.700,0.700,0.700,0.700,0.700,0.700,0.700,0.700,622,1
0.650,0.650,0.650,0.700,0.700,0.700,0.670,0.670,0.670,0.700,0.700,0.700,564,2
0.700,0.700,0.700,0.650,0.650,0.650,0.700,0.700,0.700,0.680,0.680,0.680,103,1
0.750,0.750,0.750,0.700,0.700,0.700,0.740,0.740,0.740,0.700,0.700,0.700,890,1
0.700,0.700,0.700,0.650,0.650,0.650,0.700,0.700,0.700,0.680,0.680,0.680,928,1
0.700,0.700,0.700,0.700,0.700,0.700,0.700,0.700,0.700,0.700,0.700,0.700,149,1
