0.700,0.700,0.700,0.650,0.650,0.650,0.700,0.700,0.700,0.670,0.670,0.670,234,1
0.700,0.700,0.700,0.700,0.700,0.700,0.720,0.720,0.720,0.700,0.700,0.700,877,1
0.700,0.700,0.700,0.750,0.750,0.750,0.700,0.700,0.700,0.650,0.650,0.650,353,1
0.700,0.700,0.700,0.650,0.650,0.650,0.700,0.700,0.700,0.700,0.700,0.700,699,2
0.700,0.700,0.700,0.700,0.700,0.700,0.700,0.700,0.700,0.700,0.700,0.700,83,1
0.700,0.700,0.700,0.650,0.650,0.650,0.700,0.700,0.700,0.710,0.710,0.710,964,2
0.650,0.650,0.650,0.700,0.700,0.700,0.690,0.690,0.690,0.700,0.700,0.700,797,2
0.700,0.700,0.700,0.750,0.750,0.750,0.700,0.700,0.700,0.750,0.750,0.750,891,2
0.700,0.700,0.700,0.750,0.750,0.750,0.700,0.700,0.700,0.700,0.700,0.700,127,2
0.650,0.650,0.650,0.700,0.700,0.700,0.710,0.710,0.710,0.700,0.700,0.700,469,1
0.650,0.650,0.650,0.700,0.700,0.700,0.720,0.720,0.720,0.700,0.700,0.700,767,1
0.700,0.700,0.700,0.750,0.750,0.750,0.700,0.700,0.700,0.720,0.720,0.720,822,2
0.750,0.750,0.750,0.700,0.700,0.700,0.750,0.750,0.750,0.700,0.700,0.700,495,1
0.750,0.750,0.750,0.700,0.700,0.700,0.680,0.680,0.680,0.700,0.700,0.700,719,2
0.700,0.700,0.700,0.750,0.750,0.750,0.700,0.700,0.700,0.750,0.750,0.750,297,2
0.700,0.700,0.700,0.700,0.700,0.700,0.700,0.700,0.700,0.750,0.750,0.750,418,2
0.700,0.700,0.700,0.700,0.700,0.700,0.700,0.700,0.700,0.740,0.740,0.740,87,2
0.700,0.700,0.700,0.700,0.700,0.700,0.670,0.670,0.670,0.700,0.700,0.700,443,2
0.700,0.700,0.700,0.650,0.650,0.650,0.700,0.700,0.700,0.650,0.650,0.650,958,1
0.700,0.700,0.700,0.700,0.700,0.700,0.700,0.700,0.700,0.680,0.680,0.680,741,1
0.700,0.700,0.700,0.700,0.700,0.700,0.700,0.700,0.700,0.750,0.750,0.750,913,2
0.700,0.700,0.700,0.650,0.650,0.650,0.700,0.700,0.700,0.710,0.710,0.710,799,2
0.650,0.650,0.650,0.700,0.700,0.700,0.660,0.660,0.660,0.700,0.700,0.700,167,2
0.700,0.700,0.700,0.700,0.700,0.700,0.690,0.690,0.690,0.700,0.700,0.700,874,2
0.700,0.700,0.700,0.650,0.650,0.650,0.700,0.700,0.700,0.750,0.750,0.750,77,2
0.700,0.700,0.700,0.700,0.700,0.700,0.700,0.700,0.700,0.710,0.710,0.710,876,2
0.700,0.700,0.700,0.700,0.700,0.700,0.700,0.700,0.700,0.740,0.740,0.740,879,2
0.700,0.700,0.700,0.650,0.650,0.650,0.700,0.700,0.700,0.700,0.700,0.700,732,2
0.750,0.750,0.750,0.700,0.700,0.700,0.700,0.700,0.700,0.700,0.700,0.700,358,1
0.700,0.700,0.700,0.700,0.700,0.700,0.700,0.700,0.700,0.740,0.740,0.740,549,2
0.700,0.700,0.700,0.750,0.750,0.750,0.700,0.700,0.700,0.750,0.750,0.750,594,2
0.700,0.700,0.700,0.750,0.750,0.750,0.700,0.700,0.700,0.660,0.660,0.660,189,1
0.700,0.700,0.700,0.750,0.750,0.750,0.700,0.700,0.700,0.710,0.710,0.710,95,2
0.750,0.750,0.750,0.700,0.700,0.700,0.720,0.720,0.720,0.700,0.700,0.700,96,1
0.700,0.700,0.700,0.750,0.750,0.750,0.700,0.700,0.700,0.670,0.670,0.670,718,1
0.700,0.700,0.700,0.700,0.700,0.700,0.700,0.700,0.700,0.730,0.730,0.730,317,2
0.750,0.750,0.750,0.700,0.700,0.700,0.720,0.720,0.720,0.700,0.700,0.700,261,1
0.700,0.700,0.700,0.700,0.700,0.700,0.700,0.700,0.700,0.710,0.710,0.710,348,2
0.700,0.700,0.700,0.650,0.650,0.650,0.700,0.700,0.700,0.680,0.680,0.680,169,1
0.700,0.700,0.700,0.650,0.650,0.650,0.700,0.700,0.700,0.720,0.720,0.720,272,2
0.700,0.700,0.700,0.700,0.700,0.700,0.700,0.700,0.700,0.720,0.720,0.720,679,2
0.750,0.750,0.750,0.700,0.700,0.700,0.690,0.690,0.690,0.700,0.700,0.700,984,2
0.700,0.700,0.700,0.700,0.700,0.700,0.700,0.700,0.700,0.650,0.650,0.650,375,1
0.700,0.700,0.700,0.700,0.700,0.700,0.660,0.660,0.660,0.700,0.700,0.700,310,2
0.750,0.750,0.750,0.700,0.700,0.700,0.730,0.730,0.730,0.700,0.700,0.700,922,1
0.700,0.700,0.700,0.650,0.650,0.650,0.700,0.700,0.700,0.740,0.740,0.740,406,2
0.700,0.700,0.700,0.700,0.700,0.700,0.700,0.700,0.700,0.710,0.710,0.710,18,2
0.650,0.650,0.650,0.700,0.700,0.700,0.720,0.720,0.720,0.700,0.700,0.700,338,1
0.700,0.700,0.700,0.750,0.750,0.750,0.700,0.700,0.700,0.710,0.710,0.710,557,2
0.700,0.700,0.700,0.700,0.700,0.700,0.750,0.750,0.750,0.700,0.700,0.700,253,1
0.700,0.700,0.700,0.700,0.700,0.700,0.730,0.730,0.730,0.700,0.700,0.700,251,1
0.700,0.700,0.700,0.650,0.650,0.650,0.700,0.700,0.700,0.710,0.710,0.710,337,2
0.700,0.700,0.700,0.700,0.700,0.700,0.700,0.700,0.700,0.700,0.700,0.700,644,1
0.700,0.700,0.700,0.700,0.700,0.700,0.700,0.700,0.700,0.680,0.680,0.680,807,1
0.650,0.650,0.650,0.700,0.700,0.700,0.700,0.700,0.700,0.700,0.700,0.700,633,1
0.700,0.700,0.700,0.650,0.650,0.650,0.700,0.700,0.700,0.680,0.680,0.680,367,1
0.700,0.700,0.700,0.700,0.700,0.700,0.700,0.700,0.700,0.660,0.660,0.660,541,1
0.700,0.700,0.700,0.750,0.750,0.750,0.700,0.700,0.700,0.710,0.710,0.710,293,2
0.700,0.700,0.700,0.700,0.700,0.700,0.750,0.750,0.750,0.700,0.700,0.700,616,1
0.750,0.750,0.750,0.700,0.700,0.700,0.720,0.720,0.720,0.700,0.700,0.700,624,1
0.700,0.700,0.700,0.700,0.700,0.700,0.670,0.670,0.670,0.700,0.700,0.700,509,2
0.650,0.650,0.650,0.700,0.700,0.700,0.730,0.730,0.730,0.700,0.700,0.700,834,1
0.750,0.750,0.750,0.700,0.700,0.700,0.680,0.680,0.680,0.700,0.700,0.700,851,2
0.750,0.750,0.750,0.700,0.700,0.700,0.700,0.700,0.700,0.700,0.700,0.700,985,1
0.700,0.700,0.700,0.650,0.650,0.650,0.700,0.700,0.700,0.660,0.660,0.660,596,1
0.700,0.700,0.700,0.700,0.700,0.700,0.700,0.700,0.700,0.700,0.700,0.700,347,2
0.700,0.700,0.700,0.750,0.750,0.750,0.700,0.700,0.700,0.680,0.680,0.680,92,1
0.750,0.750,0.750,0.700,0.700,0.700,0.740,0.740,0.740,0.700,0.700,0.700,428,1
0.700,0.700,0.700,0.700,0.700,0.700,0.670,0.670,0.670,0.700,0.700,0.700,14,2
0.700,0.700,0.700,0.700,0.700,0.700,0.720,0.720,0.720,0.700,0.700,0.700,778,1
0.750,0.750,0.750,0.700,0.700,0.700,0.710,0.710,0.710,0.700,0.700,0.700,128,1
0.700,0.700,0.700,0.700,0.700,0.700,0.720,0.720,0.720,0.700,0.700,0.700,52,1
0.750,0.750,0.750,0.700,0.700,0.700,0.700,0.700,0.700,0.700,0.700,0.700,61,1
0.700,0.700,0.700,0.750,0.750,0.750,0.700,0.700,0.700,0.690,0.690,0.690,390,1
0.700,0.700,0.700,0.750,0.750,0.750,0.700,0.700,0.700,0.730,0.730,0.730,658,2
0.700,0.700,0.700,0.750,0.750,0.750,0.700,0.700,0.700,0.650,0.650,0.650,386,1
0.700,0.700,0.700,0.750,0.750,0.750,0.700,0.700,0.700,0.650,0.650,0.650,881,1
0.700,0.700,0.700,0.700,0.700,0.700,0.680,0.680,0.680,0.700,0.700,0.700,972,2
0.700,0.700,0.700,0.700,0.700,0.700,0.700,0.700,0.700,0.720,0.720,0.720,316,2
0.700,0.700,0.700,0.700,0.700,0.700,0.700,0.700,0.700,0.660,0.660,0.660,739,1
0.700,0.700,0.700,0.650,0.650,0.650,0.700,0.700,0.700,0.720,0.720,0.720,404,2
0.700,0.700,0.700,0.700,0.700,0.700,0.700,0.700,0.700,0.750,0.750,0.750,649,2
0.700,0.700,0.700,0.700,0.700,0.700,0.700,0.700,0.700,0.750,0.750,0.750,286,2
0.650,0.650,0.650,0.700,0.700,0.700,0.680,0.680,0.680,0.700,0.700,0.700,70,2
0.700,0.700,0.700,0.700,0.700,0.700,0.740,0.740,0.740,0.700,0.700,0.700,846,1
0.700,0.700,0.700,0.700,0.700,0.700,0.700,0.700,0.700,0.740,0.740,0.740,384,2
0.700,0.700,0.700,0.650,0.650,0.650,0.700,0.700,0.700,0.670,0.670,0.670,300,1
0.650,0.650,0.650,0.700,0.700,0.700,0.730,0.730,0.730,0.700,0.700,0.700,372,1
0.750,0.750,0.750,0.700,0.700,0.700,0.710,0.710,0.710,0.700,0.700,0.700,425,1
0.650,0.650,0.650,0.700,0.700,0.700,0.690,0.690,0.690,0.700,0.700,0.700,566,2
0.750,0.750,0.750,0.700,0.700,0.700,0.700,0.700,0.700,0.700,0.700,0.700,919,1
0.650,0.650,0.650,0.700,0.700,0.700,0.750,0.750,0.750,0.700,0.700,0.700,440,1
0.750,0.750,0.750,0.700,0.700,0.700,0.750,0.750,0.750,0.700,0.700,0.700,693,1
0.750,0.750,0.750,0.700,0.700,0.700,0.720,0.720,0.720,0.700,0.700,0.700,327,1
0.700,0.700,0.700,0.700,0.700,0.700,0.670,0.670,0.670,0.700,0.700,0.700,575,2
0.700,0.700,0.700,0.650,0.650,0.650,0.700,0.700,0.700,0.720,0.720,0.720,503,2
0.650,0.650,0.650,0.700,0.700,0.700,0.740,0.740,0.740,0.700,0.700,0.700,769,1
0.700,0.700,0.700,0.750,0.750,0.750,0.700,0.700,0.700,0.720,0.720,0.720,987,2
0.700,0.700,0.700,0.750,0.750,0.750,0.700,0.700,0.700,0.720,0.720,0.720,360,2
0.700,0.700,0.700,0.750,0.750,0.750,0.700,0.700,0.700,0.660,0.660,0.660,783,1
0.650,0.650,0.650,0.700,0.700,0.700,0.680,0.680,0.680,0.700,0.700,0.700,730,2
0.700,0.700,0.700,0.700,0.700,0.700,0.720,0.720,0.720,0.700,0.700,0.700,613,1
0.700,0.700,0.700,0.700,0.700,0.700,0.700,0.700,0.700,0.730,0.730,0.730,581,2
0.700,0.700,0.700,0.700,0.700,0.700,0.650,0.650,0.650,0.700,0.700,0.700,969,2
0.700,0.700,0.700,0.700,0.700,0.700,0.700,0.700,0.700,0.700,0.700,0.700,545,2
0.700,0.700,0.700,0.750,0.750,0.750,0.700,0.700,0.700,0.730,0.730,0.730,64,2
0.750,0.750,0.750,0.700,0.700,0.700,0.710,0.710,0.710,0.700,0.700,0.700,788,1
0.700,0.700,0.700,0.750,0.750,0.750,0.700,0.700,0.700,0.750,0.750,0.750,627,2
0.750,0.750,0.750,0.700,0.700,0.700,0.730,0.730,0.730,0.700,0.700,0.700,988,1
0.700,0.700,0.700,0.700,0.700,0.700,0.680,0.680,0.680,0.700,0.700,0.700,543,2
0.700,0.700,0.700,0.750,0.750,0.750,0.700,0.700,0.700,0.690,0.690,0.690,885,1
0.700,0.700,0.700,0.700,0.700,0.700,0.690,0.690,0.690,0.700,0.700,0.700,313,2
0.650,0.650,0.650,0.700,0.700,0.700,0.740,0.740,0.740,0.700,0.700,0.700,373,1
0.700,0.700,0.700,0.650,0.650,0.650,0.700,0.700,0.700,0.660,0.660,0.660,365,1
0.700,0.700,0.700,0.650,0.650,0.650,0.700,0.700,0.700,0.660,0.660,0.660,761,1
0.650,0.650,0.650,0.700,0.700,0.700,0.740,0.740,0.740,0.700,0.700,0.700,637,1
0.650,0.650,0.650,0.700,0.700,0.700,0.670,0.670,0.670,0.700,0.700,0.700,333,2
0.650,0.650,0.650,0.700,0.700,0.700,0.720,0.720,0.720,0.700,0.700,0.700,41,1
0.650,0.650,0.650,0.700,0.700,0.700,0.670,0.670,0.670,0.700,0.700,0.700,663,2
0.700,0.700,0.700,0.650,0.650,0.650,0.700,0.700,0.700,0.680,0.680,0.680,961,1
0.700,0.700,0.700,0.700,0.700,0.700,0.700,0.700,0.700,0.700,0.700,0.700,941,1
0.700,0.700,0.700,0.750,0.750,0.750,0.700,0.700,0.700,0.650,0.650,0.650,782,1
0.700,0.700,0.700,0.650,0.650,0.650,0.700,0.700,0.700,0.750,0.750,0.750,671,2
0.750,0.750,0.750,0.700,0.700,0.700,0.650,0.650,0.650,0.700,0.700,0.700,188,2
0.700,0.700,0.700,0.750,0.750,0.750,0.700,0.700,0.700,0.700,0.700,0.700,94,2
0.700,0.700,0.700,0.700,0.700,0.700,0.700,0.700,0.700,0.700,0.700,0.700,677,2
0.700,0.700,0.700,0.650,0.650,0.650,0.700,0.700,0.700,0.690,0.690,0.690,500,1
0.700,0.700,0.700,0.650,0.650,0.650,0.700,0.700,0.700,0.720,0.720,0.720,239,2
0.700,0.700,0.700,0.700,0.700,0.700,0.700,0.700,0.700,0.650,0.650,0.650,870,1
0.700,0.700,0.700,0.700,0.700,0.700,0.650,0.650,0.650,0.700,0.700,0.700,78,2
0.700,0.700,0.700,0.700,0.700,0.700,0.670,0.670,0.670,0.700,0.700,0.700,674,2
0.650,0.650,0.650,0.700,0.700,0.700,0.670,0.670,0.670,0.700,0.700,0.700,795,2
0.700,0.700,0.700,0.650,0.650,0.650,0.700,0.700,0.700,0.680,0.680,0.680,895,1
0.750,0.750,0.750,0.700,0.700,0.700,0.660,0.660,0.660,0.700,0.700,0.700,321,2
0.700,0.700,0.700,0.750,0.750,0.750,0.700,0.700,0.700,0.740,0.740,0.740,362,2
0.750,0.750,0.750,0.700,0.700,0.700,0.730,0.730,0.730,0.700,0.700,0.700,757,1
0.700,0.700,0.700,0.700,0.700,0.700,0.700,0.700,0.700,0.670,0.670,0.670,806,1
0.700,0.700,0.700,0.750,0.750,0.750,0.700,0.700,0.700,0.700,0.700,0.700,292,2
0.650,0.650,0.650,0.700,0.700,0.700,0.680,0.680,0.680,0.700,0.700,0.700,532,2
0.700,0.700,0.700,0.700,0.700,0.700,0.700,0.700,0.700,0.740,0.740,0.740,615,2
0.700,0.700,0.700,0.700,0.700,0.700,0.700,0.700,0.700,0.650,0.650,0.650,804,1
0.700,0.700,0.700,0.650,0.650,0.650,0.700,0.700,0.700,0.730,0.730,0.730,174,2
0.700,0.700,0.700,0.650,0.650,0.650,0.700,0.700,0.700,0.660,0.660,0.660,530,1
0.700,0.700,0.700,0.750,0.750,0.750,0.700,0.700,0.700,0.680,0.680,0.680,884,1
0.700,0.700,0.700,0.750,0.750,0.750,0.700,0.700,0.700,0.700,0.700,0.700,28,2
0.700,0.700,0.700,0.650,0.650,0.650,0.700,0.700,0.700,0.690,0.690,0.690,467,1
0.750,0.750,0.750,0.700,0.700,0.700,0.740,0.740,0.740,0.700,0.700,0.700,989,1
0.700,0.700,0.700,0.700,0.700,0.700,0.750,0.750,0.750,0.700,0.700,0.700,550,1
0.700,0.700,0.700,0.650,0.650,0.650,0.700,0.700,0.700,0.720,0.720,0.720,74,2
0.700,0.700,0.700,0.750,0.750,0.750,0.700,0.700,0.700,0.650,0.650,0.650,716,1
0.750,0.750,0.750,0.700,0.700,0.700,0.730,0.730,0.730,0.700,0.700,0.700,460,1
0.700,0.700,0.700,0.700,0.700,0.700,0.700,0.700,0.700,0.690,0.690,0.690,346,1
0.700,0.700,0.700,0.700,0.700,0.700,0.730,0.730,0.730,0.700,0.700,0.700,977,1
0.700,0.700,0.700,0.700,0.700,0.700,0.700,0.700,0.700,0.670,0.670,0.670,707,1
0.700,0.700,0.700,0.700,0.700,0.700,0.700,0.700,0.700,0.740,0.740,0.740,417,2
0.700,0.700,0.700,0.650,0.650,0.650,0.700,0.700,0.700,0.730,0.730,0.730,570,2
0.750,0.750,0.750,0.700,0.700,0.700,0.720,0.720,0.720,0.700,0.700,0.700,294,1
0.700,0.700,0.700,0.700,0.700,0.700,0.730,0.730,0.730,0.700,0.700,0.700,383,1
0.700,0.700,0.700,0.700,0.700,0.700,0.740,0.740,0.740,0.700,0.700,0.700,582,1
0.750,0.750,0.750,0.700,0.700,0.700,0.680,0.680,0.680,0.700,0.700,0.700,323,2
0.750,0.750,0.750,0.700,0.700,0.700,0.720,0.720,0.720,0.700,0.700,0.700,525,1
0.750,0.750,0.750,0.700,0.700,0.700,0.670,0.670,0.670,0.700,0.700,0.700,25,2
0.700,0.700,0.700,0.700,0.700,0.700,0.700,0.700,0.700,0.690,0.690,0.690,940,1
0.650,0.650,0.650,0.700,0.700,0.700,0.750,0.750,0.750,0.700,0.700,0.700,704,1
0.750,0.750,0.750,0.700,0.700,0.700,0.740,0.740,0.740,0.700,0.700,0.700,461,1
0.700,0.700,0.700,0.750,0.750,0.750,0.700,0.700,0.700,0.740,0.740,0.740,659,2
0.650,0.650,0.650,0.700,0.700,0.700,0.720,0.720,0.720,0.700,0.700,0.700,470,1
0.700,0.700,0.700,0.750,0.750,0.750,0.700,0.700,0.700,0.740,0.740,0.740,791,2
0.700,0.700,0.700,0.700,0.700,0.700,0.700,0.700,0.700,0.650,0.650,0.650,507,1
0.700,0.700,0.700,0.700,0.700,0.700,0.700,0.700,0.700,0.700,0.700,0.700,776,2
0.700,0.700,0.700,0.650,0.650,0.650,0.700,0.700,0.700,0.700,0.700,0.700,765,2
0.750,0.750,0.750,0.700,0.700,0.700,0.660,0.660,0.660,0.700,0.700,0.700,849,2
0.700,0.700,0.700,0.700,0.700,0.700,0.700,0.700,0.700,0.700,0.700,0.700,611,2
0.700,0.700,0.700,0.700,0.700,0.700,0.730,0.730,0.730,0.700,0.700,0.700,515,1
0.750,0.750,0.750,0.700,0.700,0.700,0.660,0.660,0.660,0.700,0.700,0.700,156,2
0.700,0.700,0.700,0.750,0.750,0.750,0.700,0.700,0.700,0.660,0.660,0.660,750,1
0.700,0.700,0.700,0.700,0.700,0.700,0.690,0.690,0.690,0.700,0.700,0.700,676,2
0.700,0.700,0.700,0.700,0.700,0.700,0.710,0.710,0.710,0.700,0.700,0.700,645,1
0.700,0.700,0.700,0.700,0.700,0.700,0.690,0.690,0.690,0.700,0.700,0.700,544,2
0.700,0.700,0.700,0.750,0.750,0.750,0.700,0.700,0.700,0.700,0.700,0.700,457,2
0.700,0.700,0.700,0.700,0.700,0.700,0.700,0.700,0.700,0.660,0.660,0.660,673,1
0.750,0.750,0.750,0.700,0.700,0.700,0.670,0.670,0.670,0.700,0.700,0.700,949,2
0.750,0.750,0.750,0.700,0.700,0.700,0.690,0.690,0.690,0.700,0.700,0.700,159,2
0.700,0.700,0.700,0.700,0.700,0.700,0.720,0.720,0.720,0.700,0.700,0.700,151,1
0.650,0.650,0.650,0.700,0.700,0.700,0.660,0.660,0.660,0.700,0.700,0.700,200,2
0.700,0.700,0.700,0.650,0.650,0.650,0.700,0.700,0.700,0.750,0.750,0.750,770,2
0.650,0.650,0.650,0.700,0.700,0.700,0.660,0.660,0.660,0.700,0.700,0.700,134,2
0.700,0.700,0.700,0.700,0.700,0.700,0.700,0.700,0.700,0.700,0.700,0.700,974,1
0.750,0.750,0.750,0.700,0.700,0.700,0.680,0.680,0.680,0.700,0.700,0.700,59,2
0.700,0.700,0.700,0.650,0.650,0.650,0.700,0.700,0.700,0.750,0.750,0.750,275,2
0.700,0.700,0.700,0.650,0.650,0.650,0.700,0.700,0.700,0.740,0.740,0.740,274,2
0.750,0.750,0.750,0.700,0.700,0.700,0.740,0.740,0.740,0.700,0.700,0.700,890,1
0.650,0.650,0.650,0.700,0.700,0.700,0.660,0.660,0.660,0.700,0.700,0.700,299,2
0.700,0.700,0.700,0.700,0.700,0.700,0.690,0.690,0.690,0.700,0.700,0.700,610,2
0.700,0.700,0.700,0.700,0.700,0.700,0.700,0.700,0.700,0.730,0.730,0.730,779,2
0.700,0.700,0.700,0.750,0.750,0.750,0.700,0.700,0.700,0.680,0.680,0.680,290,1
0.700,0.700,0.700,0.750,0.750,0.750,0.700,0.700,0.700,0.650,0.650,0.650,947,1
0.650,0.650,0.650,0.700,0.700,0.700,0.750,0.750,0.750,0.700,0.700,0.700,968,1
0.700,0.700,0.700,0.650,0.650,0.650,0.700,0.700,0.700,0.650,0.650,0.650,859,1
0.700,0.700,0.700,0.700,0.700,0.700,0.670,0.670,0.670,0.700,0.700,0.700,80,2
0.700,0.700,0.700,0.700,0.700,0.700,0.680,0.680,0.680,0.700,0.700,0.700,939,2
0.700,0.700,0.700,0.700,0.700,0.700,0.700,0.700,0.700,0.720,0.720,0.720,811,2
0.700,0.700,0.700,0.700,0.700,0.700,0.700,0.700,0.700,0.670,0.670,0.670,542,1
0.700,0.700,0.700,0.700,0.700,0.700,0.660,0.660,0.660,0.700,0.700,0.700,376,2
0.700,0.700,0.700,0.750,0.750,0.750,0.700,0.700,0.700,0.670,0.670,0.670,850,1
0.750,0.750,0.750,0.700,0.700,0.700,0.710,0.710,0.710,0.700,0.700,0.700,260,1
0.700,0.700,0.700,0.650,0.650,0.650,0.700,0.700,0.700,0.680,0.680,0.680,4,1
0.750,0.750,0.750,0.700,0.700,0.700,0.670,0.670,0.670,0.700,0.700,0.700,223,2
0.650,0.650,0.650,0.700,0.700,0.700,0.750,0.750,0.750,0.700,0.700,0.700,572,1
0.750,0.750,0.750,0.700,0.700,0.700,0.710,0.710,0.710,0.700,0.700,0.700,326,1
0.650,0.650,0.650,0.700,0.700,0.700,0.680,0.680,0.680,0.700,0.700,0.700,631,2
0.700,0.700,0.700,0.750,0.750,0.750,0.700,0.700,0.700,0.750,0.750,0.750,660,2
0.700,0.700,0.700,0.700,0.700,0.700,0.650,0.650,0.650,0.700,0.700,0.700,936,2
0.700,0.700,0.700,0.750,0.750,0.750,0.700,0.700,0.700,0.740,0.740,0.740,131,2
0.700,0.700,0.700,0.700,0.700,0.700,0.700,0.700,0.700,0.710,0.710,0.710,810,2
0.700,0.700,0.700,0.700,0.700,0.700,0.700,0.700,0.700,0.730,0.730,0.730,713,2
0.650,0.650,0.650,0.700,0.700,0.700,0.690,0.690,0.690,0.700,0.700,0.700,731,2
0.750,0.750,0.750,0.700,0.700,0.700,0.660,0.660,0.660,0.700,0.700,0.700,651,2
0.700,0.700,0.700,0.700,0.700,0.700,0.700,0.700,0.700,0.730,0.730,0.730,119,2
0.700,0.700,0.700,0.700,0.700,0.700,0.700,0.700,0.700,0.650,0.650,0.650,276,1
0.700,0.700,0.700,0.700,0.700,0.700,0.700,0.700,0.700,0.700,0.700,0.700,413,1
0.750,0.750,0.750,0.700,0.700,0.700,0.700,0.700,0.700,0.700,0.700,0.700,259,1
0.700,0.700,0.700,0.700,0.700,0.700,0.700,0.700,0.700,0.700,0.700,0.700,578,1
0.700,0.700,0.700,0.750,0.750,0.750,0.700,0.700,0.700,0.710,0.710,0.710,590,2
0.700,0.700,0.700,0.750,0.750,0.750,0.700,0.700,0.700,0.700,0.700,0.700,424,2
0.700,0.700,0.700,0.750,0.750,0.750,0.700,0.700,0.700,0.660,0.660,0.660,222,1
0.650,0.650,0.650,0.700,0.700,0.700,0.750,0.750,0.750,0.700,0.700,0.700,110,1
0.750,0.750,0.750,0.700,0.700,0.700,0.710,0.710,0.710,0.700,0.700,0.700,656,1
0.750,0.750,0.750,0.700,0.700,0.700,0.710,0.710,0.710,0.700,0.700,0.700,755,1
0.650,0.650,0.650,0.700,0.700,0.700,0.740,0.740,0.740,0.700,0.700,0.700,439,1
0.700,0.700,0.700,0.700,0.700,0.700,0.650,0.650,0.650,0.700,0.700,0.700,309,2
0.700,0.700,0.700,0.650,0.650,0.650,0.700,0.700,0.700,0.710,0.710,0.710,667,2
0.700,0.700,0.700,0.700,0.700,0.700,0.740,0.740,0.740,0.700,0.700,0.700,780,1
0.700,0.700,0.700,0.650,0.650,0.650,0.700,0.700,0.700,0.730,0.730,0.730,207,2
0.700,0.700,0.700,0.650,0.650,0.650,0.700,0.700,0.700,0.670,0.670,0.670,861,1
0.700,0.700,0.700,0.700,0.700,0.700,0.670,0.670,0.670,0.700,0.700,0.700,476,2
0.700,0.700,0.700,0.700,0.700,0.700,0.700,0.700,0.700,0.720,0.720,0.720,184,2
0.700,0.700,0.700,0.700,0.700,0.700,0.700,0.700,0.700,0.740,0.740,0.740,219,2
0.700,0.700,0.700,0.700,0.700,0.700,0.700,0.700,0.700,0.740,0.740,0.740,681,2
0.750,0.750,0.750,0.700,0.700,0.700,0.730,0.730,0.730,0.700,0.700,0.700,196,1
0.700,0.700,0.700,0.650,0.650,0.650,0.700,0.700,0.700,0.660,0.660,0.660,398,1
0.700,0.700,0.700,0.700,0.700,0.700,0.710,0.710,0.710,0.700,0.700,0.700,744,1
0.650,0.650,0.650,0.700,0.700,0.700,0.660,0.660,0.660,0.700,0.700,0.700,662,2
0.650,0.650,0.650,0.700,0.700,0.700,0.670,0.670,0.670,0.700,0.700,0.700,597,2
0.700,0.700,0.700,0.750,0.750,0.750,0.700,0.700,0.700,0.720,0.720,0.720,30,2
0.750,0.750,0.750,0.700,0.700,0.700,0.690,0.690,0.690,0.700,0.700,0.700,60,2
0.700,0.700,0.700,0.700,0.700,0.700,0.700,0.700,0.700,0.730,0.730,0.730,878,2
0.700,0.700,0.700,0.650,0.650,0.650,0.700,0.700,0.700,0.670,0.670,0.670,564,1
0.700,0.700,0.700,0.700,0.700,0.700,0.700,0.700,0.700,0.700,0.700,0.700,710,2
0.700,0.700,0.700,0.750,0.750,0.750,0.700,0.700,0.700,0.710,0.710,0.710,458,2
0.700,0.700,0.700,0.700,0.700,0.700,0.740,0.740,0.740,0.700,0.700,0.700,813,1
0.700,0.700,0.700,0.650,0.650,0.650,0.700,0.700,0.700,0.650,0.650,0.650,694,1
0.700,0.700,0.700,0.700,0.700,0.700,0.700,0.700,0.700,0.750,0.750,0.750,154,2
0.700,0.700,0.700,0.700,0.700,0.700,0.700,0.700,0.700,0.750,0.750,0.750,781,2
0.700,0.700,0.700,0.700,0.700,0.700,0.700,0.700,0.700,0.670,0.670,0.670,938,1
0.700,0.700,0.700,0.700,0.700,0.700,0.700,0.700,0.700,0.720,0.720,0.720,712,2
0.700,0.700,0.700,0.700,0.700,0.700,0.700,0.700,0.700,0.670,0.670,0.670,179,1
0.700,0.700,0.700,0.700,0.700,0.700,0.700,0.700,0.700,0.680,0.680,0.680,312,1
0.700,0.700,0.700,0.750,0.750,0.750,0.700,0.700,0.700,0.660,0.660,0.660,24,1
0.700,0.700,0.700,0.750,0.750,0.750,0.700,0.700,0.700,0.650,0.650,0.650,89,1
0.700,0.700,0.700,0.700,0.700,0.700,0.700,0.700,0.700,0.710,0.710,0.710,711,2
0.650,0.650,0.650,0.700,0.700,0.700,0.740,0.740,0.740,0.700,0.700,0.700,571,1
0.700,0.700,0.700,0.700,0.700,0.700,0.700,0.700,0.700,0.750,0.750,0.750,814,2
0.750,0.750,0.750,0.700,0.700,0.700,0.730,0.730,0.730,0.700,0.700,0.700,427,1
0.700,0.700,0.700,0.700,0.700,0.700,0.700,0.700,0.700,0.720,0.720,0.720,514,2
0.700,0.700,0.700,0.700,0.700,0.700,0.700,0.700,0.700,0.690,0.690,0.690,907,1
0.700,0.700,0.700,0.700,0.700,0.700,0.700,0.700,0.700,0.700,0.700,0.700,743,2
0.700,0.700,0.700,0.700,0.700,0.700,0.730,0.730,0.730,0.700,0.700,0.700,20,1
0.700,0.700,0.700,0.700,0.700,0.700,0.700,0.700,0.700,0.670,0.670,0.670,311,1
0.650,0.650,0.650,0.700,0.700,0.700,0.690,0.690,0.690,0.700,0.700,0.700,368,2
0.700,0.700,0.700,0.750,0.750,0.750,0.700,0.700,0.700,0.690,0.690,0.690,621,1
0.650,0.650,0.650,0.700,0.700,0.700,0.720,0.720,0.720,0.700,0.700,0.700,866,1
0.750,0.750,0.750,0.700,0.700,0.700,0.740,0.740,0.740,0.700,0.700,0.700,494,1
0.650,0.650,0.650,0.700,0.700,0.700,0.700,0.700,0.700,0.700,0.700,0.700,72,1
0.700,0.700,0.700,0.700,0.700,0.700,0.650,0.650,0.650,0.700,0.700,0.700,243,2
0.650,0.650,0.650,0.700,0.700,0.700,0.710,0.710,0.710,0.700,0.700,0.700,502,1
0.700,0.700,0.700,0.700,0.700,0.700,0.700,0.700,0.700,0.650,0.650,0.650,573,1
0.700,0.700,0.700,0.750,0.750,0.750,0.700,0.700,0.700,0.670,0.670,0.670,553,1
0.650,0.650,0.650,0.700,0.700,0.700,0.700,0.700,0.700,0.700,0.700,0.700,567,1
0.700,0.700,0.700,0.700,0.700,0.700,0.700,0.700,0.700,0.700,0.700,0.700,908,2
0.750,0.750,0.750,0.700,0.700,0.700,0.740,0.740,0.740,0.700,0.700,0.700,560,1
0.700,0.700,0.700,0.650,0.650,0.650,0.700,0.700,0.700,0.700,0.700,0.700,435,2
0.650,0.650,0.650,0.700,0.700,0.700,0.710,0.710,0.710,0.700,0.700,0.700,634,1
0.700,0.700,0.700,0.650,0.650,0.650,0.700,0.700,0.700,0.680,0.680,0.680,334,1
0.700,0.700,0.700,0.650,0.650,0.650,0.700,0.700,0.700,0.710,0.710,0.710,601,2
0.700,0.700,0.700,0.700,0.700,0.700,0.700,0.700,0.700,0.700,0.700,0.700,17,2
0.700,0.700,0.700,0.750,0.750,0.750,0.700,0.700,0.700,0.720,0.720,0.720,129,2
0.700,0.700,0.700,0.750,0.750,0.750,0.700,0.700,0.700,0.740,0.740,0.740,956,2
0.750,0.750,0.750,0.700,0.700,0.700,0.670,0.670,0.670,0.700,0.700,0.700,157,2
0.700,0.700,0.700,0.650,0.650,0.650,0.700,0.700,0.700,0.700,0.700,0.700,930,2
0.700,0.700,0.700,0.750,0.750,0.750,0.700,0.700,0.700,0.680,0.680,0.680,455,1
0.700,0.700,0.700,0.700,0.700,0.700,0.700,0.700,0.700,0.700,0.700,0.700,182,2
0.700,0.700,0.700,0.750,0.750,0.750,0.700,0.700,0.700,0.680,0.680,0.680,983,1
0.750,0.750,0.750,0.700,0.700,0.700,0.730,0.730,0.730,0.700,0.700,0.700,823,1
0.700,0.700,0.700,0.700,0.700,0.700,0.660,0.660,0.660,0.700,0.700,0.700,904,2
0.650,0.650,0.650,0.700,0.700,0.700,0.660,0.660,0.660,0.700,0.700,0.700,35,2
0.700,0.700,0.700,0.750,0.750,0.750,0.700,0.700,0.700,0.690,0.690,0.690,93,1
0.700,0.700,0.700,0.700,0.700,0.700,0.700,0.700,0.700,0.720,0.720,0.720,448,2
0.750,0.750,0.750,0.700,0.700,0.700,0.660,0.660,0.660,0.700,0.700,0.700,420,2
0.650,0.650,0.650,0.700,0.700,0.700,0.740,0.740,0.740,0.700,0.700,0.700,175,1
0.650,0.650,0.650,0.700,0.700,0.700,0.750,0.750,0.750,0.700,0.700,0.700,473,1
0.700,0.700,0.700,0.750,0.750,0.750,0.700,0.700,0.700,0.700,0.700,0.700,820,2
0.700,0.700,0.700,0.650,0.650,0.650,0.700,0.700,0.700,0.700,0.700,0.700,6,2
0.700,0.700,0.700,0.700,0.700,0.700,0.700,0.700,0.700,0.750,0.750,0.750,517,2
0.700,0.700,0.700,0.650,0.650,0.650,0.700,0.700,0.700,0.670,0.670,0.670,696,1
0.750,0.750,0.750,0.700,0.700,0.700,0.690,0.690,0.690,0.700,0.700,0.700,654,2
0.700,0.700,0.700,0.750,0.750,0.750,0.700,0.700,0.700,0.720,0.720,0.720,63,2
0.650,0.650,0.650,0.700,0.700,0.700,0.730,0.730,0.730,0.700,0.700,0.700,141,1
0.700,0.700,0.700,0.700,0.700,0.700,0.660,0.660,0.660,0.700,0.700,0.700,706,2
0.700,0.700,0.700,0.650,0.650,0.650,0.700,0.700,0.700,0.650,0.650,0.650,265,1
0.700,0.700,0.700,0.700,0.700,0.700,0.700,0.700,0.700,0.750,0.750,0.750,682,2
0.700,0.700,0.700,0.700,0.700,0.700,0.700,0.700,0.700,0.660,0.660,0.660,409,1
0.650,0.650,0.650,0.700,0.700,0.700,0.660,0.660,0.660,0.700,0.700,0.700,101,2
0.700,0.700,0.700,0.700,0.700,0.700,0.700,0.700,0.700,0.650,0.650,0.650,771,1
0.650,0.650,0.650,0.700,0.700,0.700,0.720,0.720,0.720,0.700,0.700,0.700,635,1
0.700,0.700,0.700,0.700,0.700,0.700,0.700,0.700,0.700,0.680,0.680,0.680,576,1
0.700,0.700,0.700,0.700,0.700,0.700,0.700,0.700,0.700,0.700,0.700,0.700,248,2
0.700,0.700,0.700,0.750,0.750,0.750,0.700,0.700,0.700,0.720,0.720,0.720,657,2
0.700,0.700,0.700,0.650,0.650,0.650,0.700,0.700,0.700,0.690,0.690,0.690,665,1
0.700,0.700,0.700,0.650,0.650,0.650,0.700,0.700,0.700,0.700,0.700,0.700,864,2
0.650,0.650,0.650,0.700,0.700,0.700,0.690,0.690,0.690,0.700,0.700,0.700,401,2
0.700,0.700,0.700,0.700,0.700,0.700,0.660,0.660,0.660,0.700,0.700,0.700,475,2
0.750,0.750,0.750,0.700,0.700,0.700,0.750,0.750,0.750,0.700,0.700,0.700,924,1
0.700,0.700,0.700,0.750,0.750,0.750,0.700,0.700,0.700,0.740,0.740,0.740,626,2
0.750,0.750,0.750,0.700,0.700,0.700,0.730,0.730,0.730,0.700,0.700,0.700,724,1
0.700,0.700,0.700,0.700,0.700,0.700,0.700,0.700,0.700,0.670,0.670,0.670,773,1
0.700,0.700,0.700,0.700,0.700,0.700,0.660,0.660,0.660,0.700,0.700,0.700,442,2
0.700,0.700,0.700,0.700,0.700,0.700,0.700,0.700,0.700,0.700,0.700,0.700,314,1
0.700,0.700,0.700,0.700,0.700,0.700,0.700,0.700,0.700,0.750,0.750,0.750,979,2
0.700,0.700,0.700,0.750,0.750,0.750,0.700,0.700,0.700,0.670,0.670,0.670,619,1
0.750,0.750,0.750,0.700,0.700,0.700,0.650,0.650,0.650,0.700,0.700,0.700,485,2
0.700,0.700,0.700,0.750,0.750,0.750,0.700,0.700,0.700,0.650,0.650,0.650,122,1
0.750,0.750,0.750,0.700,0.700,0.700,0.660,0.660,0.660,0.700,0.700,0.700,948,2
0.650,0.650,0.650,0.700,0.700,0.700,0.650,0.650,0.650,0.700,0.700,0.700,430,2
0.650,0.650,0.650,0.700,0.700,0.700,0.690,0.690,0.690,0.700,0.700,0.700,764,2
0.650,0.650,0.650,0.700,0.700,0.700,0.670,0.670,0.670,0.700,0.700,0.700,102,2
0.700,0.700,0.700,0.650,0.650,0.650,0.700,0.700,0.700,0.740,0.740,0.740,670,2
0.650,0.650,0.650,0.700,0.700,0.700,0.690,0.690,0.690,0.700,0.700,0.700,632,2
0.650,0.650,0.650,0.700,0.700,0.700,0.700,0.700,0.700,0.700,0.700,0.700,600,1
0.700,0.700,0.700,0.650,0.650,0.650,0.700,0.700,0.700,0.740,0.740,0.740,76,2
0.650,0.650,0.650,0.700,0.700,0.700,0.650,0.650,0.650,0.700,0.700,0.700,364,2
0.700,0.700,0.700,0.650,0.650,0.650,0.700,0.700,0.700,0.730,0.730,0.730,801,2
0.700,0.700,0.700,0.750,0.750,0.750,0.700,0.700,0.700,0.710,0.710,0.710,854,2
0.700,0.700,0.700,0.700,0.700,0.700,0.700,0.700,0.700,0.740,0.740,0.740,186,2
0.700,0.700,0.700,0.750,0.750,0.750,0.700,0.700,0.700,0.670,0.670,0.670,58,1
0.700,0.700,0.700,0.700,0.700,0.700,0.670,0.670,0.670,0.700,0.700,0.700,245,2
0.700,0.700,0.700,0.700,0.700,0.700,0.710,0.710,0.710,0.700,0.700,0.700,315,1
0.750,0.750,0.750,0.700,0.700,0.700,0.660,0.660,0.660,0.700,0.700,0.700,453,2
0.700,0.700,0.700,0.700,0.700,0.700,0.700,0.700,0.700,0.660,0.660,0.660,46,1
0.700,0.700,0.700,0.750,0.750,0.750,0.700,0.700,0.700,0.700,0.700,0.700,556,2
0.650,0.650,0.650,0.700,0.700,0.700,0.710,0.710,0.710,0.700,0.700,0.700,304,1
0.700,0.700,0.700,0.750,0.750,0.750,0.700,0.700,0.700,0.750,0.750,0.750,990,2
0.700,0.700,0.700,0.750,0.750,0.750,0.700,0.700,0.700,0.650,0.650,0.650,452,1
0.650,0.650,0.650,0.700,0.700,0.700,0.650,0.650,0.650,0.700,0.700,0.700,133,2
0.700,0.700,0.700,0.650,0.650,0.650,0.700,0.700,0.700,0.750,0.750,0.750,539,2
0.750,0.750,0.750,0.700,0.700,0.700,0.720,0.720,0.720,0.700,0.700,0.700,393,1
0.700,0.700,0.700,0.700,0.700,0.700,0.650,0.650,0.650,0.700,0.700,0.700,111,2
0.750,0.750,0.750,0.700,0.700,0.700,0.700,0.700,0.700,0.700,0.700,0.700,523,1
0.650,0.650,0.650,0.700,0.700,0.700,0.750,0.750,0.750,0.700,0.700,0.700,803,1
0.700,0.700,0.700,0.650,0.650,0.650,0.700,0.700,0.700,0.740,0.740,0.740,109,2
0.650,0.650,0.650,0.700,0.700,0.700,0.710,0.710,0.710,0.700,0.700,0.700,271,1
0.700,0.700,0.700,0.700,0.700,0.700,0.700,0.700,0.700,0.700,0.700,0.700,809,2
0.650,0.650,0.650,0.700,0.700,0.700,0.730,0.730,0.730,0.700,0.700,0.700,339,1
0.700,0.700,0.700,0.650,0.650,0.650,0.700,0.700,0.700,0.750,0.750,0.750,638,2
0.700,0.700,0.700,0.750,0.750,0.750,0.700,0.700,0.700,0.690,0.690,0.690,588,1
0.700,0.700,0.700,0.650,0.650,0.650,0.700,0.700,0.700,0.690,0.690,0.690,599,1
0.700,0.700,0.700,0.700,0.700,0.700,0.660,0.660,0.660,0.700,0.700,0.700,871,2
0.700,0.700,0.700,0.700,0.700,0.700,0.700,0.700,0.700,0.650,0.650,0.650,606,1
0.650,0.650,0.650,0.700,0.700,0.700,0.650,0.650,0.650,0.700,0.700,0.700,331,2
0.700,0.700,0.700,0.700,0.700,0.700,0.720,0.720,0.720,0.700,0.700,0.700,547,1
0.700,0.700,0.700,0.750,0.750,0.750,0.700,0.700,0.700,0.700,0.700,0.700,490,2
0.650,0.650,0.650,0.700,0.700,0.700,0.710,0.710,0.710,0.700,0.700,0.700,898,1
0.750,0.750,0.750,0.700,0.700,0.700,0.750,0.750,0.750,0.700,0.700,0.700,825,1
0.700,0.700,0.700,0.700,0.700,0.700,0.660,0.660,0.660,0.700,0.700,0.700,772,2
0.700,0.700,0.700,0.750,0.750,0.750,0.700,0.700,0.700,0.720,0.720,0.720,228,2
0.700,0.700,0.700,0.750,0.750,0.750,0.700,0.700,0.700,0.750,0.750,0.750,429,2
0.700,0.700,0.700,0.700,0.700,0.700,0.700,0.700,0.700,0.690,0.690,0.690,82,1
0.700,0.700,0.700,0.700,0.700,0.700,0.740,0.740,0.740,0.700,0.700,0.700,483,1
0.700,0.700,0.700,0.700,0.700,0.700,0.750,0.750,0.750,0.700,0.700,0.700,22,1
0.700,0.700,0.700,0.750,0.750,0.750,0.700,0.700,0.700,0.690,0.690,0.690,555,1
0.750,0.750,0.750,0.700,0.700,0.700,0.660,0.660,0.660,0.700,0.700,0.700,90,2
0.750,0.750,0.750,0.700,0.700,0.700,0.750,0.750,0.750,0.700,0.700,0.700,462,1
0.700,0.700,0.700,0.650,0.650,0.650,0.700,0.700,0.700,0.680,0.680,0.680,268,1
0.700,0.700,0.700,0.650,0.650,0.650,0.700,0.700,0.700,0.700,0.700,0.700,468,2
0.650,0.650,0.650,0.700,0.700,0.700,0.680,0.680,0.680,0.700,0.700,0.700,301,2
0.750,0.750,0.750,0.700,0.700,0.700,0.680,0.680,0.680,0.700,0.700,0.700,818,2
0.700,0.700,0.700,0.750,0.750,0.750,0.700,0.700,0.700,0.680,0.680,0.680,950,1
0.700,0.700,0.700,0.700,0.700,0.700,0.740,0.740,0.740,0.700,0.700,0.700,945,1
0.750,0.750,0.750,0.700,0.700,0.700,0.650,0.650,0.650,0.700,0.700,0.700,980,2
0.700,0.700,0.700,0.650,0.650,0.650,0.700,0.700,0.700,0.710,0.710,0.710,139,2
0.750,0.750,0.750,0.700,0.700,0.700,0.700,0.700,0.700,0.700,0.700,0.700,622,1
0.750,0.750,0.750,0.700,0.700,0.700,0.680,0.680,0.680,0.700,0.700,0.700,752,2
0.750,0.750,0.750,0.700,0.700,0.700,0.740,0.740,0.740,0.700,0.700,0.700,857,1
0.700,0.700,0.700,0.750,0.750,0.750,0.700,0.700,0.700,0.680,0.680,0.680,356,1
0.700,0.700,0.700,0.750,0.750,0.750,0.700,0.700,0.700,0.680,0.680,0.680,422,1
0.700,0.700,0.700,0.750,0.750,0.750,0.700,0.700,0.700,0.730,0.730,0.730,328,2
0.750,0.750,0.750,0.700,0.700,0.700,0.670,0.670,0.670,0.700,0.700,0.700,388,2
0.700,0.700,0.700,0.650,0.650,0.650,0.700,0.700,0.700,0.720,0.720,0.720,965,2
0.650,0.650,0.650,0.700,0.700,0.700,0.700,0.700,0.700,0.700,0.700,0.700,897,1
0.700,0.700,0.700,0.700,0.700,0.700,0.700,0.700,0.700,0.650,0.650,0.650,639,1
0.700,0.700,0.700,0.650,0.650,0.650,0.700,0.700,0.700,0.750,0.750,0.750,44,2
0.750,0.750,0.750,0.700,0.700,0.700,0.720,0.720,0.720,0.700,0.700,0.700,954,1
0.700,0.700,0.700,0.650,0.650,0.650,0.700,0.700,0.700,0.680,0.680,0.680,499,1
0.700,0.700,0.700,0.700,0.700,0.700,0.740,0.740,0.740,0.700,0.700,0.700,252,1
0.700,0.700,0.700,0.650,0.650,0.650,0.700,0.700,0.700,0.720,0.720,0.720,173,2
0.650,0.650,0.650,0.700,0.700,0.700,0.740,0.740,0.740,0.700,0.700,0.700,934,1
0.700,0.700,0.700,0.650,0.650,0.650,0.700,0.700,0.700,0.750,0.750,0.750,605,2
0.700,0.700,0.700,0.750,0.750,0.750,0.700,0.700,0.700,0.750,0.750,0.750,528,2
0.700,0.700,0.700,0.750,0.750,0.750,0.700,0.700,0.700,0.660,0.660,0.660,816,1
0.700,0.700,0.700,0.750,0.750,0.750,0.700,0.700,0.700,0.740,0.740,0.740,329,2
0.700,0.700,0.700,0.650,0.650,0.650,0.700,0.700,0.700,0.750,0.750,0.750,308,2
0.650,0.650,0.650,0.700,0.700,0.700,0.740,0.740,0.740,0.700,0.700,0.700,505,1
0.700,0.700,0.700,0.750,0.750,0.750,0.700,0.700,0.700,0.720,0.720,0.720,888,2
0.650,0.650,0.650,0.700,0.700,0.700,0.650,0.650,0.650,0.700,0.700,0.700,463,2
0.700,0.700,0.700,0.750,0.750,0.750,0.700,0.700,0.700,0.720,0.720,0.720,195,2
0.700,0.700,0.700,0.700,0.700,0.700,0.740,0.740,0.740,0.700,0.700,0.700,21,1
0.700,0.700,0.700,0.700,0.700,0.700,0.700,0.700,0.700,0.730,0.730,0.730,548,2
0.700,0.700,0.700,0.700,0.700,0.700,0.670,0.670,0.670,0.700,0.700,0.700,278,2
0.700,0.700,0.700,0.700,0.700,0.700,0.750,0.750,0.750,0.700,0.700,0.700,220,1
0.700,0.700,0.700,0.700,0.700,0.700,0.680,0.680,0.680,0.700,0.700,0.700,378,2
0.700,0.700,0.700,0.700,0.700,0.700,0.690,0.690,0.690,0.700,0.700,0.700,214,2
0.650,0.650,0.650,0.700,0.700,0.700,0.710,0.710,0.710,0.700,0.700,0.700,238,1
0.700,0.700,0.700,0.650,0.650,0.650,0.700,0.700,0.700,0.720,0.720,0.720,701,2
0.700,0.700,0.700,0.650,0.650,0.650,0.700,0.700,0.700,0.710,0.710,0.710,733,2
0.700,0.700,0.700,0.650,0.650,0.650,0.700,0.700,0.700,0.670,0.670,0.670,399,1
0.750,0.750,0.750,0.700,0.700,0.700,0.700,0.700,0.700,0.700,0.700,0.700,754,1
0.700,0.700,0.700,0.700,0.700,0.700,0.660,0.660,0.660,0.700,0.700,0.700,112,2
0.700,0.700,0.700,0.700,0.700,0.700,0.700,0.700,0.700,0.690,0.690,0.690,973,1
0.700,0.700,0.700,0.650,0.650,0.650,0.700,0.700,0.700,0.690,0.690,0.690,830,1
0.700,0.700,0.700,0.750,0.750,0.750,0.700,0.700,0.700,0.730,0.730,0.730,856,2
0.750,0.750,0.750,0.700,0.700,0.700,0.660,0.660,0.660,0.700,0.700,0.700,684,2
0.750,0.750,0.750,0.700,0.700,0.700,0.690,0.690,0.690,0.700,0.700,0.700,753,2
0.750,0.750,0.750,0.700,0.700,0.700,0.730,0.730,0.730,0.700,0.700,0.700,691,1
0.700,0.700,0.700,0.750,0.750,0.750,0.700,0.700,0.700,0.660,0.660,0.660,387,1
0.700,0.700,0.700,0.700,0.700,0.700,0.700,0.700,0.700,0.710,0.710,0.710,447,2
0.700,0.700,0.700,0.700,0.700,0.700,0.700,0.700,0.700,0.690,0.690,0.690,181,1
0.700,0.700,0.700,0.700,0.700,0.700,0.650,0.650,0.650,0.700,0.700,0.700,45,2
0.700,0.700,0.700,0.650,0.650,0.650,0.700,0.700,0.700,0.680,0.680,0.680,466,1
0.700,0.700,0.700,0.650,0.650,0.650,0.700,0.700,0.700,0.680,0.680,0.680,763,1
0.700,0.700,0.700,0.700,0.700,0.700,0.750,0.750,0.750,0.700,0.700,0.700,352,1
0.700,0.700,0.700,0.650,0.650,0.650,0.700,0.700,0.700,0.710,0.710,0.710,865,2
0.650,0.650,0.650,0.700,0.700,0.700,0.670,0.670,0.670,0.700,0.700,0.700,201,2
0.700,0.700,0.700,0.750,0.750,0.750,0.700,0.700,0.700,0.670,0.670,0.670,982,1
0.700,0.700,0.700,0.700,0.700,0.700,0.650,0.650,0.650,0.700,0.700,0.700,177,2
0.700,0.700,0.700,0.700,0.700,0.700,0.700,0.700,0.700,0.730,0.730,0.730,86,2
0.700,0.700,0.700,0.700,0.700,0.700,0.660,0.660,0.660,0.700,0.700,0.700,13,2
0.750,0.750,0.750,0.700,0.700,0.700,0.750,0.750,0.750,0.700,0.700,0.700,198,1
0.700,0.700,0.700,0.700,0.700,0.700,0.680,0.680,0.680,0.700,0.700,0.700,246,2
0.700,0.700,0.700,0.700,0.700,0.700,0.750,0.750,0.750,0.700,0.700,0.700,187,1
0.750,0.750,0.750,0.700,0.700,0.700,0.670,0.670,0.670,0.700,0.700,0.700,751,2
0.750,0.750,0.750,0.700,0.700,0.700,0.690,0.690,0.690,0.700,0.700,0.700,357,2
0.650,0.650,0.650,0.700,0.700,0.700,0.650,0.650,0.650,0.700,0.700,0.700,628,2
0.700,0.700,0.700,0.750,0.750,0.750,0.700,0.700,0.700,0.670,0.670,0.670,190,1
0.700,0.700,0.700,0.650,0.650,0.650,0.700,0.700,0.700,0.730,0.730,0.730,405,2
0.750,0.750,0.750,0.700,0.700,0.700,0.680,0.680,0.680,0.700,0.700,0.700,620,2
0.700,0.700,0.700,0.750,0.750,0.750,0.700,0.700,0.700,0.700,0.700,0.700,193,2
0.700,0.700,0.700,0.750,0.750,0.750,0.700,0.700,0.700,0.710,0.710,0.710,227,2
0.650,0.650,0.650,0.700,0.700,0.700,0.650,0.650,0.650,0.700,0.700,0.700,826,2
0.700,0.700,0.700,0.750,0.750,0.750,0.700,0.700,0.700,0.740,0.740,0.740,527,2
0.700,0.700,0.700,0.650,0.650,0.650,0.700,0.700,0.700,0.730,0.730,0.730,471,2
0.650,0.650,0.650,0.700,0.700,0.700,0.700,0.700,0.700,0.700,0.700,0.700,963,1
0.700,0.700,0.700,0.700,0.700,0.700,0.730,0.730,0.730,0.700,0.700,0.700,911,1
0.700,0.700,0.700,0.700,0.700,0.700,0.700,0.700,0.700,0.700,0.700,0.700,875,2
0.700,0.700,0.700,0.750,0.750,0.750,0.700,0.700,0.700,0.710,0.710,0.710,920,2
0.700,0.700,0.700,0.750,0.750,0.750,0.700,0.700,0.700,0.720,0.720,0.720,690,2
0.700,0.700,0.700,0.700,0.700,0.700,0.700,0.700,0.700,0.700,0.700,0.700,512,2
0.700,0.700,0.700,0.750,0.750,0.750,0.700,0.700,0.700,0.650,0.650,0.650,221,1
0.700,0.700,0.700,0.650,0.650,0.650,0.700,0.700,0.700,0.730,0.730,0.730,240,2
0.700,0.700,0.700,0.700,0.700,0.700,0.700,0.700,0.700,0.700,0.700,0.700,842,1
0.700,0.700,0.700,0.750,0.750,0.750,0.700,0.700,0.700,0.660,0.660,0.660,981,1
0.700,0.700,0.700,0.750,0.750,0.750,0.700,0.700,0.700,0.650,0.650,0.650,749,1
0.700,0.700,0.700,0.650,0.650,0.650,0.700,0.700,0.700,0.680,0.680,0.680,796,1
0.650,0.650,0.650,0.700,0.700,0.700,0.700,0.700,0.700,0.700,0.700,0.700,105,1
0.700,0.700,0.700,0.700,0.700,0.700,0.700,0.700,0.700,0.660,0.660,0.660,178,1
0.650,0.650,0.650,0.700,0.700,0.700,0.670,0.670,0.670,0.700,0.700,0.700,366,2
0.650,0.650,0.650,0.700,0.700,0.700,0.650,0.650,0.650,0.700,0.700,0.700,1,2
0.700,0.700,0.700,0.700,0.700,0.700,0.710,0.710,0.710,0.700,0.700,0.700,282,1
0.700,0.700,0.700,0.750,0.750,0.750,0.700,0.700,0.700,0.740,0.740,0.740,725,2
0.700,0.700,0.700,0.750,0.750,0.750,0.700,0.700,0.700,0.690,0.690,0.690,951,1
0.700,0.700,0.700,0.700,0.700,0.700,0.700,0.700,0.700,0.660,0.660,0.660,244,1
0.700,0.700,0.700,0.650,0.650,0.650,0.700,0.700,0.700,0.740,0.740,0.740,472,2
0.700,0.700,0.700,0.700,0.700,0.700,0.730,0.730,0.730,0.700,0.700,0.700,944,1
0.650,0.650,0.650,0.700,0.700,0.700,0.750,0.750,0.750,0.700,0.700,0.700,143,1
0.650,0.650,0.650,0.700,0.700,0.700,0.680,0.680,0.680,0.700,0.700,0.700,433,2
0.700,0.700,0.700,0.700,0.700,0.700,0.700,0.700,0.700,0.680,0.680,0.680,213,1
0.700,0.700,0.700,0.700,0.700,0.700,0.680,0.680,0.680,0.700,0.700,0.700,279,2
0.700,0.700,0.700,0.650,0.650,0.650,0.700,0.700,0.700,0.720,0.720,0.720,668,2
0.700,0.700,0.700,0.700,0.700,0.700,0.700,0.700,0.700,0.690,0.690,0.690,49,1
0.700,0.700,0.700,0.700,0.700,0.700,0.700,0.700,0.700,0.650,0.650,0.650,12,1
0.700,0.700,0.700,0.700,0.700,0.700,0.700,0.700,0.700,0.710,0.710,0.710,150,2
0.650,0.650,0.650,0.700,0.700,0.700,0.660,0.660,0.660,0.700,0.700,0.700,563,2
0.650,0.650,0.650,0.700,0.700,0.700,0.690,0.690,0.690,0.700,0.700,0.700,962,2
0.700,0.700,0.700,0.650,0.650,0.650,0.700,0.700,0.700,0.680,0.680,0.680,565,1
0.750,0.750,0.750,0.700,0.700,0.700,0.740,0.740,0.740,0.700,0.700,0.700,65,1
0.700,0.700,0.700,0.700,0.700,0.700,0.700,0.700,0.700,0.720,0.720,0.720,250,2
0.750,0.750,0.750,0.700,0.700,0.700,0.650,0.650,0.650,0.700,0.700,0.700,518,2
0.750,0.750,0.750,0.700,0.700,0.700,0.650,0.650,0.650,0.700,0.700,0.700,617,2
0.700,0.700,0.700,0.700,0.700,0.700,0.700,0.700,0.700,0.650,0.650,0.650,672,1
0.750,0.750,0.750,0.700,0.700,0.700,0.700,0.700,0.700,0.700,0.700,0.700,886,1
0.650,0.650,0.650,0.700,0.700,0.700,0.680,0.680,0.680,0.700,0.700,0.700,697,2
0.700,0.700,0.700,0.750,0.750,0.750,0.700,0.700,0.700,0.740,0.740,0.740,758,2
0.700,0.700,0.700,0.700,0.700,0.700,0.730,0.730,0.730,0.700,0.700,0.700,482,1
0.700,0.700,0.700,0.750,0.750,0.750,0.700,0.700,0.700,0.660,0.660,0.660,618,1
0.650,0.650,0.650,0.700,0.700,0.700,0.730,0.730,0.730,0.700,0.700,0.700,867,1
0.750,0.750,0.750,0.700,0.700,0.700,0.700,0.700,0.700,0.700,0.700,0.700,721,1
0.700,0.700,0.700,0.700,0.700,0.700,0.700,0.700,0.700,0.710,0.710,0.710,546,2
0.700,0.700,0.700,0.700,0.700,0.700,0.700,0.700,0.700,0.680,0.680,0.680,510,1
0.700,0.700,0.700,0.700,0.700,0.700,0.700,0.700,0.700,0.740,0.740,0.740,450,2
0.700,0.700,0.700,0.700,0.700,0.700,0.700,0.700,0.700,0.740,0.740,0.740,747,2
0.750,0.750,0.750,0.700,0.700,0.700,0.740,0.740,0.740,0.700,0.700,0.700,263,1
0.700,0.700,0.700,0.750,0.750,0.750,0.700,0.700,0.700,0.750,0.750,0.750,792,2
0.700,0.700,0.700,0.700,0.700,0.700,0.700,0.700,0.700,0.720,0.720,0.720,646,2
0.650,0.650,0.650,0.700,0.700,0.700,0.650,0.650,0.650,0.700,0.700,0.700,595,2
0.750,0.750,0.750,0.700,0.700,0.700,0.730,0.730,0.730,0.700,0.700,0.700,955,1
0.700,0.700,0.700,0.700,0.700,0.700,0.680,0.680,0.680,0.700,0.700,0.700,345,2
0.700,0.700,0.700,0.750,0.750,0.750,0.700,0.700,0.700,0.650,0.650,0.650,320,1
0.700,0.700,0.700,0.700,0.700,0.700,0.730,0.730,0.730,0.700,0.700,0.700,680,1
0.650,0.650,0.650,0.700,0.700,0.700,0.660,0.660,0.660,0.700,0.700,0.700,893,2
0.650,0.650,0.650,0.700,0.700,0.700,0.650,0.650,0.650,0.700,0.700,0.700,562,2
0.700,0.700,0.700,0.700,0.700,0.700,0.700,0.700,0.700,0.710,0.710,0.710,249,2
0.700,0.700,0.700,0.750,0.750,0.750,0.700,0.700,0.700,0.730,0.730,0.730,262,2
0.700,0.700,0.700,0.700,0.700,0.700,0.700,0.700,0.700,0.720,0.720,0.720,382,2
0.700,0.700,0.700,0.700,0.700,0.700,0.720,0.720,0.720,0.700,0.700,0.700,85,1
0.700,0.700,0.700,0.700,0.700,0.700,0.700,0.700,0.700,0.680,0.680,0.680,675,1
0.700,0.700,0.700,0.650,0.650,0.650,0.700,0.700,0.700,0.730,0.730,0.730,537,2
0.700,0.700,0.700,0.700,0.700,0.700,0.700,0.700,0.700,0.710,0.710,0.710,777,2
0.700,0.700,0.700,0.750,0.750,0.750,0.700,0.700,0.700,0.680,0.680,0.680,917,1
0.700,0.700,0.700,0.650,0.650,0.650,0.700,0.700,0.700,0.660,0.660,0.660,728,1
0.700,0.700,0.700,0.650,0.650,0.650,0.700,0.700,0.700,0.710,0.710,0.710,205,2
0.700,0.700,0.700,0.650,0.650,0.650,0.700,0.700,0.700,0.720,0.720,0.720,437,2
0.700,0.700,0.700,0.700,0.700,0.700,0.710,0.710,0.710,0.700,0.700,0.700,414,1
0.750,0.750,0.750,0.700,0.700,0.700,0.670,0.670,0.670,0.700,0.700,0.700,784,2
0.750,0.750,0.750,0.700,0.700,0.700,0.720,0.720,0.720,0.700,0.700,0.700,162,1
0.700,0.700,0.700,0.650,0.650,0.650,0.700,0.700,0.700,0.670,0.670,0.670,630,1
0.700,0.700,0.700,0.700,0.700,0.700,0.700,0.700,0.700,0.740,0.740,0.740,648,2
0.700,0.700,0.700,0.700,0.700,0.700,0.750,0.750,0.750,0.700,0.700,0.700,484,1
0.700,0.700,0.700,0.750,0.750,0.750,0.700,0.700,0.700,0.680,0.680,0.680,653,1
0.650,0.650,0.650,0.700,0.700,0.700,0.710,0.710,0.710,0.700,0.700,0.700,40,1
0.700,0.700,0.700,0.700,0.700,0.700,0.700,0.700,0.700,0.700,0.700,0.700,380,2
0.700,0.700,0.700,0.700,0.700,0.700,0.700,0.700,0.700,0.740,0.740,0.740,351,2
0.650,0.650,0.650,0.700,0.700,0.700,0.670,0.670,0.670,0.700,0.700,0.700,960,2
0.650,0.650,0.650,0.700,0.700,0.700,0.730,0.730,0.730,0.700,0.700,0.700,42,1
0.700,0.700,0.700,0.700,0.700,0.700,0.700,0.700,0.700,0.700,0.700,0.700,281,2
0.750,0.750,0.750,0.700,0.700,0.700,0.710,0.710,0.710,0.700,0.700,0.700,623,1
0.700,0.700,0.700,0.650,0.650,0.650,0.700,0.700,0.700,0.650,0.650,0.650,298,1
0.700,0.700,0.700,0.650,0.650,0.650,0.700,0.700,0.700,0.740,0.740,0.740,340,2
0.750,0.750,0.750,0.700,0.700,0.700,0.670,0.670,0.670,0.700,0.700,0.700,586,2
0.700,0.700,0.700,0.700,0.700,0.700,0.700,0.700,0.700,0.750,0.750,0.750,946,2
0.700,0.700,0.700,0.750,0.750,0.750,0.700,0.700,0.700,0.750,0.750,0.750,330,2
0.700,0.700,0.700,0.700,0.700,0.700,0.730,0.730,0.730,0.700,0.700,0.700,614,1
0.700,0.700,0.700,0.650,0.650,0.650,0.700,0.700,0.700,0.710,0.710,0.710,73,2
0.750,0.750,0.750,0.700,0.700,0.700,0.740,0.740,0.740,0.700,0.700,0.700,296,1
0.700,0.700,0.700,0.700,0.700,0.700,0.680,0.680,0.680,0.700,0.700,0.700,15,2
0.700,0.700,0.700,0.750,0.750,0.750,0.700,0.700,0.700,0.750,0.750,0.750,99,2
0.650,0.650,0.650,0.700,0.700,0.700,0.650,0.650,0.650,0.700,0.700,0.700,232,2
0.700,0.700,0.700,0.700,0.700,0.700,0.670,0.670,0.670,0.700,0.700,0.700,905,2
0.700,0.700,0.700,0.650,0.650,0.650,0.700,0.700,0.700,0.650,0.650,0.650,529,1
0.700,0.700,0.700,0.700,0.700,0.700,0.690,0.690,0.690,0.700,0.700,0.700,643,2
0.700,0.700,0.700,0.700,0.700,0.700,0.700,0.700,0.700,0.690,0.690,0.690,742,1
0.650,0.650,0.650,0.700,0.700,0.700,0.690,0.690,0.690,0.700,0.700,0.700,71,2
0.700,0.700,0.700,0.700,0.700,0.700,0.700,0.700,0.700,0.650,0.650,0.650,210,1
0.700,0.700,0.700,0.700,0.700,0.700,0.690,0.690,0.690,0.700,0.700,0.700,709,2
0.650,0.650,0.650,0.700,0.700,0.700,0.660,0.660,0.660,0.700,0.700,0.700,860,2
0.750,0.750,0.750,0.700,0.700,0.700,0.710,0.710,0.710,0.700,0.700,0.700,887,1
0.750,0.750,0.750,0.700,0.700,0.700,0.670,0.670,0.670,0.700,0.700,0.700,256,2
0.700,0.700,0.700,0.750,0.750,0.750,0.700,0.700,0.700,0.750,0.750,0.750,66,2
0.650,0.650,0.650,0.700,0.700,0.700,0.690,0.690,0.690,0.700,0.700,0.700,896,2
0.750,0.750,0.750,0.700,0.700,0.700,0.670,0.670,0.670,0.700,0.700,0.700,685,2
0.650,0.650,0.650,0.700,0.700,0.700,0.720,0.720,0.720,0.700,0.700,0.700,8,1
0.700,0.700,0.700,0.650,0.650,0.650,0.700,0.700,0.700,0.670,0.670,0.670,531,1
0.650,0.650,0.650,0.700,0.700,0.700,0.690,0.690,0.690,0.700,0.700,0.700,698,2
0.700,0.700,0.700,0.700,0.700,0.700,0.710,0.710,0.710,0.700,0.700,0.700,513,1
0.650,0.650,0.650,0.700,0.700,0.700,0.750,0.750,0.750,0.700,0.700,0.700,209,1
0.700,0.700,0.700,0.750,0.750,0.750,0.700,0.700,0.700,0.670,0.670,0.670,421,1
0.700,0.700,0.700,0.650,0.650,0.650,0.700,0.700,0.700,0.690,0.690,0.690,236,1
0.700,0.700,0.700,0.650,0.650,0.650,0.700,0.700,0.700,0.700,0.700,0.700,369,2
0.700,0.700,0.700,0.700,0.700,0.700,0.700,0.700,0.700,0.710,0.710,0.710,480,2
0.650,0.650,0.650,0.700,0.700,0.700,0.670,0.670,0.670,0.700,0.700,0.700,828,2
0.650,0.650,0.650,0.700,0.700,0.700,0.660,0.660,0.660,0.700,0.700,0.700,629,2
0.650,0.650,0.650,0.700,0.700,0.700,0.690,0.690,0.690,0.700,0.700,0.700,533,2
0.700,0.700,0.700,0.650,0.650,0.650,0.700,0.700,0.700,0.720,0.720,0.720,734,2
0.700,0.700,0.700,0.700,0.700,0.700,0.700,0.700,0.700,0.700,0.700,0.700,149,1
0.650,0.650,0.650,0.700,0.700,0.700,0.730,0.730,0.730,0.700,0.700,0.700,75,1
0.700,0.700,0.700,0.750,0.750,0.750,0.700,0.700,0.700,0.720,0.720,0.720,558,2
0.700,0.700,0.700,0.650,0.650,0.650,0.700,0.700,0.700,0.730,0.730,0.730,900,2
0.750,0.750,0.750,0.700,0.700,0.700,0.700,0.700,0.700,0.700,0.700,0.700,160,1
0.750,0.750,0.750,0.700,0.700,0.700,0.730,0.730,0.730,0.700,0.700,0.700,394,1
0.700,0.700,0.700,0.750,0.750,0.750,0.700,0.700,0.700,0.720,0.720,0.720,756,2
0.750,0.750,0.750,0.700,0.700,0.700,0.740,0.740,0.740,0.700,0.700,0.700,197,1
0.750,0.750,0.750,0.700,0.700,0.700,0.700,0.700,0.700,0.700,0.700,0.700,688,1
0.700,0.700,0.700,0.700,0.700,0.700,0.740,0.740,0.740,0.700,0.700,0.700,978,1
0.700,0.700,0.700,0.650,0.650,0.650,0.700,0.700,0.700,0.670,0.670,0.670,498,1
0.700,0.700,0.700,0.700,0.700,0.700,0.720,0.720,0.720,0.700,0.700,0.700,481,1
0.700,0.700,0.700,0.650,0.650,0.650,0.700,0.700,0.700,0.710,0.710,0.710,436,2
0.700,0.700,0.700,0.750,0.750,0.750,0.700,0.700,0.700,0.650,0.650,0.650,815,1
0.700,0.700,0.700,0.750,0.750,0.750,0.700,0.700,0.700,0.740,0.740,0.740,32,2
0.650,0.650,0.650,0.700,0.700,0.700,0.660,0.660,0.660,0.700,0.700,0.700,68,2
0.700,0.700,0.700,0.650,0.650,0.650,0.700,0.700,0.700,0.700,0.700,0.700,534,2
0.750,0.750,0.750,0.700,0.700,0.700,0.690,0.690,0.690,0.700,0.700,0.700,423,2
0.700,0.700,0.700,0.700,0.700,0.700,0.700,0.700,0.700,0.660,0.660,0.660,145,1
0.650,0.650,0.650,0.700,0.700,0.700,0.750,0.750,0.750,0.700,0.700,0.700,341,1
0.650,0.650,0.650,0.700,0.700,0.700,0.720,0.720,0.720,0.700,0.700,0.700,932,1
0.650,0.650,0.650,0.700,0.700,0.700,0.690,0.690,0.690,0.700,0.700,0.700,302,2
0.700,0.700,0.700,0.700,0.700,0.700,0.700,0.700,0.700,0.650,0.650,0.650,408,1
0.700,0.700,0.700,0.700,0.700,0.700,0.700,0.700,0.700,0.660,0.660,0.660,838,1
0.700,0.700,0.700,0.750,0.750,0.750,0.700,0.700,0.700,0.750,0.750,0.750,957,2
0.700,0.700,0.700,0.650,0.650,0.650,0.700,0.700,0.700,0.740,0.740,0.740,703,2
0.700,0.700,0.700,0.750,0.750,0.750,0.700,0.700,0.700,0.670,0.670,0.670,355,1
0.700,0.700,0.700,0.700,0.700,0.700,0.710,0.710,0.710,0.700,0.700,0.700,216,1
0.700,0.700,0.700,0.700,0.700,0.700,0.700,0.700,0.700,0.740,0.740,0.740,318,2
0.700,0.700,0.700,0.650,0.650,0.650,0.700,0.700,0.700,0.660,0.660,0.660,827,1
0.750,0.750,0.750,0.700,0.700,0.700,0.660,0.660,0.660,0.700,0.700,0.700,717,2
0.650,0.650,0.650,0.700,0.700,0.700,0.680,0.680,0.680,0.700,0.700,0.700,37,2
0.700,0.700,0.700,0.700,0.700,0.700,0.680,0.680,0.680,0.700,0.700,0.700,906,2
0.650,0.650,0.650,0.700,0.700,0.700,0.720,0.720,0.720,0.700,0.700,0.700,569,1
0.700,0.700,0.700,0.700,0.700,0.700,0.700,0.700,0.700,0.710,0.710,0.710,51,2
0.700,0.700,0.700,0.700,0.700,0.700,0.730,0.730,0.730,0.700,0.700,0.700,812,1
0.700,0.700,0.700,0.650,0.650,0.650,0.700,0.700,0.700,0.660,0.660,0.660,464,1
0.700,0.700,0.700,0.700,0.700,0.700,0.700,0.700,0.700,0.730,0.730,0.730,152,2
0.700,0.700,0.700,0.750,0.750,0.750,0.700,0.700,0.700,0.700,0.700,0.700,853,2
0.700,0.700,0.700,0.650,0.650,0.650,0.700,0.700,0.700,0.730,0.730,0.730,966,2
0.700,0.700,0.700,0.700,0.700,0.700,0.700,0.700,0.700,0.660,0.660,0.660,79,1
0.700,0.700,0.700,0.700,0.700,0.700,0.690,0.690,0.690,0.700,0.700,0.700,16,2
0.700,0.700,0.700,0.650,0.650,0.650,0.700,0.700,0.700,0.710,0.710,0.710,172,2
0.750,0.750,0.750,0.700,0.700,0.700,0.730,0.730,0.730,0.700,0.700,0.700,229,1
0.700,0.700,0.700,0.700,0.700,0.700,0.720,0.720,0.720,0.700,0.700,0.700,217,1
0.700,0.700,0.700,0.650,0.650,0.650,0.700,0.700,0.700,0.700,0.700,0.700,666,2
0.650,0.650,0.650,0.700,0.700,0.700,0.730,0.730,0.730,0.700,0.700,0.700,636,1
0.700,0.700,0.700,0.750,0.750,0.750,0.700,0.700,0.700,0.670,0.670,0.670,520,1
0.700,0.700,0.700,0.700,0.700,0.700,0.740,0.740,0.740,0.700,0.700,0.700,912,1
0.650,0.650,0.650,0.700,0.700,0.700,0.690,0.690,0.690,0.700,0.700,0.700,335,2
0.700,0.700,0.700,0.700,0.700,0.700,0.700,0.700,0.700,0.720,0.720,0.720,910,2
0.700,0.700,0.700,0.700,0.700,0.700,0.700,0.700,0.700,0.750,0.750,0.750,121,2
0.700,0.700,0.700,0.750,0.750,0.750,0.700,0.700,0.700,0.730,0.730,0.730,889,2
0.700,0.700,0.700,0.700,0.700,0.700,0.700,0.700,0.700,0.730,0.730,0.730,416,2
0.700,0.700,0.700,0.700,0.700,0.700,0.710,0.710,0.710,0.700,0.700,0.700,612,1
0.750,0.750,0.750,0.700,0.700,0.700,0.680,0.680,0.680,0.700,0.700,0.700,488,2
0.650,0.650,0.650,0.700,0.700,0.700,0.650,0.650,0.650,0.700,0.700,0.700,727,2
0.700,0.700,0.700,0.750,0.750,0.750,0.700,0.700,0.700,0.670,0.670,0.670,91,1
0.650,0.650,0.650,0.700,0.700,0.700,0.710,0.710,0.710,0.700,0.700,0.700,106,1
0.700,0.700,0.700,0.750,0.750,0.750,0.700,0.700,0.700,0.670,0.670,0.670,454,1
0.700,0.700,0.700,0.650,0.650,0.650,0.700,0.700,0.700,0.730,0.730,0.730,504,2
0.750,0.750,0.750,0.700,0.700,0.700,0.700,0.700,0.700,0.700,0.700,0.700,325,1
0.700,0.700,0.700,0.650,0.650,0.650,0.700,0.700,0.700,0.710,0.710,0.710,931,2
0.750,0.750,0.750,0.700,0.700,0.700,0.710,0.710,0.710,0.700,0.700,0.700,953,1
0.750,0.750,0.750,0.700,0.700,0.700,0.720,0.720,0.720,0.700,0.700,0.700,855,1
0.700,0.700,0.700,0.750,0.750,0.750,0.700,0.700,0.700,0.690,0.690,0.690,687,1
0.700,0.700,0.700,0.650,0.650,0.650,0.700,0.700,0.700,0.730,0.730,0.730,438,2
0.700,0.700,0.700,0.750,0.750,0.750,0.700,0.700,0.700,0.650,0.650,0.650,56,1
0.700,0.700,0.700,0.700,0.700,0.700,0.680,0.680,0.680,0.700,0.700,0.700,873,2
0.650,0.650,0.650,0.700,0.700,0.700,0.680,0.680,0.680,0.700,0.700,0.700,400,2
0.700,0.700,0.700,0.700,0.700,0.700,0.700,0.700,0.700,0.690,0.690,0.690,379,1
0.750,0.750,0.750,0.700,0.700,0.700,0.730,0.730,0.730,0.700,0.700,0.700,97,1
0.750,0.750,0.750,0.700,0.700,0.700,0.730,0.730,0.730,0.700,0.700,0.700,625,1
0.700,0.700,0.700,0.700,0.700,0.700,0.700,0.700,0.700,0.700,0.700,0.700,116,1
0.650,0.650,0.650,0.700,0.700,0.700,0.700,0.700,0.700,0.700,0.700,0.700,798,1
0.700,0.700,0.700,0.750,0.750,0.750,0.700,0.700,0.700,0.700,0.700,0.700,391,2
0.700,0.700,0.700,0.700,0.700,0.700,0.680,0.680,0.680,0.700,0.700,0.700,477,2
0.650,0.650,0.650,0.700,0.700,0.700,0.750,0.750,0.750,0.700,0.700,0.700,869,1
0.700,0.700,0.700,0.650,0.650,0.650,0.700,0.700,0.700,0.660,0.660,0.660,233,1
0.700,0.700,0.700,0.750,0.750,0.750,0.700,0.700,0.700,0.660,0.660,0.660,255,1
0.700,0.700,0.700,0.700,0.700,0.700,0.720,0.720,0.720,0.700,0.700,0.700,118,1
0.700,0.700,0.700,0.750,0.750,0.750,0.700,0.700,0.700,0.700,0.700,0.700,787,2
0.750,0.750,0.750,0.700,0.700,0.700,0.690,0.690,0.690,0.700,0.700,0.700,324,2
0.750,0.750,0.750,0.700,0.700,0.700,0.740,0.740,0.740,0.700,0.700,0.700,824,1
0.750,0.750,0.750,0.700,0.700,0.700,0.730,0.730,0.730,0.700,0.700,0.700,559,1
0.700,0.700,0.700,0.650,0.650,0.650,0.700,0.700,0.700,0.710,0.710,0.710,403,2
0.750,0.750,0.750,0.700,0.700,0.700,0.730,0.730,0.730,0.700,0.700,0.700,163,1
0.750,0.750,0.750,0.700,0.700,0.700,0.660,0.660,0.660,0.700,0.700,0.700,585,2
0.700,0.700,0.700,0.650,0.650,0.650,0.700,0.700,0.700,0.680,0.680,0.680,862,1
0.700,0.700,0.700,0.700,0.700,0.700,0.700,0.700,0.700,0.690,0.690,0.690,115,1
0.700,0.700,0.700,0.700,0.700,0.700,0.730,0.730,0.730,0.700,0.700,0.700,449,1
0.700,0.700,0.700,0.700,0.700,0.700,0.700,0.700,0.700,0.680,0.680,0.680,411,1
0.700,0.700,0.700,0.700,0.700,0.700,0.700,0.700,0.700,0.680,0.680,0.680,444,1
0.700,0.700,0.700,0.650,0.650,0.650,0.700,0.700,0.700,0.750,0.750,0.750,374,2
0.750,0.750,0.750,0.700,0.700,0.700,0.750,0.750,0.750,0.700,0.700,0.700,231,1
0.650,0.650,0.650,0.700,0.700,0.700,0.740,0.740,0.740,0.700,0.700,0.700,307,1
0.700,0.700,0.700,0.750,0.750,0.750,0.700,0.700,0.700,0.680,0.680,0.680,257,1
0.700,0.700,0.700,0.650,0.650,0.650,0.700,0.700,0.700,0.700,0.700,0.700,303,2
0.700,0.700,0.700,0.700,0.700,0.700,0.650,0.650,0.650,0.700,0.700,0.700,474,2
0.700,0.700,0.700,0.750,0.750,0.750,0.700,0.700,0.700,0.660,0.660,0.660,486,1
0.650,0.650,0.650,0.700,0.700,0.700,0.670,0.670,0.670,0.700,0.700,0.700,36,2
0.700,0.700,0.700,0.700,0.700,0.700,0.660,0.660,0.660,0.700,0.700,0.700,508,2
0.750,0.750,0.750,0.700,0.700,0.700,0.680,0.680,0.680,0.700,0.700,0.700,389,2
0.700,0.700,0.700,0.700,0.700,0.700,0.680,0.680,0.680,0.700,0.700,0.700,81,2
0.750,0.750,0.750,0.700,0.700,0.700,0.690,0.690,0.690,0.700,0.700,0.700,852,2
0.650,0.650,0.650,0.700,0.700,0.700,0.650,0.650,0.650,0.700,0.700,0.700,166,2
0.700,0.700,0.700,0.700,0.700,0.700,0.700,0.700,0.700,0.690,0.690,0.690,445,1
0.750,0.750,0.750,0.700,0.700,0.700,0.660,0.660,0.660,0.700,0.700,0.700,519,2
0.750,0.750,0.750,0.700,0.700,0.700,0.650,0.650,0.650,0.700,0.700,0.700,551,2
0.650,0.650,0.650,0.700,0.700,0.700,0.670,0.670,0.670,0.700,0.700,0.700,135,2
0.750,0.750,0.750,0.700,0.700,0.700,0.690,0.690,0.690,0.700,0.700,0.700,291,2
0.700,0.700,0.700,0.700,0.700,0.700,0.700,0.700,0.700,0.650,0.650,0.650,903,1
0.700,0.700,0.700,0.650,0.650,0.650,0.700,0.700,0.700,0.750,0.750,0.750,407,2
0.650,0.650,0.650,0.700,0.700,0.700,0.690,0.690,0.690,0.700,0.700,0.700,434,2
0.750,0.750,0.750,0.700,0.700,0.700,0.660,0.660,0.660,0.700,0.700,0.700,552,2
0.650,0.650,0.650,0.700,0.700,0.700,0.720,0.720,0.720,0.700,0.700,0.700,107,1
0.650,0.650,0.650,0.700,0.700,0.700,0.710,0.710,0.710,0.700,0.700,0.700,370,1
0.700,0.700,0.700,0.650,0.650,0.650,0.700,0.700,0.700,0.700,0.700,0.700,831,2
0.700,0.700,0.700,0.750,0.750,0.750,0.700,0.700,0.700,0.750,0.750,0.750,33,2
0.700,0.700,0.700,0.750,0.750,0.750,0.700,0.700,0.700,0.680,0.680,0.680,521,1
0.700,0.700,0.700,0.700,0.700,0.700,0.700,0.700,0.700,0.670,0.670,0.670,608,1
0.650,0.650,0.650,0.700,0.700,0.700,0.700,0.700,0.700,0.700,0.700,0.700,270,1
0.700,0.700,0.700,0.650,0.650,0.650,0.700,0.700,0.700,0.690,0.690,0.690,170,1
0.700,0.700,0.700,0.700,0.700,0.700,0.750,0.750,0.750,0.700,0.700,0.700,451,1
0.750,0.750,0.750,0.700,0.700,0.700,0.750,0.750,0.750,0.700,0.700,0.700,561,1
0.700,0.700,0.700,0.750,0.750,0.750,0.700,0.700,0.700,0.680,0.680,0.680,554,1
0.700,0.700,0.700,0.700,0.700,0.700,0.710,0.710,0.710,0.700,0.700,0.700,975,1
0.650,0.650,0.650,0.700,0.700,0.700,0.700,0.700,0.700,0.700,0.700,0.700,336,1
0.700,0.700,0.700,0.650,0.650,0.650,0.700,0.700,0.700,0.680,0.680,0.680,136,1
0.700,0.700,0.700,0.750,0.750,0.750,0.700,0.700,0.700,0.690,0.690,0.690,522,1
0.700,0.700,0.700,0.700,0.700,0.700,0.700,0.700,0.700,0.700,0.700,0.700,446,1
0.750,0.750,0.750,0.700,0.700,0.700,0.710,0.710,0.710,0.700,0.700,0.700,194,1
0.700,0.700,0.700,0.700,0.700,0.700,0.700,0.700,0.700,0.740,0.740,0.740,120,2
0.700,0.700,0.700,0.700,0.700,0.700,0.700,0.700,0.700,0.650,0.650,0.650,837,1
0.700,0.700,0.700,0.700,0.700,0.700,0.670,0.670,0.670,0.700,0.700,0.700,641,2
0.750,0.750,0.750,0.700,0.700,0.700,0.750,0.750,0.750,0.700,0.700,0.700,396,1
0.700,0.700,0.700,0.700,0.700,0.700,0.700,0.700,0.700,0.720,0.720,0.720,349,2
0.750,0.750,0.750,0.700,0.700,0.700,0.730,0.730,0.730,0.700,0.700,0.700,592,1
0.700,0.700,0.700,0.650,0.650,0.650,0.700,0.700,0.700,0.650,0.650,0.650,661,1
0.700,0.700,0.700,0.700,0.700,0.700,0.700,0.700,0.700,0.710,0.710,0.710,678,2
0.700,0.700,0.700,0.750,0.750,0.750,0.700,0.700,0.700,0.650,0.650,0.650,683,1
0.700,0.700,0.700,0.700,0.700,0.700,0.660,0.660,0.660,0.700,0.700,0.700,640,2
0.700,0.700,0.700,0.650,0.650,0.650,0.700,0.700,0.700,0.650,0.650,0.650,793,1
0.700,0.700,0.700,0.750,0.750,0.750,0.700,0.700,0.700,0.650,0.650,0.650,848,1
0.700,0.700,0.700,0.700,0.700,0.700,0.670,0.670,0.670,0.700,0.700,0.700,410,2
0.700,0.700,0.700,0.650,0.650,0.650,0.700,0.700,0.700,0.730,0.730,0.730,306,2
0.750,0.750,0.750,0.700,0.700,0.700,0.730,0.730,0.730,0.700,0.700,0.700,31,1
0.700,0.700,0.700,0.700,0.700,0.700,0.700,0.700,0.700,0.660,0.660,0.660,805,1
0.700,0.700,0.700,0.650,0.650,0.650,0.700,0.700,0.700,0.700,0.700,0.700,171,2
0.700,0.700,0.700,0.700,0.700,0.700,0.690,0.690,0.690,0.700,0.700,0.700,412,2
0.700,0.700,0.700,0.700,0.700,0.700,0.700,0.700,0.700,0.670,0.670,0.670,971,1
0.700,0.700,0.700,0.750,0.750,0.750,0.700,0.700,0.700,0.690,0.690,0.690,819,1
0.700,0.700,0.700,0.650,0.650,0.650,0.700,0.700,0.700,0.650,0.650,0.650,34,1
0.650,0.650,0.650,0.700,0.700,0.700,0.750,0.750,0.750,0.700,0.700,0.700,935,1
0.700,0.700,0.700,0.700,0.700,0.700,0.700,0.700,0.700,0.720,0.720,0.720,745,2
0.700,0.700,0.700,0.750,0.750,0.750,0.700,0.700,0.700,0.690,0.690,0.690,720,1
0.650,0.650,0.650,0.700,0.700,0.700,0.700,0.700,0.700,0.700,0.700,0.700,402,1
0.700,0.700,0.700,0.650,0.650,0.650,0.700,0.700,0.700,0.680,0.680,0.680,928,1
0.650,0.650,0.650,0.700,0.700,0.700,0.660,0.660,0.660,0.700,0.700,0.700,794,2
0.650,0.650,0.650,0.700,0.700,0.700,0.690,0.690,0.690,0.700,0.700,0.700,137,2
0.700,0.700,0.700,0.700,0.700,0.700,0.690,0.690,0.690,0.700,0.700,0.700,247,2
0.700,0.700,0.700,0.650,0.650,0.650,0.700,0.700,0.700,0.650,0.650,0.650,925,1
0.700,0.700,0.700,0.650,0.650,0.650,0.700,0.700,0.700,0.750,0.750,0.750,242,2
0.700,0.700,0.700,0.650,0.650,0.650,0.700,0.700,0.700,0.720,0.720,0.720,833,2
0.700,0.700,0.700,0.700,0.700,0.700,0.700,0.700,0.700,0.690,0.690,0.690,148,1
0.650,0.650,0.650,0.700,0.700,0.700,0.660,0.660,0.660,0.700,0.700,0.700,431,2
0.700,0.700,0.700,0.650,0.650,0.650,0.700,0.700,0.700,0.700,0.700,0.700,237,2
0.650,0.650,0.650,0.700,0.700,0.700,0.700,0.700,0.700,0.700,0.700,0.700,204,1
0.700,0.700,0.700,0.700,0.700,0.700,0.700,0.700,0.700,0.690,0.690,0.690,577,1
0.750,0.750,0.750,0.700,0.700,0.700,0.710,0.710,0.710,0.700,0.700,0.700,524,1
0.700,0.700,0.700,0.700,0.700,0.700,0.700,0.700,0.700,0.710,0.710,0.710,909,2
0.700,0.700,0.700,0.700,0.700,0.700,0.700,0.700,0.700,0.740,0.740,0.740,714,2
0.700,0.700,0.700,0.700,0.700,0.700,0.700,0.700,0.700,0.750,0.750,0.750,385,2
0.700,0.700,0.700,0.700,0.700,0.700,0.700,0.700,0.700,0.670,0.670,0.670,740,1
0.700,0.700,0.700,0.750,0.750,0.750,0.700,0.700,0.700,0.700,0.700,0.700,952,2
0.700,0.700,0.700,0.700,0.700,0.700,0.680,0.680,0.680,0.700,0.700,0.700,180,2
0.700,0.700,0.700,0.700,0.700,0.700,0.740,0.740,0.740,0.700,0.700,0.700,54,1
0.700,0.700,0.700,0.650,0.650,0.650,0.700,0.700,0.700,0.680,0.680,0.680,598,1
0.750,0.750,0.750,0.700,0.700,0.700,0.680,0.680,0.680,0.700,0.700,0.700,125,2
0.650,0.650,0.650,0.700,0.700,0.700,0.670,0.670,0.670,0.700,0.700,0.700,432,2
0.700,0.700,0.700,0.750,0.750,0.750,0.700,0.700,0.700,0.710,0.710,0.710,359,2
0.700,0.700,0.700,0.700,0.700,0.700,0.700,0.700,0.700,0.680,0.680,0.680,774,1
0.750,0.750,0.750,0.700,0.700,0.700,0.750,0.750,0.750,0.700,0.700,0.700,363,1
0.700,0.700,0.700,0.700,0.700,0.700,0.700,0.700,0.700,0.700,0.700,0.700,50,2
0.650,0.650,0.650,0.700,0.700,0.700,0.660,0.660,0.660,0.700,0.700,0.700,497,2
0.700,0.700,0.700,0.650,0.650,0.650,0.700,0.700,0.700,0.670,0.670,0.670,267,1
0.700,0.700,0.700,0.700,0.700,0.700,0.720,0.720,0.720,0.700,0.700,0.700,283,1
0.650,0.650,0.650,0.700,0.700,0.700,0.730,0.730,0.730,0.700,0.700,0.700,669,1
0.700,0.700,0.700,0.750,0.750,0.750,0.700,0.700,0.700,0.670,0.670,0.670,883,1
0.700,0.700,0.700,0.700,0.700,0.700,0.700,0.700,0.700,0.650,0.650,0.650,540,1
0.700,0.700,0.700,0.700,0.700,0.700,0.700,0.700,0.700,0.650,0.650,0.650,705,1
0.700,0.700,0.700,0.650,0.650,0.650,0.700,0.700,0.700,0.680,0.680,0.680,103,1
0.700,0.700,0.700,0.700,0.700,0.700,0.700,0.700,0.700,0.740,0.740,0.740,153,2
0.700,0.700,0.700,0.700,0.700,0.700,0.710,0.710,0.710,0.700,0.700,0.700,579,1
0.750,0.750,0.750,0.700,0.700,0.700,0.660,0.660,0.660,0.700,0.700,0.700,288,2
0.700,0.700,0.700,0.700,0.700,0.700,0.670,0.670,0.670,0.700,0.700,0.700,47,2
0.650,0.650,0.650,0.700,0.700,0.700,0.690,0.690,0.690,0.700,0.700,0.700,38,2
0.700,0.700,0.700,0.650,0.650,0.650,0.700,0.700,0.700,0.670,0.670,0.670,927,1
0.700,0.700,0.700,0.700,0.700,0.700,0.720,0.720,0.720,0.700,0.700,0.700,580,1
0.650,0.650,0.650,0.700,0.700,0.700,0.680,0.680,0.680,0.700,0.700,0.700,202,2
0.700,0.700,0.700,0.700,0.700,0.700,0.700,0.700,0.700,0.700,0.700,0.700,215,1
0.700,0.700,0.700,0.650,0.650,0.650,0.700,0.700,0.700,0.690,0.690,0.690,269,1
0.700,0.700,0.700,0.750,0.750,0.750,0.700,0.700,0.700,0.650,0.650,0.650,584,1
0.750,0.750,0.750,0.700,0.700,0.700,0.670,0.670,0.670,0.700,0.700,0.700,916,2
0.700,0.700,0.700,0.700,0.700,0.700,0.670,0.670,0.670,0.700,0.700,0.700,344,2
0.700,0.700,0.700,0.700,0.700,0.700,0.710,0.710,0.710,0.700,0.700,0.700,183,1
0.750,0.750,0.750,0.700,0.700,0.700,0.730,0.730,0.730,0.700,0.700,0.700,130,1
0.700,0.700,0.700,0.750,0.750,0.750,0.700,0.700,0.700,0.720,0.720,0.720,789,2
0.750,0.750,0.750,0.700,0.700,0.700,0.740,0.740,0.740,0.700,0.700,0.700,230,1
0.750,0.750,0.750,0.700,0.700,0.700,0.720,0.720,0.720,0.700,0.700,0.700,723,1
0.650,0.650,0.650,0.700,0.700,0.700,0.750,0.750,0.750,0.700,0.700,0.700,11,1
0.700,0.700,0.700,0.750,0.750,0.750,0.700,0.700,0.700,0.740,0.740,0.740,164,2
0.700,0.700,0.700,0.750,0.750,0.750,0.700,0.700,0.700,0.650,0.650,0.650,155,1
0.700,0.700,0.700,0.700,0.700,0.700,0.750,0.750,0.750,0.700,0.700,0.700,88,1
0.700,0.700,0.700,0.700,0.700,0.700,0.700,0.700,0.700,0.690,0.690,0.690,511,1
0.700,0.700,0.700,0.700,0.700,0.700,0.700,0.700,0.700,0.680,0.680,0.680,609,1
0.700,0.700,0.700,0.750,0.750,0.750,0.700,0.700,0.700,0.650,0.650,0.650,23,1
0.700,0.700,0.700,0.700,0.700,0.700,0.730,0.730,0.730,0.700,0.700,0.700,185,1
0.700,0.700,0.700,0.700,0.700,0.700,0.700,0.700,0.700,0.740,0.740,0.740,285,2
0.700,0.700,0.700,0.700,0.700,0.700,0.700,0.700,0.700,0.720,0.720,0.720,844,2
0.700,0.700,0.700,0.700,0.700,0.700,0.700,0.700,0.700,0.680,0.680,0.680,840,1
0.750,0.750,0.750,0.700,0.700,0.700,0.680,0.680,0.680,0.700,0.700,0.700,26,2
0.700,0.700,0.700,0.700,0.700,0.700,0.700,0.700,0.700,0.750,0.750,0.750,847,2
0.700,0.700,0.700,0.650,0.650,0.650,0.700,0.700,0.700,0.750,0.750,0.750,506,2
0.700,0.700,0.700,0.750,0.750,0.750,0.700,0.700,0.700,0.670,0.670,0.670,124,1
0.700,0.700,0.700,0.650,0.650,0.650,0.700,0.700,0.700,0.740,0.740,0.740,967,2
0.700,0.700,0.700,0.650,0.650,0.650,0.700,0.700,0.700,0.730,0.730,0.730,108,2
0.650,0.650,0.650,0.700,0.700,0.700,0.740,0.740,0.740,0.700,0.700,0.700,835,1
0.700,0.700,0.700,0.700,0.700,0.700,0.670,0.670,0.670,0.700,0.700,0.700,872,2
0.650,0.650,0.650,0.700,0.700,0.700,0.660,0.660,0.660,0.700,0.700,0.700,2,2
0.700,0.700,0.700,0.700,0.700,0.700,0.700,0.700,0.700,0.750,0.750,0.750,583,2
0.700,0.700,0.700,0.700,0.700,0.700,0.670,0.670,0.670,0.700,0.700,0.700,146,2
0.650,0.650,0.650,0.700,0.700,0.700,0.750,0.750,0.750,0.700,0.700,0.700,836,1
0.700,0.700,0.700,0.750,0.750,0.750,0.700,0.700,0.700,0.710,0.710,0.710,722,2
0.700,0.700,0.700,0.700,0.700,0.700,0.650,0.650,0.650,0.700,0.700,0.700,144,2
0.700,0.700,0.700,0.750,0.750,0.750,0.700,0.700,0.700,0.720,0.720,0.720,426,2
0.700,0.700,0.700,0.700,0.700,0.700,0.700,0.700,0.700,0.660,0.660,0.660,937,1
0.700,0.700,0.700,0.650,0.650,0.650,0.700,0.700,0.700,0.740,0.740,0.740,43,2
0.700,0.700,0.700,0.700,0.700,0.700,0.710,0.710,0.710,0.700,0.700,0.700,84,1
0.700,0.700,0.700,0.700,0.700,0.700,0.720,0.720,0.720,0.700,0.700,0.700,976,1
0.700,0.700,0.700,0.650,0.650,0.650,0.700,0.700,0.700,0.660,0.660,0.660,332,1
0.650,0.650,0.650,0.700,0.700,0.700,0.720,0.720,0.720,0.700,0.700,0.700,305,1
0.650,0.650,0.650,0.700,0.700,0.700,0.690,0.690,0.690,0.700,0.700,0.700,863,2
0.700,0.700,0.700,0.700,0.700,0.700,0.680,0.680,0.680,0.700,0.700,0.700,48,2
0.650,0.650,0.650,0.700,0.700,0.700,0.720,0.720,0.720,0.700,0.700,0.700,800,1
0.750,0.750,0.750,0.700,0.700,0.700,0.660,0.660,0.660,0.700,0.700,0.700,882,2
0.700,0.700,0.700,0.700,0.700,0.700,0.700,0.700,0.700,0.750,0.750,0.750,748,2
0.700,0.700,0.700,0.650,0.650,0.650,0.700,0.700,0.700,0.650,0.650,0.650,397,1
0.650,0.650,0.650,0.700,0.700,0.700,0.740,0.740,0.740,0.700,0.700,0.700,208,1
0.700,0.700,0.700,0.650,0.650,0.650,0.700,0.700,0.700,0.710,0.710,0.710,700,2
0.650,0.650,0.650,0.700,0.700,0.700,0.710,0.710,0.710,0.700,0.700,0.700,535,1
0.700,0.700,0.700,0.700,0.700,0.700,0.660,0.660,0.660,0.700,0.700,0.700,277,2
0.700,0.700,0.700,0.700,0.700,0.700,0.660,0.660,0.660,0.700,0.700,0.700,574,2
0.650,0.650,0.650,0.700,0.700,0.700,0.720,0.720,0.720,0.700,0.700,0.700,371,1
0.700,0.700,0.700,0.650,0.650,0.650,0.700,0.700,0.700,0.740,0.740,0.740,142,2
0.700,0.700,0.700,0.700,0.700,0.700,0.670,0.670,0.670,0.700,0.700,0.700,839,2
0.700,0.700,0.700,0.750,0.750,0.750,0.700,0.700,0.700,0.650,0.650,0.650,419,1
0.700,0.700,0.700,0.750,0.750,0.750,0.700,0.700,0.700,0.690,0.690,0.690,786,1
0.700,0.700,0.700,0.700,0.700,0.700,0.650,0.650,0.650,0.700,0.700,0.700,738,2
0.700,0.700,0.700,0.650,0.650,0.650,0.700,0.700,0.700,0.660,0.660,0.660,695,1
0.700,0.700,0.700,0.750,0.750,0.750,0.700,0.700,0.700,0.680,0.680,0.680,686,1
0.750,0.750,0.750,0.700,0.700,0.700,0.650,0.650,0.650,0.700,0.700,0.700,254,2
0.700,0.700,0.700,0.700,0.700,0.700,0.700,0.700,0.700,0.660,0.660,0.660,343,1
0.700,0.700,0.700,0.750,0.750,0.750,0.700,0.700,0.700,0.710,0.710,0.710,821,2
0.700,0.700,0.700,0.650,0.650,0.650,0.700,0.700,0.700,0.650,0.650,0.650,100,1
0.750,0.750,0.750,0.700,0.700,0.700,0.710,0.710,0.710,0.700,0.700,0.700,986,1
0.650,0.650,0.650,0.700,0.700,0.700,0.670,0.670,0.670,0.700,0.700,0.700,894,2
0.700,0.700,0.700,0.700,0.700,0.700,0.700,0.700,0.700,0.670,0.670,0.670,212,1
0.700,0.700,0.700,0.650,0.650,0.650,0.700,0.700,0.700,0.720,0.720,0.720,140,2
0.700,0.700,0.700,0.650,0.650,0.650,0.700,0.700,0.700,0.690,0.690,0.690,104,1
0.700,0.700,0.700,0.700,0.700,0.700,0.660,0.660,0.660,0.700,0.700,0.700,211,2
0.650,0.650,0.650,0.700,0.700,0.700,0.690,0.690,0.690,0.700,0.700,0.700,203,2
0.700,0.700,0.700,0.750,0.750,0.750,0.700,0.700,0.700,0.700,0.700,0.700,655,2
0.700,0.700,0.700,0.700,0.700,0.700,0.700,0.700,0.700,0.680,0.680,0.680,708,1
0.750,0.750,0.750,0.700,0.700,0.700,0.730,0.730,0.730,0.700,0.700,0.700,361,1
0.700,0.700,0.700,0.650,0.650,0.650,0.700,0.700,0.700,0.730,0.730,0.730,9,2
0.750,0.750,0.750,0.700,0.700,0.700,0.670,0.670,0.670,0.700,0.700,0.700,289,2
0.650,0.650,0.650,0.700,0.700,0.700,0.690,0.690,0.690,0.700,0.700,0.700,5,2
0.700,0.700,0.700,0.650,0.650,0.650,0.700,0.700,0.700,0.700,0.700,0.700,501,2
0.700,0.700,0.700,0.750,0.750,0.750,0.700,0.700,0.700,0.710,0.710,0.710,689,2
0.700,0.700,0.700,0.750,0.750,0.750,0.700,0.700,0.700,0.710,0.710,0.710,62,2
0.750,0.750,0.750,0.700,0.700,0.700,0.740,0.740,0.740,0.700,0.700,0.700,395,1
0.700,0.700,0.700,0.700,0.700,0.700,0.690,0.690,0.690,0.700,0.700,0.700,775,2
0.700,0.700,0.700,0.700,0.700,0.700,0.700,0.700,0.700,0.740,0.740,0.740,516,2
0.750,0.750,0.750,0.700,0.700,0.700,0.690,0.690,0.690,0.700,0.700,0.700,258,2
0.700,0.700,0.700,0.700,0.700,0.700,0.700,0.700,0.700,0.700,0.700,0.700,479,1
0.750,0.750,0.750,0.700,0.700,0.700,0.680,0.680,0.680,0.700,0.700,0.700,587,2
0.650,0.650,0.650,0.700,0.700,0.700,0.660,0.660,0.660,0.700,0.700,0.700,926,2
0.750,0.750,0.750,0.700,0.700,0.700,0.690,0.690,0.690,0.700,0.700,0.700,27,2
0.650,0.650,0.650,0.700,0.700,0.700,0.730,0.730,0.730,0.700,0.700,0.700,735,1
0.750,0.750,0.750,0.700,0.700,0.700,0.720,0.720,0.720,0.700,0.700,0.700,492,1
0.650,0.650,0.650,0.700,0.700,0.700,0.700,0.700,0.700,0.700,0.700,0.700,138,1
0.700,0.700,0.700,0.650,0.650,0.650,0.700,0.700,0.700,0.750,0.750,0.750,737,2
0.700,0.700,0.700,0.650,0.650,0.650,0.700,0.700,0.700,0.740,0.740,0.740,868,2
0.700,0.700,0.700,0.750,0.750,0.750,0.700,0.700,0.700,0.720,0.720,0.720,591,2
0.700,0.700,0.700,0.700,0.700,0.700,0.700,0.700,0.700,0.730,0.730,0.730,350,2
0.700,0.700,0.700,0.700,0.700,0.700,0.700,0.700,0.700,0.750,0.750,0.750,880,2
0.700,0.700,0.700,0.700,0.700,0.700,0.720,0.720,0.720,0.700,0.700,0.700,19,1
0.700,0.700,0.700,0.700,0.700,0.700,0.700,0.700,0.700,0.660,0.660,0.660,970,1
0.650,0.650,0.650,0.700,0.700,0.700,0.740,0.740,0.740,0.700,0.700,0.700,802,1
0.650,0.650,0.650,0.700,0.700,0.700,0.730,0.730,0.730,0.700,0.700,0.700,933,1
0.700,0.700,0.700,0.700,0.700,0.700,0.700,0.700,0.700,0.730,0.730,0.730,218,2
0.700,0.700,0.700,0.650,0.650,0.650,0.700,0.700,0.700,0.670,0.670,0.670,69,1
0.700,0.700,0.700,0.700,0.700,0.700,0.700,0.700,0.700,0.730,0.730,0.730,647,2
0.750,0.750,0.750,0.700,0.700,0.700,0.680,0.680,0.680,0.700,0.700,0.700,785,2
0.700,0.700,0.700,0.700,0.700,0.700,0.690,0.690,0.690,0.700,0.700,0.700,841,2
0.750,0.750,0.750,0.700,0.700,0.700,0.690,0.690,0.690,0.700,0.700,0.700,126,2
0.700,0.700,0.700,0.750,0.750,0.750,0.700,0.700,0.700,0.730,0.730,0.730,526,2
0.700,0.700,0.700,0.650,0.650,0.650,0.700,0.700,0.700,0.670,0.670,0.670,729,1
0.750,0.750,0.750,0.700,0.700,0.700,0.740,0.740,0.740,0.700,0.700,0.700,692,1
0.650,0.650,0.650,0.700,0.700,0.700,0.650,0.650,0.650,0.700,0.700,0.700,760,2
0.700,0.700,0.700,0.700,0.700,0.700,0.720,0.720,0.720,0.700,0.700,0.700,943,1
0.700,0.700,0.700,0.650,0.650,0.650,0.700,0.700,0.700,0.680,0.680,0.680,235,1
0.700,0.700,0.700,0.750,0.750,0.750,0.700,0.700,0.700,0.750,0.750,0.750,858,2
0.700,0.700,0.700,0.700,0.700,0.700,0.710,0.710,0.710,0.700,0.700,0.700,843,1
0.700,0.700,0.700,0.700,0.700,0.700,0.700,0.700,0.700,0.650,0.650,0.650,441,1
0.700,0.700,0.700,0.750,0.750,0.750,0.700,0.700,0.700,0.740,0.740,0.740,593,2
0.650,0.650,0.650,0.700,0.700,0.700,0.730,0.730,0.730,0.700,0.700,0.700,702,1
0.700,0.700,0.700,0.750,0.750,0.750,0.700,0.700,0.700,0.660,0.660,0.660,354,1
0.650,0.650,0.650,0.700,0.700,0.700,0.680,0.680,0.680,0.700,0.700,0.700,829,2
0.700,0.700,0.700,0.650,0.650,0.650,0.700,0.700,0.700,0.720,0.720,0.720,536,2
0.750,0.750,0.750,0.700,0.700,0.700,0.660,0.660,0.660,0.700,0.700,0.700,57,2
0.750,0.750,0.750,0.700,0.700,0.700,0.680,0.680,0.680,0.700,0.700,0.700,224,2
0.700,0.700,0.700,0.700,0.700,0.700,0.700,0.700,0.700,0.690,0.690,0.690,478,1
0.700,0.700,0.700,0.700,0.700,0.700,0.700,0.700,0.700,0.710,0.710,0.710,381,2
0.650,0.650,0.650,0.700,0.700,0.700,0.750,0.750,0.750,0.700,0.700,0.700,902,1
0.700,0.700,0.700,0.700,0.700,0.700,0.700,0.700,0.700,0.710,0.710,0.710,117,2
0.700,0.700,0.700,0.700,0.700,0.700,0.700,0.700,0.700,0.720,0.720,0.720,415,2
0.700,0.700,0.700,0.750,0.750,0.750,0.700,0.700,0.700,0.750,0.750,0.750,264,2
0.700,0.700,0.700,0.700,0.700,0.700,0.700,0.700,0.700,0.750,0.750,0.750,55,2
0.700,0.700,0.700,0.650,0.650,0.650,0.700,0.700,0.700,0.720,0.720,0.720,602,2
0.700,0.700,0.700,0.750,0.750,0.750,0.700,0.700,0.700,0.670,0.670,0.670,322,1
0.700,0.700,0.700,0.750,0.750,0.750,0.700,0.700,0.700,0.710,0.710,0.710,161,2
0.700,0.700,0.700,0.700,0.700,0.700,0.700,0.700,0.700,0.680,0.680,0.680,147,1
0.700,0.700,0.700,0.750,0.750,0.750,0.700,0.700,0.700,0.710,0.710,0.710,392,2
0.750,0.750,0.750,0.700,0.700,0.700,0.750,0.750,0.750,0.700,0.700,0.700,165,1
0.750,0.750,0.750,0.700,0.700,0.700,0.730,0.730,0.730,0.700,0.700,0.700,295,1
0.700,0.700,0.700,0.650,0.650,0.650,0.700,0.700,0.700,0.740,0.740,0.740,901,2
0.700,0.700,0.700,0.700,0.700,0.700,0.700,0.700,0.700,0.650,0.650,0.650,342,1
0.700,0.700,0.700,0.750,0.750,0.750,0.700,0.700,0.700,0.650,0.650,0.650,650,1
0.700,0.700,0.700,0.650,0.650,0.650,0.700,0.700,0.700,0.670,0.670,0.670,3,1
0.750,0.750,0.750,0.700,0.700,0.700,0.660,0.660,0.660,0.700,0.700,0.700,123,2
0.650,0.650,0.650,0.700,0.700,0.700,0.720,0.720,0.720,0.700,0.700,0.700,899,1
0.650,0.650,0.650,0.700,0.700,0.700,0.690,0.690,0.690,0.700,0.700,0.700,929,2
0.700,0.700,0.700,0.750,0.750,0.750,0.700,0.700,0.700,0.730,0.730,0.730,493,2
0.700,0.700,0.700,0.650,0.650,0.650,0.700,0.700,0.700,0.650,0.650,0.650,892,1
0.700,0.700,0.700,0.750,0.750,0.750,0.700,0.700,0.700,0.740,0.740,0.740,923,2
0.700,0.700,0.700,0.700,0.700,0.700,0.710,0.710,0.710,0.700,0.700,0.700,942,1
0.700,0.700,0.700,0.700,0.700,0.700,0.690,0.690,0.690,0.700,0.700,0.700,808,2
0.650,0.650,0.650,0.700,0.700,0.700,0.740,0.740,0.740,0.700,0.700,0.700,538,1
0.750,0.750,0.750,0.700,0.700,0.700,0.720,0.720,0.720,0.700,0.700,0.700,459,1
0.700,0.700,0.700,0.750,0.750,0.750,0.700,0.700,0.700,0.670,0.670,0.670,487,1
0.650,0.650,0.650,0.700,0.700,0.700,0.670,0.670,0.670,0.700,0.700,0.700,762,2
0.750,0.750,0.750,0.700,0.700,0.700,0.710,0.710,0.710,0.700,0.700,0.700,29,1
0.750,0.750,0.750,0.700,0.700,0.700,0.670,0.670,0.670,0.700,0.700,0.700,817,2
0.700,0.700,0.700,0.650,0.650,0.650,0.700,0.700,0.700,0.740,0.740,0.740,736,2
0.700,0.700,0.700,0.750,0.750,0.750,0.700,0.700,0.700,0.720,0.720,0.720,921,2
0.750,0.750,0.750,0.700,0.700,0.700,0.660,0.660,0.660,0.700,0.700,0.700,915,2
0.700,0.700,0.700,0.650,0.650,0.650,0.700,0.700,0.700,0.710,0.710,0.710,832,2
0.700,0.700,0.700,0.750,0.750,0.750,0.700,0.700,0.700,0.690,0.690,0.690,225,1
0.750,0.750,0.750,0.700,0.700,0.700,0.680,0.680,0.680,0.700,0.700,0.700,158,2
0.650,0.650,0.650,0.700,0.700,0.700,0.730,0.730,0.730,0.700,0.700,0.700,273,1
0.700,0.700,0.700,0.700,0.700,0.700,0.700,0.700,0.700,0.690,0.690,0.690,280,1
0.700,0.700,0.700,0.650,0.650,0.650,0.700,0.700,0.700,0.660,0.660,0.660,266,1
0.700,0.700,0.700,0.750,0.750,0.750,0.700,0.700,0.700,0.680,0.680,0.680,191,1
0.700,0.700,0.700,0.750,0.750,0.750,0.700,0.700,0.700,0.710,0.710,0.710,491,2
0.650,0.650,0.650,0.700,0.700,0.700,0.730,0.730,0.730,0.700,0.700,0.700,603,1
0.700,0.700,0.700,0.700,0.700,0.700,0.700,0.700,0.700,0.730,0.730,0.730,845,2
0.700,0.700,0.700,0.650,0.650,0.650,0.700,0.700,0.700,0.700,0.700,0.700,39,2
0.650,0.650,0.650,0.700,0.700,0.700,0.740,0.740,0.740,0.700,0.700,0.700,604,1
0.700,0.700,0.700,0.650,0.650,0.650,0.700,0.700,0.700,0.720,0.720,0.720,206,2
0.700,0.700,0.700,0.750,0.750,0.750,0.700,0.700,0.700,0.750,0.750,0.750,759,2
0.750,0.750,0.750,0.700,0.700,0.700,0.650,0.650,0.650,0.700,0.700,0.700,287,2
0.700,0.700,0.700,0.750,0.750,0.750,0.700,0.700,0.700,0.650,0.650,0.650,914,1
0.750,0.750,0.750,0.700,0.700,0.700,0.730,0.730,0.730,0.700,0.700,0.700,790,1
0.650,0.650,0.650,0.700,0.700,0.700,0.670,0.670,0.670,0.700,0.700,0.700,168,2
0.700,0.700,0.700,0.750,0.750,0.750,0.700,0.700,0.700,0.700,0.700,0.700,589,2
0.700,0.700,0.700,0.700,0.700,0.700,0.750,0.750,0.750,0.700,0.700,0.700,715,1
0.700,0.700,0.700,0.650,0.650,0.650,0.700,0.700,0.700,0.660,0.660,0.660,959,1
0.700,0.700,0.700,0.650,0.650,0.650,0.700,0.700,0.700,0.730,0.730,0.730,768,2
0.650,0.650,0.650,0.700,0.700,0.700,0.740,0.740,0.740,0.700,0.700,0.700,10,1
0.700,0.700,0.700,0.750,0.750,0.750,0.700,0.700,0.700,0.740,0.740,0.740,98,2
0.650,0.650,0.650,0.700,0.700,0.700,0.670,0.670,0.670,0.700,0.700,0.700,465,2
0.650,0.650,0.650,0.700,0.700,0.700,0.750,0.750,0.750,0.700,0.700,0.700,176,1
0.700,0.700,0.700,0.700,0.700,0.700,0.700,0.700,0.700,0.680,0.680,0.680,642,1
0.700,0.700,0.700,0.700,0.700,0.700,0.750,0.750,0.750,0.700,0.700,0.700,319,1
0.700,0.700,0.700,0.750,0.750,0.750,0.700,0.700,0.700,0.750,0.750,0.750,726,2
0.650,0.650,0.650,0.700,0.700,0.700,0.710,0.710,0.710,0.700,0.700,0.700,7,1
0.700,0.700,0.700,0.650,0.650,0.650,0.700,0.700,0.700,0.740,0.740,0.740,241,2
0.700,0.700,0.700,0.700,0.700,0.700,0.700,0.700,0.700,0.730,0.730,0.730,53,2
0.650,0.650,0.650,0.700,0.700,0.700,0.710,0.710,0.710,0.700,0.700,0.700,766,1
0.700,0.700,0.700,0.700,0.700,0.700,0.700,0.700,0.700,0.660,0.660,0.660,607,1
0.650,0.650,0.650,0.700,0.700,0.700,0.650,0.650,0.650,0.700,0.700,0.700,67,2
0.700,0.700,0.700,0.700,0.700,0.700,0.700,0.700,0.700,0.680,0.680,0.680,114,1
0.700,0.700,0.700,0.700,0.700,0.700,0.700,0.700,0.700,0.670,0.670,0.670,113,1
0.750,0.750,0.750,0.700,0.700,0.700,0.690,0.690,0.690,0.700,0.700,0.700,456,2
0.700,0.700,0.700,0.650,0.650,0.650,0.700,0.700,0.700,0.650,0.650,0.650,496,1
0.750,0.750,0.750,0.700,0.700,0.700,0.690,0.690,0.690,0.700,0.700,0.700,489,2
0.750,0.750,0.750,0.700,0.700,0.700,0.690,0.690,0.690,0.700,0.700,0.700,192,2
0.650,0.650,0.650,0.700,0.700,0.700,0.680,0.680,0.680,0.700,0.700,0.700,664,2
0.700,0.700,0.700,0.750,0.750,0.750,0.700,0.700,0.700,0.700,0.700,0.700,226,2
0.700,0.700,0.700,0.700,0.700,0.700,0.700,0.700,0.700,0.730,0.730,0.730,746,2
0.700,0.700,0.700,0.750,0.750,0.750,0.700,0.700,0.700,0.750,0.750,0.750,132,2
0.700,0.700,0.700,0.700,0.700,0.700,0.700,0.700,0.700,0.670,0.670,0.670,377,1
0.700,0.700,0.700,0.700,0.700,0.700,0.730,0.730,0.730,0.700,0.700,0.700,284,1
0.650,0.650,0.650,0.700,0.700,0.700,0.650,0.650,0.650,0.700,0.700,0.700,199,2
0.700,0.700,0.700,0.650,0.650,0.650,0.700,0.700,0.700,0.710,0.710,0.710,568,2
0.700,0.700,0.700,0.750,0.750,0.750,0.700,0.700,0.700,0.670,0.670,0.670,652,1
0.700,0.700,0.700,0.750,0.750,0.750,0.700,0.700,0.700,0.690,0.690,0.690,918,1
