0.650,0.650,0.650,0.700,0.700,0.700,0.750,0.750,0.750,0.700,0.700,0.700,506,1
0.700,0.700,0.700,0.750,0.750,0.750,0.700,0.700,0.700,0.690,0.690,0.690,951,1
0.700,0.700,0.700,0.700,0.700,0.700,0.700,0.700,0.700,0.690,0.690,0.690,115,1
0.700,0.700,0.700,0.700,0.700,0.700,0.700,0.700,0.700,0.690,0.690,0.690,775,1
0.750,0.750,0.750,0.700,0.700,0.700,0.710,0.710,0.710,0.700,0.700,0.700,623,1
0.700,0.700,0.700,0.700,0.700,0.700,0.700,0.700,0.700,0.700,0.700,0.700,545,2
0.650,0.650,0.650,0.700,0.700,0.700,0.740,0.740,0.740,0.700,0.700,0.700,142,1
0.650,0.650,0.650,0.700,0.700,0.700,0.650,0.650,0.650,0.700,0.700,0.700,430,2
0.700,0.700,0.700,0.700,0.700,0.700,0.700,0.700,0.700,0.700,0.700,0.700,413,2
0.650,0.650,0.650,0.700,0.700,0.700,0.690,0.690,0.690,0.700,0.700,0.700,764,2
0.700,0.700,0.700,0.650,0.650,0.650,0.700,0.700,0.700,0.690,0.690,0.690,533,1
0.650,0.650,0.650,0.700,0.700,0.700,0.680,0.680,0.680,0.700,0.700,0.700,70,2
0.650,0.650,0.650,0.700,0.700,0.700,0.670,0.670,0.670,0.700,0.700,0.700,135,2
0.700,0.700,0.700,0.750,0.750,0.750,0.700,0.700,0.700,0.680,0.680,0.680,323,1
0.750,0.750,0.750,0.700,0.700,0.700,0.680,0.680,0.680,0.700,0.700,0.700,884,2
0.650,0.650,0.650,0.700,0.700,0.700,0.670,0.670,0.670,0.700,0.700,0.700,696,2
0.700,0.700,0.700,0.750,0.750,0.750,0.700,0.700,0.700,0.680,0.680,0.680,224,1
0.700,0.700,0.700,0.750,0.750,0.750,0.700,0.700,0.700,0.690,0.690,0.690,126,1
0.700,0.700,0.700,0.650,0.650,0.650,0.700,0.700,0.700,0.660,0.660,0.660,167,1
0.650,0.650,0.650,0.700,0.700,0.700,0.720,0.720,0.720,0.700,0.700,0.700,74,1
0.750,0.750,0.750,0.700,0.700,0.700,0.650,0.650,0.650,0.700,0.700,0.700,320,2
0.700,0.700,0.700,0.700,0.700,0.700,0.700,0.700,0.700,0.750,0.750,0.750,55,2
0.700,0.700,0.700,0.700,0.700,0.700,0.700,0.700,0.700,0.700,0.700,0.700,908,2
0.700,0.700,0.700,0.700,0.700,0.700,0.700,0.700,0.700,0.750,0.750,0.750,781,2
0.700,0.700,0.700,0.700,0.700,0.700,0.740,0.740,0.740,0.700,0.700,0.700,219,1
0.700,0.700,0.700,0.650,0.650,0.650,0.700,0.700,0.700,0.710,0.710,0.710,964,2
0.700,0.700,0.700,0.650,0.650,0.650,0.700,0.700,0.700,0.690,0.690,0.690,929,1
0.650,0.650,0.650,0.700,0.700,0.700,0.750,0.750,0.750,0.700,0.700,0.700,143,1
0.700,0.700,0.700,0.700,0.700,0.700,0.650,0.650,0.650,0.700,0.700,0.700,573,2
0.650,0.650,0.650,0.700,0.700,0.700,0.710,0.710,0.710,0.700,0.700,0.700,73,1
0.750,0.750,0.750,0.700,0.700,0.700,0.750,0.750,0.750,0.700,0.700,0.700,231,1
0.700,0.700,0.700,0.700,0.700,0.700,0.680,0.680,0.680,0.700,0.700,0.700,972,2
0.700,0.700,0.700,0.750,0.750,0.750,0.700,0.700,0.700,0.690,0.690,0.690,93,1
0.700,0.700,0.700,0.700,0.700,0.700,0.700,0.700,0.700,0.720,0.720,0.720,976,2
0.700,0.700,0.700,0.750,0.750,0.750,0.700,0.700,0.700,0.670,0.670,0.670,817,1
0.700,0.700,0.700,0.700,0.700,0.700,0.700,0.700,0.700,0.680,0.680,0.680,48,1
0.700,0.700,0.700,0.650,0.650,0.650,0.700,0.700,0.700,0.750,0.750,0.750,605,2
0.700,0.700,0.700,0.750,0.750,0.750,0.700,0.700,0.700,0.730,0.730,0.730,130,2
0.700,0.700,0.700,0.700,0.700,0.700,0.700,0.700,0.700,0.670,0.670,0.670,938,1
0.700,0.700,0.700,0.700,0.700,0.700,0.750,0.750,0.750,0.700,0.700,0.700,682,1
0.700,0.700,0.700,0.700,0.700,0.700,0.700,0.700,0.700,0.680,0.680,0.680,543,1
0.650,0.650,0.650,0.700,0.700,0.700,0.690,0.690,0.690,0.700,0.700,0.700,203,2
0.750,0.750,0.750,0.700,0.700,0.700,0.670,0.670,0.670,0.700,0.700,0.700,124,2
0.750,0.750,0.750,0.700,0.700,0.700,0.740,0.740,0.740,0.700,0.700,0.700,824,1
0.700,0.700,0.700,0.700,0.700,0.700,0.660,0.660,0.660,0.700,0.700,0.700,739,2
0.700,0.700,0.700,0.650,0.650,0.650,0.700,0.700,0.700,0.650,0.650,0.650,199,1
0.700,0.700,0.700,0.700,0.700,0.700,0.710,0.710,0.710,0.700,0.700,0.700,810,1
0.700,0.700,0.700,0.700,0.700,0.700,0.700,0.700,0.700,0.680,0.680,0.680,378,1
0.700,0.700,0.700,0.750,0.750,0.750,0.700,0.700,0.700,0.720,0.720,0.720,921,2
0.700,0.700,0.700,0.700,0.700,0.700,0.690,0.690,0.690,0.700,0.700,0.700,709,2
0.700,0.700,0.700,0.700,0.700,0.700,0.700,0.700,0.700,0.710,0.710,0.710,447,2
0.700,0.700,0.700,0.700,0.700,0.700,0.660,0.660,0.660,0.700,0.700,0.700,178,2
0.700,0.700,0.700,0.700,0.700,0.700,0.650,0.650,0.650,0.700,0.700,0.700,969,2
0.700,0.700,0.700,0.750,0.750,0.750,0.700,0.700,0.700,0.740,0.740,0.740,791,2
0.700,0.700,0.700,0.650,0.650,0.650,0.700,0.700,0.700,0.670,0.670,0.670,762,1
0.700,0.700,0.700,0.700,0.700,0.700,0.670,0.670,0.670,0.700,0.700,0.700,641,2
0.750,0.750,0.750,0.700,0.700,0.700,0.710,0.710,0.710,0.700,0.700,0.700,359,1
0.750,0.750,0.750,0.700,0.700,0.700,0.650,0.650,0.650,0.700,0.700,0.700,650,2
0.700,0.700,0.700,0.700,0.700,0.700,0.700,0.700,0.700,0.750,0.750,0.750,583,2
0.650,0.650,0.650,0.700,0.700,0.700,0.710,0.710,0.710,0.700,0.700,0.700,865,1
0.700,0.700,0.700,0.700,0.700,0.700,0.720,0.720,0.720,0.700,0.700,0.700,547,1
0.700,0.700,0.700,0.700,0.700,0.700,0.700,0.700,0.700,0.650,0.650,0.650,441,1
0.700,0.700,0.700,0.650,0.650,0.650,0.700,0.700,0.700,0.700,0.700,0.700,237,2
0.700,0.700,0.700,0.700,0.700,0.700,0.740,0.740,0.740,0.700,0.700,0.700,582,1
0.650,0.650,0.650,0.700,0.700,0.700,0.720,0.720,0.720,0.700,0.700,0.700,899,1
0.700,0.700,0.700,0.700,0.700,0.700,0.700,0.700,0.700,0.690,0.690,0.690,82,1
0.750,0.750,0.750,0.700,0.700,0.700,0.660,0.660,0.660,0.700,0.700,0.700,90,2
0.700,0.700,0.700,0.700,0.700,0.700,0.700,0.700,0.700,0.750,0.750,0.750,352,2
0.700,0.700,0.700,0.700,0.700,0.700,0.710,0.710,0.710,0.700,0.700,0.700,975,1
0.700,0.700,0.700,0.750,0.750,0.750,0.700,0.700,0.700,0.730,0.730,0.730,394,2
0.750,0.750,0.750,0.700,0.700,0.700,0.740,0.740,0.740,0.700,0.700,0.700,560,1
0.650,0.650,0.650,0.700,0.700,0.700,0.680,0.680,0.680,0.700,0.700,0.700,730,2
0.700,0.700,0.700,0.700,0.700,0.700,0.700,0.700,0.700,0.700,0.700,0.700,743,1
0.750,0.750,0.750,0.700,0.700,0.700,0.730,0.730,0.730,0.700,0.700,0.700,328,1
0.700,0.700,0.700,0.650,0.650,0.650,0.700,0.700,0.700,0.750,0.750,0.750,572,2
0.650,0.650,0.650,0.700,0.700,0.700,0.720,0.720,0.720,0.700,0.700,0.700,800,1
0.700,0.700,0.700,0.750,0.750,0.750,0.700,0.700,0.700,0.730,0.730,0.730,823,2
0.700,0.700,0.700,0.700,0.700,0.700,0.700,0.700,0.700,0.700,0.700,0.700,479,1
0.700,0.700,0.700,0.750,0.750,0.750,0.700,0.700,0.700,0.680,0.680,0.680,785,1
0.650,0.650,0.650,0.700,0.700,0.700,0.720,0.720,0.720,0.700,0.700,0.700,371,1
0.700,0.700,0.700,0.650,0.650,0.650,0.700,0.700,0.700,0.740,0.740,0.740,703,2
0.700,0.700,0.700,0.650,0.650,0.650,0.700,0.700,0.700,0.650,0.650,0.650,34,1
0.650,0.650,0.650,0.700,0.700,0.700,0.750,0.750,0.750,0.700,0.700,0.700,77,1
0.700,0.700,0.700,0.700,0.700,0.700,0.690,0.690,0.690,0.700,0.700,0.700,280,2
0.700,0.700,0.700,0.700,0.700,0.700,0.670,0.670,0.670,0.700,0.700,0.700,971,2
0.700,0.700,0.700,0.650,0.650,0.650,0.700,0.700,0.700,0.700,0.700,0.700,567,2
0.700,0.700,0.700,0.700,0.700,0.700,0.700,0.700,0.700,0.730,0.730,0.730,878,2
0.700,0.700,0.700,0.750,0.750,0.750,0.700,0.700,0.700,0.680,0.680,0.680,389,1
0.700,0.700,0.700,0.750,0.750,0.750,0.700,0.700,0.700,0.650,0.650,0.650,881,1
0.700,0.700,0.700,0.650,0.650,0.650,0.700,0.700,0.700,0.710,0.710,0.710,898,2
0.700,0.700,0.700,0.650,0.650,0.650,0.700,0.700,0.700,0.740,0.740,0.740,736,2
0.700,0.700,0.700,0.650,0.650,0.650,0.700,0.700,0.700,0.740,0.740,0.740,274,2
0.750,0.750,0.750,0.700,0.700,0.700,0.730,0.730,0.730,0.700,0.700,0.700,64,1
0.700,0.700,0.700,0.700,0.700,0.700,0.690,0.690,0.690,0.700,0.700,0.700,181,2
0.700,0.700,0.700,0.650,0.650,0.650,0.700,0.700,0.700,0.650,0.650,0.650,166,1
0.700,0.700,0.700,0.700,0.700,0.700,0.700,0.700,0.700,0.670,0.670,0.670,476,1
0.700,0.700,0.700,0.650,0.650,0.650,0.700,0.700,0.700,0.700,0.700,0.700,105,2
0.700,0.700,0.700,0.700,0.700,0.700,0.720,0.720,0.720,0.700,0.700,0.700,151,1
0.750,0.750,0.750,0.700,0.700,0.700,0.750,0.750,0.750,0.700,0.700,0.700,132,1
0.750,0.750,0.750,0.700,0.700,0.700,0.680,0.680,0.680,0.700,0.700,0.700,752,2
0.750,0.750,0.750,0.700,0.700,0.700,0.690,0.690,0.690,0.700,0.700,0.700,786,2
0.650,0.650,0.650,0.700,0.700,0.700,0.750,0.750,0.750,0.700,0.700,0.700,671,1
0.700,0.700,0.700,0.700,0.700,0.700,0.690,0.690,0.690,0.700,0.700,0.700,445,2
0.700,0.700,0.700,0.650,0.650,0.650,0.700,0.700,0.700,0.740,0.740,0.740,538,2
0.750,0.750,0.750,0.700,0.700,0.700,0.650,0.650,0.650,0.700,0.700,0.700,221,2
0.700,0.700,0.700,0.650,0.650,0.650,0.700,0.700,0.700,0.730,0.730,0.730,306,2
0.700,0.700,0.700,0.700,0.700,0.700,0.680,0.680,0.680,0.700,0.700,0.700,180,2
0.750,0.750,0.750,0.700,0.700,0.700,0.730,0.730,0.730,0.700,0.700,0.700,427,1
0.650,0.650,0.650,0.700,0.700,0.700,0.730,0.730,0.730,0.700,0.700,0.700,471,1
0.700,0.700,0.700,0.700,0.700,0.700,0.680,0.680,0.680,0.700,0.700,0.700,213,2
0.700,0.700,0.700,0.750,0.750,0.750,0.700,0.700,0.700,0.650,0.650,0.650,56,1
0.700,0.700,0.700,0.750,0.750,0.750,0.700,0.700,0.700,0.660,0.660,0.660,255,1
0.700,0.700,0.700,0.750,0.750,0.750,0.700,0.700,0.700,0.710,0.710,0.710,854,2
0.700,0.700,0.700,0.700,0.700,0.700,0.700,0.700,0.700,0.710,0.710,0.710,744,2
0.700,0.700,0.700,0.700,0.700,0.700,0.740,0.740,0.740,0.700,0.700,0.700,384,1
0.700,0.700,0.700,0.700,0.700,0.700,0.700,0.700,0.700,0.660,0.660,0.660,46,1
0.650,0.650,0.650,0.700,0.700,0.700,0.730,0.730,0.730,0.700,0.700,0.700,933,1
0.700,0.700,0.700,0.700,0.700,0.700,0.700,0.700,0.700,0.680,0.680,0.680,147,1
0.750,0.750,0.750,0.700,0.700,0.700,0.700,0.700,0.700,0.700,0.700,0.700,787,1
0.700,0.700,0.700,0.650,0.650,0.650,0.700,0.700,0.700,0.680,0.680,0.680,697,1
0.700,0.700,0.700,0.700,0.700,0.700,0.700,0.700,0.700,0.700,0.700,0.700,710,1
0.700,0.700,0.700,0.650,0.650,0.650,0.700,0.700,0.700,0.660,0.660,0.660,464,1
0.750,0.750,0.750,0.700,0.700,0.700,0.700,0.700,0.700,0.700,0.700,0.700,160,1
0.650,0.650,0.650,0.700,0.700,0.700,0.720,0.720,0.720,0.700,0.700,0.700,668,1
0.700,0.700,0.700,0.750,0.750,0.750,0.700,0.700,0.700,0.680,0.680,0.680,620,1
0.650,0.650,0.650,0.700,0.700,0.700,0.670,0.670,0.670,0.700,0.700,0.700,465,2
0.700,0.700,0.700,0.700,0.700,0.700,0.700,0.700,0.700,0.700,0.700,0.700,512,2
0.750,0.750,0.750,0.700,0.700,0.700,0.670,0.670,0.670,0.700,0.700,0.700,619,2
0.750,0.750,0.750,0.700,0.700,0.700,0.700,0.700,0.700,0.700,0.700,0.700,127,1
0.700,0.700,0.700,0.750,0.750,0.750,0.700,0.700,0.700,0.660,0.660,0.660,651,1
0.700,0.700,0.700,0.700,0.700,0.700,0.670,0.670,0.670,0.700,0.700,0.700,872,2
0.650,0.650,0.650,0.700,0.700,0.700,0.730,0.730,0.730,0.700,0.700,0.700,9,1
0.700,0.700,0.700,0.650,0.650,0.650,0.700,0.700,0.700,0.720,0.720,0.720,8,2
0.700,0.700,0.700,0.650,0.650,0.650,0.700,0.700,0.700,0.670,0.670,0.670,102,1
0.650,0.650,0.650,0.700,0.700,0.700,0.700,0.700,0.700,0.700,0.700,0.700,6,1
0.700,0.700,0.700,0.750,0.750,0.750,0.700,0.700,0.700,0.690,0.690,0.690,159,1
0.650,0.650,0.650,0.700,0.700,0.700,0.740,0.740,0.740,0.700,0.700,0.700,472,1
0.700,0.700,0.700,0.750,0.750,0.750,0.700,0.700,0.700,0.650,0.650,0.650,485,1
0.700,0.700,0.700,0.750,0.750,0.750,0.700,0.700,0.700,0.700,0.700,0.700,94,2
0.750,0.750,0.750,0.700,0.700,0.700,0.700,0.700,0.700,0.700,0.700,0.700,655,1
0.700,0.700,0.700,0.650,0.650,0.650,0.700,0.700,0.700,0.750,0.750,0.750,836,2
0.700,0.700,0.700,0.700,0.700,0.700,0.700,0.700,0.700,0.740,0.740,0.740,648,2
0.700,0.700,0.700,0.650,0.650,0.650,0.700,0.700,0.700,0.740,0.740,0.740,439,2
0.700,0.700,0.700,0.700,0.700,0.700,0.750,0.750,0.750,0.700,0.700,0.700,946,1
0.700,0.700,0.700,0.700,0.700,0.700,0.670,0.670,0.670,0.700,0.700,0.700,146,2
0.700,0.700,0.700,0.750,0.750,0.750,0.700,0.700,0.700,0.710,0.710,0.710,392,2
0.700,0.700,0.700,0.750,0.750,0.750,0.700,0.700,0.700,0.670,0.670,0.670,487,1
0.700,0.700,0.700,0.700,0.700,0.700,0.650,0.650,0.650,0.700,0.700,0.700,78,2
0.750,0.750,0.750,0.700,0.700,0.700,0.690,0.690,0.690,0.700,0.700,0.700,687,2
0.700,0.700,0.700,0.650,0.650,0.650,0.700,0.700,0.700,0.670,0.670,0.670,69,1
0.700,0.700,0.700,0.700,0.700,0.700,0.750,0.750,0.750,0.700,0.700,0.700,385,1
0.700,0.700,0.700,0.750,0.750,0.750,0.700,0.700,0.700,0.730,0.730,0.730,856,2
0.750,0.750,0.750,0.700,0.700,0.700,0.660,0.660,0.660,0.700,0.700,0.700,189,2
0.750,0.750,0.750,0.700,0.700,0.700,0.720,0.720,0.720,0.700,0.700,0.700,228,1
0.700,0.700,0.700,0.700,0.700,0.700,0.700,0.700,0.700,0.750,0.750,0.750,154,2
0.700,0.700,0.700,0.750,0.750,0.750,0.700,0.700,0.700,0.710,0.710,0.710,128,2
0.700,0.700,0.700,0.700,0.700,0.700,0.700,0.700,0.700,0.710,0.710,0.710,381,2
0.650,0.650,0.650,0.700,0.700,0.700,0.730,0.730,0.730,0.700,0.700,0.700,405,1
0.700,0.700,0.700,0.650,0.650,0.650,0.700,0.700,0.700,0.710,0.710,0.710,634,2
0.700,0.700,0.700,0.750,0.750,0.750,0.700,0.700,0.700,0.650,0.650,0.650,89,1
0.650,0.650,0.650,0.700,0.700,0.700,0.720,0.720,0.720,0.700,0.700,0.700,173,1
0.700,0.700,0.700,0.700,0.700,0.700,0.690,0.690,0.690,0.700,0.700,0.700,643,2
0.700,0.700,0.700,0.650,0.650,0.650,0.700,0.700,0.700,0.720,0.720,0.720,602,2
0.700,0.700,0.700,0.750,0.750,0.750,0.700,0.700,0.700,0.710,0.710,0.710,953,2
0.700,0.700,0.700,0.700,0.700,0.700,0.700,0.700,0.700,0.700,0.700,0.700,347,2
0.700,0.700,0.700,0.700,0.700,0.700,0.700,0.700,0.700,0.740,0.740,0.740,681,2
0.700,0.700,0.700,0.650,0.650,0.650,0.700,0.700,0.700,0.750,0.750,0.750,704,2
0.650,0.650,0.650,0.700,0.700,0.700,0.750,0.750,0.750,0.700,0.700,0.700,869,1
0.700,0.700,0.700,0.750,0.750,0.750,0.700,0.700,0.700,0.700,0.700,0.700,853,2
0.750,0.750,0.750,0.700,0.700,0.700,0.650,0.650,0.650,0.700,0.700,0.700,155,2
0.700,0.700,0.700,0.700,0.700,0.700,0.700,0.700,0.700,0.740,0.740,0.740,747,2
0.700,0.700,0.700,0.750,0.750,0.750,0.700,0.700,0.700,0.740,0.740,0.740,725,2
0.700,0.700,0.700,0.700,0.700,0.700,0.730,0.730,0.730,0.700,0.700,0.700,53,1
0.700,0.700,0.700,0.700,0.700,0.700,0.700,0.700,0.700,0.660,0.660,0.660,277,1
0.700,0.700,0.700,0.750,0.750,0.750,0.700,0.700,0.700,0.740,0.740,0.740,758,2
0.700,0.700,0.700,0.700,0.700,0.700,0.700,0.700,0.700,0.680,0.680,0.680,312,1
0.700,0.700,0.700,0.700,0.700,0.700,0.730,0.730,0.730,0.700,0.700,0.700,185,1
0.650,0.650,0.650,0.700,0.700,0.700,0.670,0.670,0.670,0.700,0.700,0.700,861,2
0.750,0.750,0.750,0.700,0.700,0.700,0.720,0.720,0.720,0.700,0.700,0.700,393,1
0.700,0.700,0.700,0.700,0.700,0.700,0.700,0.700,0.700,0.700,0.700,0.700,644,2
0.650,0.650,0.650,0.700,0.700,0.700,0.740,0.740,0.740,0.700,0.700,0.700,175,1
0.700,0.700,0.700,0.650,0.650,0.650,0.700,0.700,0.700,0.690,0.690,0.690,830,1
0.750,0.750,0.750,0.700,0.700,0.700,0.750,0.750,0.750,0.700,0.700,0.700,957,1
0.750,0.750,0.750,0.700,0.700,0.700,0.670,0.670,0.670,0.700,0.700,0.700,520,2
0.700,0.700,0.700,0.700,0.700,0.700,0.700,0.700,0.700,0.660,0.660,0.660,970,1
0.700,0.700,0.700,0.650,0.650,0.650,0.700,0.700,0.700,0.710,0.710,0.710,304,2
0.700,0.700,0.700,0.700,0.700,0.700,0.700,0.700,0.700,0.720,0.720,0.720,316,2
0.700,0.700,0.700,0.700,0.700,0.700,0.710,0.710,0.710,0.700,0.700,0.700,348,1
0.650,0.650,0.650,0.700,0.700,0.700,0.710,0.710,0.710,0.700,0.700,0.700,436,1
0.700,0.700,0.700,0.750,0.750,0.750,0.700,0.700,0.700,0.650,0.650,0.650,683,1
0.700,0.700,0.700,0.650,0.650,0.650,0.700,0.700,0.700,0.740,0.740,0.740,406,2
0.700,0.700,0.700,0.650,0.650,0.650,0.700,0.700,0.700,0.650,0.650,0.650,793,1
0.700,0.700,0.700,0.750,0.750,0.750,0.700,0.700,0.700,0.690,0.690,0.690,819,1
0.700,0.700,0.700,0.700,0.700,0.700,0.700,0.700,0.700,0.700,0.700,0.700,677,2
0.700,0.700,0.700,0.700,0.700,0.700,0.710,0.710,0.710,0.700,0.700,0.700,909,1
0.700,0.700,0.700,0.700,0.700,0.700,0.750,0.750,0.750,0.700,0.700,0.700,748,1
0.700,0.700,0.700,0.750,0.750,0.750,0.700,0.700,0.700,0.700,0.700,0.700,325,2
0.700,0.700,0.700,0.700,0.700,0.700,0.690,0.690,0.690,0.700,0.700,0.700,808,2
0.700,0.700,0.700,0.750,0.750,0.750,0.700,0.700,0.700,0.660,0.660,0.660,552,1
0.750,0.750,0.750,0.700,0.700,0.700,0.720,0.720,0.720,0.700,0.700,0.700,855,1
0.700,0.700,0.700,0.750,0.750,0.750,0.700,0.700,0.700,0.700,0.700,0.700,391,2
0.700,0.700,0.700,0.750,0.750,0.750,0.700,0.700,0.700,0.720,0.720,0.720,690,2
0.650,0.650,0.650,0.700,0.700,0.700,0.690,0.690,0.690,0.700,0.700,0.700,962,2
0.700,0.700,0.700,0.650,0.650,0.650,0.700,0.700,0.700,0.680,0.680,0.680,169,1
0.700,0.700,0.700,0.750,0.750,0.750,0.700,0.700,0.700,0.710,0.710,0.710,326,2
0.700,0.700,0.700,0.750,0.750,0.750,0.700,0.700,0.700,0.710,0.710,0.710,590,2
0.700,0.700,0.700,0.650,0.650,0.650,0.700,0.700,0.700,0.680,0.680,0.680,4,1
0.700,0.700,0.700,0.700,0.700,0.700,0.700,0.700,0.700,0.750,0.750,0.750,22,2
0.700,0.700,0.700,0.700,0.700,0.700,0.700,0.700,0.700,0.730,0.730,0.730,713,2
0.700,0.700,0.700,0.650,0.650,0.650,0.700,0.700,0.700,0.720,0.720,0.720,701,2
0.700,0.700,0.700,0.750,0.750,0.750,0.700,0.700,0.700,0.740,0.740,0.740,296,2
0.650,0.650,0.650,0.700,0.700,0.700,0.680,0.680,0.680,0.700,0.700,0.700,631,2
0.700,0.700,0.700,0.700,0.700,0.700,0.720,0.720,0.720,0.700,0.700,0.700,415,1
0.650,0.650,0.650,0.700,0.700,0.700,0.710,0.710,0.710,0.700,0.700,0.700,469,1
0.700,0.700,0.700,0.650,0.650,0.650,0.700,0.700,0.700,0.670,0.670,0.670,333,1
0.700,0.700,0.700,0.700,0.700,0.700,0.700,0.700,0.700,0.650,0.650,0.650,936,1
0.700,0.700,0.700,0.700,0.700,0.700,0.740,0.740,0.740,0.700,0.700,0.700,516,1
0.700,0.700,0.700,0.750,0.750,0.750,0.700,0.700,0.700,0.740,0.740,0.740,263,2
0.750,0.750,0.750,0.700,0.700,0.700,0.690,0.690,0.690,0.700,0.700,0.700,753,2
0.650,0.650,0.650,0.700,0.700,0.700,0.700,0.700,0.700,0.700,0.700,0.700,534,1
0.750,0.750,0.750,0.700,0.700,0.700,0.720,0.720,0.720,0.700,0.700,0.700,987,1
0.700,0.700,0.700,0.700,0.700,0.700,0.700,0.700,0.700,0.750,0.750,0.750,649,2
0.700,0.700,0.700,0.750,0.750,0.750,0.700,0.700,0.700,0.720,0.720,0.720,129,2
0.700,0.700,0.700,0.700,0.700,0.700,0.670,0.670,0.670,0.700,0.700,0.700,740,2
0.650,0.650,0.650,0.700,0.700,0.700,0.710,0.710,0.710,0.700,0.700,0.700,238,1
0.700,0.700,0.700,0.650,0.650,0.650,0.700,0.700,0.700,0.690,0.690,0.690,632,1
0.700,0.700,0.700,0.700,0.700,0.700,0.700,0.700,0.700,0.680,0.680,0.680,807,1
0.700,0.700,0.700,0.650,0.650,0.650,0.700,0.700,0.700,0.680,0.680,0.680,499,1
0.750,0.750,0.750,0.700,0.700,0.700,0.690,0.690,0.690,0.700,0.700,0.700,720,2
0.700,0.700,0.700,0.650,0.650,0.650,0.700,0.700,0.700,0.660,0.660,0.660,200,1
0.700,0.700,0.700,0.750,0.750,0.750,0.700,0.700,0.700,0.670,0.670,0.670,685,1
0.750,0.750,0.750,0.700,0.700,0.700,0.730,0.730,0.730,0.700,0.700,0.700,262,1
0.700,0.700,0.700,0.700,0.700,0.700,0.700,0.700,0.700,0.710,0.710,0.710,249,2
0.700,0.700,0.700,0.750,0.750,0.750,0.700,0.700,0.700,0.720,0.720,0.720,426,2
0.750,0.750,0.750,0.700,0.700,0.700,0.690,0.690,0.690,0.700,0.700,0.700,555,2
0.750,0.750,0.750,0.700,0.700,0.700,0.680,0.680,0.680,0.700,0.700,0.700,554,2
0.750,0.750,0.750,0.700,0.700,0.700,0.710,0.710,0.710,0.700,0.700,0.700,920,1
0.750,0.750,0.750,0.700,0.700,0.700,0.660,0.660,0.660,0.700,0.700,0.700,816,2
0.650,0.650,0.650,0.700,0.700,0.700,0.700,0.700,0.700,0.700,0.700,0.700,171,1
0.700,0.700,0.700,0.700,0.700,0.700,0.650,0.650,0.650,0.700,0.700,0.700,243,2
0.700,0.700,0.700,0.650,0.650,0.650,0.700,0.700,0.700,0.650,0.650,0.650,100,1
0.750,0.750,0.750,0.700,0.700,0.700,0.680,0.680,0.680,0.700,0.700,0.700,455,2
0.700,0.700,0.700,0.650,0.650,0.650,0.700,0.700,0.700,0.700,0.700,0.700,930,2
0.750,0.750,0.750,0.700,0.700,0.700,0.650,0.650,0.650,0.700,0.700,0.700,386,2
0.650,0.650,0.650,0.700,0.700,0.700,0.700,0.700,0.700,0.700,0.700,0.700,732,1
0.700,0.700,0.700,0.700,0.700,0.700,0.700,0.700,0.700,0.720,0.720,0.720,646,2
0.700,0.700,0.700,0.700,0.700,0.700,0.730,0.730,0.730,0.700,0.700,0.700,845,1
0.700,0.700,0.700,0.700,0.700,0.700,0.700,0.700,0.700,0.700,0.700,0.700,248,2
0.750,0.750,0.750,0.700,0.700,0.700,0.720,0.720,0.720,0.700,0.700,0.700,162,1
0.700,0.700,0.700,0.650,0.650,0.650,0.700,0.700,0.700,0.730,0.730,0.730,768,2
0.700,0.700,0.700,0.700,0.700,0.700,0.680,0.680,0.680,0.700,0.700,0.700,444,2
0.700,0.700,0.700,0.700,0.700,0.700,0.700,0.700,0.700,0.730,0.730,0.730,482,2
0.700,0.700,0.700,0.700,0.700,0.700,0.720,0.720,0.720,0.700,0.700,0.700,52,1
0.750,0.750,0.750,0.700,0.700,0.700,0.710,0.710,0.710,0.700,0.700,0.700,887,1
0.700,0.700,0.700,0.750,0.750,0.750,0.700,0.700,0.700,0.660,0.660,0.660,222,1
0.650,0.650,0.650,0.700,0.700,0.700,0.670,0.670,0.670,0.700,0.700,0.700,960,2
0.700,0.700,0.700,0.650,0.650,0.650,0.700,0.700,0.700,0.740,0.740,0.740,76,2
0.700,0.700,0.700,0.700,0.700,0.700,0.670,0.670,0.670,0.700,0.700,0.700,707,2
0.700,0.700,0.700,0.650,0.650,0.650,0.700,0.700,0.700,0.730,0.730,0.730,636,2
0.750,0.750,0.750,0.700,0.700,0.700,0.700,0.700,0.700,0.700,0.700,0.700,226,1
0.750,0.750,0.750,0.700,0.700,0.700,0.720,0.720,0.720,0.700,0.700,0.700,63,1
0.700,0.700,0.700,0.650,0.650,0.650,0.700,0.700,0.700,0.750,0.750,0.750,176,2
0.650,0.650,0.650,0.700,0.700,0.700,0.690,0.690,0.690,0.700,0.700,0.700,302,2
0.700,0.700,0.700,0.700,0.700,0.700,0.700,0.700,0.700,0.680,0.680,0.680,510,1
0.650,0.650,0.650,0.700,0.700,0.700,0.710,0.710,0.710,0.700,0.700,0.700,403,1
0.650,0.650,0.650,0.700,0.700,0.700,0.750,0.750,0.750,0.700,0.700,0.700,968,1
0.650,0.650,0.650,0.700,0.700,0.700,0.680,0.680,0.680,0.700,0.700,0.700,334,2
0.700,0.700,0.700,0.650,0.650,0.650,0.700,0.700,0.700,0.690,0.690,0.690,269,1
0.700,0.700,0.700,0.750,0.750,0.750,0.700,0.700,0.700,0.680,0.680,0.680,92,1
0.700,0.700,0.700,0.650,0.650,0.650,0.700,0.700,0.700,0.700,0.700,0.700,138,2
0.700,0.700,0.700,0.700,0.700,0.700,0.700,0.700,0.700,0.710,0.710,0.710,18,2
0.700,0.700,0.700,0.750,0.750,0.750,0.700,0.700,0.700,0.720,0.720,0.720,492,2
0.650,0.650,0.650,0.700,0.700,0.700,0.740,0.740,0.740,0.700,0.700,0.700,901,1
0.750,0.750,0.750,0.700,0.700,0.700,0.680,0.680,0.680,0.700,0.700,0.700,26,2
0.700,0.700,0.700,0.650,0.650,0.650,0.700,0.700,0.700,0.750,0.750,0.750,308,2
0.700,0.700,0.700,0.750,0.750,0.750,0.700,0.700,0.700,0.750,0.750,0.750,66,2
0.700,0.700,0.700,0.700,0.700,0.700,0.710,0.710,0.710,0.700,0.700,0.700,315,1
0.700,0.700,0.700,0.750,0.750,0.750,0.700,0.700,0.700,0.680,0.680,0.680,257,1
0.750,0.750,0.750,0.700,0.700,0.700,0.740,0.740,0.740,0.700,0.700,0.700,362,1
0.700,0.700,0.700,0.750,0.750,0.750,0.700,0.700,0.700,0.740,0.740,0.740,494,2
0.750,0.750,0.750,0.700,0.700,0.700,0.730,0.730,0.730,0.700,0.700,0.700,592,1
0.700,0.700,0.700,0.700,0.700,0.700,0.730,0.730,0.730,0.700,0.700,0.700,944,1
0.650,0.650,0.650,0.700,0.700,0.700,0.690,0.690,0.690,0.700,0.700,0.700,401,2
0.700,0.700,0.700,0.650,0.650,0.650,0.700,0.700,0.700,0.710,0.710,0.710,271,2
0.700,0.700,0.700,0.700,0.700,0.700,0.700,0.700,0.700,0.670,0.670,0.670,806,1
0.700,0.700,0.700,0.650,0.650,0.650,0.700,0.700,0.700,0.670,0.670,0.670,729,1
0.700,0.700,0.700,0.650,0.650,0.650,0.700,0.700,0.700,0.720,0.720,0.720,569,2
0.700,0.700,0.700,0.650,0.650,0.650,0.700,0.700,0.700,0.710,0.710,0.710,337,2
0.750,0.750,0.750,0.700,0.700,0.700,0.720,0.720,0.720,0.700,0.700,0.700,756,1
0.650,0.650,0.650,0.700,0.700,0.700,0.670,0.670,0.670,0.700,0.700,0.700,36,2
0.700,0.700,0.700,0.750,0.750,0.750,0.700,0.700,0.700,0.710,0.710,0.710,260,2
0.700,0.700,0.700,0.750,0.750,0.750,0.700,0.700,0.700,0.680,0.680,0.680,917,1
0.700,0.700,0.700,0.750,0.750,0.750,0.700,0.700,0.700,0.670,0.670,0.670,784,1
0.750,0.750,0.750,0.700,0.700,0.700,0.740,0.740,0.740,0.700,0.700,0.700,890,1
0.700,0.700,0.700,0.650,0.650,0.650,0.700,0.700,0.700,0.750,0.750,0.750,902,2
0.700,0.700,0.700,0.650,0.650,0.650,0.700,0.700,0.700,0.680,0.680,0.680,895,1
0.700,0.700,0.700,0.750,0.750,0.750,0.700,0.700,0.700,0.710,0.710,0.710,491,2
0.700,0.700,0.700,0.750,0.750,0.750,0.700,0.700,0.700,0.680,0.680,0.680,653,1
0.650,0.650,0.650,0.700,0.700,0.700,0.740,0.740,0.740,0.700,0.700,0.700,604,1
0.650,0.650,0.650,0.700,0.700,0.700,0.730,0.730,0.730,0.700,0.700,0.700,834,1
0.700,0.700,0.700,0.750,0.750,0.750,0.700,0.700,0.700,0.680,0.680,0.680,818,1
0.650,0.650,0.650,0.700,0.700,0.700,0.650,0.650,0.650,0.700,0.700,0.700,892,2
0.650,0.650,0.650,0.700,0.700,0.700,0.670,0.670,0.670,0.700,0.700,0.700,3,2
0.700,0.700,0.700,0.650,0.650,0.650,0.700,0.700,0.700,0.700,0.700,0.700,831,2
0.650,0.650,0.650,0.700,0.700,0.700,0.720,0.720,0.720,0.700,0.700,0.700,437,1
0.650,0.650,0.650,0.700,0.700,0.700,0.710,0.710,0.710,0.700,0.700,0.700,106,1
0.750,0.750,0.750,0.700,0.700,0.700,0.700,0.700,0.700,0.700,0.700,0.700,28,1
0.700,0.700,0.700,0.750,0.750,0.750,0.700,0.700,0.700,0.650,0.650,0.650,947,1
0.750,0.750,0.750,0.700,0.700,0.700,0.720,0.720,0.720,0.700,0.700,0.700,459,1
0.700,0.700,0.700,0.700,0.700,0.700,0.650,0.650,0.650,0.700,0.700,0.700,177,2
0.700,0.700,0.700,0.700,0.700,0.700,0.700,0.700,0.700,0.650,0.650,0.650,639,1
0.700,0.700,0.700,0.650,0.650,0.650,0.700,0.700,0.700,0.720,0.720,0.720,932,2
0.700,0.700,0.700,0.700,0.700,0.700,0.680,0.680,0.680,0.700,0.700,0.700,675,2
0.750,0.750,0.750,0.700,0.700,0.700,0.690,0.690,0.690,0.700,0.700,0.700,60,2
0.700,0.700,0.700,0.650,0.650,0.650,0.700,0.700,0.700,0.650,0.650,0.650,859,1
0.700,0.700,0.700,0.650,0.650,0.650,0.700,0.700,0.700,0.730,0.730,0.730,966,2
0.700,0.700,0.700,0.750,0.750,0.750,0.700,0.700,0.700,0.710,0.710,0.710,656,2
0.650,0.650,0.650,0.700,0.700,0.700,0.650,0.650,0.650,0.700,0.700,0.700,562,2
0.700,0.700,0.700,0.750,0.750,0.750,0.700,0.700,0.700,0.650,0.650,0.650,749,1
0.700,0.700,0.700,0.750,0.750,0.750,0.700,0.700,0.700,0.670,0.670,0.670,256,1
0.650,0.650,0.650,0.700,0.700,0.700,0.690,0.690,0.690,0.700,0.700,0.700,335,2
0.700,0.700,0.700,0.750,0.750,0.750,0.700,0.700,0.700,0.730,0.730,0.730,724,2
0.700,0.700,0.700,0.700,0.700,0.700,0.650,0.650,0.650,0.700,0.700,0.700,771,2
0.700,0.700,0.700,0.750,0.750,0.750,0.700,0.700,0.700,0.660,0.660,0.660,849,1
0.700,0.700,0.700,0.650,0.650,0.650,0.700,0.700,0.700,0.700,0.700,0.700,798,2
0.700,0.700,0.700,0.700,0.700,0.700,0.680,0.680,0.680,0.700,0.700,0.700,642,2
0.700,0.700,0.700,0.650,0.650,0.650,0.700,0.700,0.700,0.680,0.680,0.680,400,1
0.700,0.700,0.700,0.700,0.700,0.700,0.700,0.700,0.700,0.730,0.730,0.730,977,2
0.750,0.750,0.750,0.700,0.700,0.700,0.650,0.650,0.650,0.700,0.700,0.700,23,2
0.700,0.700,0.700,0.700,0.700,0.700,0.700,0.700,0.700,0.650,0.650,0.650,870,1
0.700,0.700,0.700,0.700,0.700,0.700,0.700,0.700,0.700,0.730,0.730,0.730,416,2
0.750,0.750,0.750,0.700,0.700,0.700,0.750,0.750,0.750,0.700,0.700,0.700,429,1
0.650,0.650,0.650,0.700,0.700,0.700,0.730,0.730,0.730,0.700,0.700,0.700,141,1
0.700,0.700,0.700,0.650,0.650,0.650,0.700,0.700,0.700,0.720,0.720,0.720,833,2
0.700,0.700,0.700,0.700,0.700,0.700,0.700,0.700,0.700,0.720,0.720,0.720,349,2
0.700,0.700,0.700,0.700,0.700,0.700,0.700,0.700,0.700,0.720,0.720,0.720,745,2
0.700,0.700,0.700,0.700,0.700,0.700,0.700,0.700,0.700,0.750,0.750,0.750,121,2
0.700,0.700,0.700,0.750,0.750,0.750,0.700,0.700,0.700,0.720,0.720,0.720,789,2
0.700,0.700,0.700,0.700,0.700,0.700,0.700,0.700,0.700,0.740,0.740,0.740,615,2
0.700,0.700,0.700,0.700,0.700,0.700,0.690,0.690,0.690,0.700,0.700,0.700,247,2
0.650,0.650,0.650,0.700,0.700,0.700,0.660,0.660,0.660,0.700,0.700,0.700,629,2
0.700,0.700,0.700,0.700,0.700,0.700,0.650,0.650,0.650,0.700,0.700,0.700,12,2
0.700,0.700,0.700,0.700,0.700,0.700,0.690,0.690,0.690,0.700,0.700,0.700,544,2
0.700,0.700,0.700,0.650,0.650,0.650,0.700,0.700,0.700,0.660,0.660,0.660,794,1
0.700,0.700,0.700,0.700,0.700,0.700,0.710,0.710,0.710,0.700,0.700,0.700,579,1
0.700,0.700,0.700,0.700,0.700,0.700,0.660,0.660,0.660,0.700,0.700,0.700,112,2
0.700,0.700,0.700,0.700,0.700,0.700,0.700,0.700,0.700,0.700,0.700,0.700,776,1
0.750,0.750,0.750,0.700,0.700,0.700,0.670,0.670,0.670,0.700,0.700,0.700,982,2
0.750,0.750,0.750,0.700,0.700,0.700,0.700,0.700,0.700,0.700,0.700,0.700,952,1
0.700,0.700,0.700,0.750,0.750,0.750,0.700,0.700,0.700,0.730,0.730,0.730,559,2
0.700,0.700,0.700,0.650,0.650,0.650,0.700,0.700,0.700,0.730,0.730,0.730,339,2
0.700,0.700,0.700,0.750,0.750,0.750,0.700,0.700,0.700,0.740,0.740,0.740,131,2
0.650,0.650,0.650,0.700,0.700,0.700,0.660,0.660,0.660,0.700,0.700,0.700,431,2
0.700,0.700,0.700,0.700,0.700,0.700,0.700,0.700,0.700,0.730,0.730,0.730,218,2
0.700,0.700,0.700,0.700,0.700,0.700,0.690,0.690,0.690,0.700,0.700,0.700,313,2
0.650,0.650,0.650,0.700,0.700,0.700,0.680,0.680,0.680,0.700,0.700,0.700,103,2
0.700,0.700,0.700,0.700,0.700,0.700,0.700,0.700,0.700,0.660,0.660,0.660,442,1
0.700,0.700,0.700,0.650,0.650,0.650,0.700,0.700,0.700,0.670,0.670,0.670,399,1
0.700,0.700,0.700,0.650,0.650,0.650,0.700,0.700,0.700,0.660,0.660,0.660,728,1
0.750,0.750,0.750,0.700,0.700,0.700,0.650,0.650,0.650,0.700,0.700,0.700,122,2
0.700,0.700,0.700,0.700,0.700,0.700,0.740,0.740,0.740,0.700,0.700,0.700,780,1
0.650,0.650,0.650,0.700,0.700,0.700,0.690,0.690,0.690,0.700,0.700,0.700,104,2
0.700,0.700,0.700,0.750,0.750,0.750,0.700,0.700,0.700,0.700,0.700,0.700,490,2
0.750,0.750,0.750,0.700,0.700,0.700,0.740,0.740,0.740,0.700,0.700,0.700,164,1
0.700,0.700,0.700,0.700,0.700,0.700,0.700,0.700,0.700,0.680,0.680,0.680,246,1
0.700,0.700,0.700,0.700,0.700,0.700,0.700,0.700,0.700,0.750,0.750,0.750,451,2
0.650,0.650,0.650,0.700,0.700,0.700,0.730,0.730,0.730,0.700,0.700,0.700,174,1
0.750,0.750,0.750,0.700,0.700,0.700,0.750,0.750,0.750,0.700,0.700,0.700,759,1
0.700,0.700,0.700,0.650,0.650,0.650,0.700,0.700,0.700,0.690,0.690,0.690,599,1
0.750,0.750,0.750,0.700,0.700,0.700,0.680,0.680,0.680,0.700,0.700,0.700,191,2
0.700,0.700,0.700,0.700,0.700,0.700,0.700,0.700,0.700,0.700,0.700,0.700,578,2
0.700,0.700,0.700,0.650,0.650,0.650,0.700,0.700,0.700,0.660,0.660,0.660,695,1
0.700,0.700,0.700,0.750,0.750,0.750,0.700,0.700,0.700,0.730,0.730,0.730,988,2
0.700,0.700,0.700,0.650,0.650,0.650,0.700,0.700,0.700,0.740,0.740,0.740,505,2
0.700,0.700,0.700,0.700,0.700,0.700,0.750,0.750,0.750,0.700,0.700,0.700,187,1
0.700,0.700,0.700,0.650,0.650,0.650,0.700,0.700,0.700,0.730,0.730,0.730,801,2
0.700,0.700,0.700,0.700,0.700,0.700,0.740,0.740,0.740,0.700,0.700,0.700,714,1
0.700,0.700,0.700,0.750,0.750,0.750,0.700,0.700,0.700,0.710,0.710,0.710,161,2
0.750,0.750,0.750,0.700,0.700,0.700,0.660,0.660,0.660,0.700,0.700,0.700,948,2
0.650,0.650,0.650,0.700,0.700,0.700,0.660,0.660,0.660,0.700,0.700,0.700,761,2
0.700,0.700,0.700,0.750,0.750,0.750,0.700,0.700,0.700,0.700,0.700,0.700,985,2
0.700,0.700,0.700,0.700,0.700,0.700,0.670,0.670,0.670,0.700,0.700,0.700,839,2
0.700,0.700,0.700,0.700,0.700,0.700,0.740,0.740,0.740,0.700,0.700,0.700,912,1
0.700,0.700,0.700,0.650,0.650,0.650,0.700,0.700,0.700,0.680,0.680,0.680,928,1
0.700,0.700,0.700,0.650,0.650,0.650,0.700,0.700,0.700,0.660,0.660,0.660,398,1
0.700,0.700,0.700,0.650,0.650,0.650,0.700,0.700,0.700,0.660,0.660,0.660,860,1
0.700,0.700,0.700,0.750,0.750,0.750,0.700,0.700,0.700,0.700,0.700,0.700,292,2
0.750,0.750,0.750,0.700,0.700,0.700,0.750,0.750,0.750,0.700,0.700,0.700,528,1
0.750,0.750,0.750,0.700,0.700,0.700,0.720,0.720,0.720,0.700,0.700,0.700,294,1
0.700,0.700,0.700,0.700,0.700,0.700,0.700,0.700,0.700,0.730,0.730,0.730,251,2
0.700,0.700,0.700,0.750,0.750,0.750,0.700,0.700,0.700,0.700,0.700,0.700,589,2
0.700,0.700,0.700,0.700,0.700,0.700,0.720,0.720,0.720,0.700,0.700,0.700,448,1
0.700,0.700,0.700,0.650,0.650,0.650,0.700,0.700,0.700,0.750,0.750,0.750,341,2
0.650,0.650,0.650,0.700,0.700,0.700,0.720,0.720,0.720,0.700,0.700,0.700,107,1
0.750,0.750,0.750,0.700,0.700,0.700,0.650,0.650,0.650,0.700,0.700,0.700,584,2
0.700,0.700,0.700,0.650,0.650,0.650,0.700,0.700,0.700,0.700,0.700,0.700,369,2
0.650,0.650,0.650,0.700,0.700,0.700,0.710,0.710,0.710,0.700,0.700,0.700,601,1
0.700,0.700,0.700,0.700,0.700,0.700,0.700,0.700,0.700,0.740,0.740,0.740,351,2
0.700,0.700,0.700,0.650,0.650,0.650,0.700,0.700,0.700,0.730,0.730,0.730,735,2
0.750,0.750,0.750,0.700,0.700,0.700,0.740,0.740,0.740,0.700,0.700,0.700,923,1
0.700,0.700,0.700,0.750,0.750,0.750,0.700,0.700,0.700,0.730,0.730,0.730,625,2
0.700,0.700,0.700,0.750,0.750,0.750,0.700,0.700,0.700,0.700,0.700,0.700,886,2
0.700,0.700,0.700,0.700,0.700,0.700,0.650,0.650,0.650,0.700,0.700,0.700,144,2
0.700,0.700,0.700,0.700,0.700,0.700,0.700,0.700,0.700,0.720,0.720,0.720,679,2
0.750,0.750,0.750,0.700,0.700,0.700,0.690,0.690,0.690,0.700,0.700,0.700,489,2
0.700,0.700,0.700,0.750,0.750,0.750,0.700,0.700,0.700,0.670,0.670,0.670,322,1
0.700,0.700,0.700,0.700,0.700,0.700,0.650,0.650,0.650,0.700,0.700,0.700,606,2
0.700,0.700,0.700,0.650,0.650,0.650,0.700,0.700,0.700,0.650,0.650,0.650,628,1
0.750,0.750,0.750,0.700,0.700,0.700,0.700,0.700,0.700,0.700,0.700,0.700,688,1
0.700,0.700,0.700,0.700,0.700,0.700,0.700,0.700,0.700,0.650,0.650,0.650,309,1
0.750,0.750,0.750,0.700,0.700,0.700,0.730,0.730,0.730,0.700,0.700,0.700,790,1
0.700,0.700,0.700,0.750,0.750,0.750,0.700,0.700,0.700,0.750,0.750,0.750,363,2
0.700,0.700,0.700,0.700,0.700,0.700,0.660,0.660,0.660,0.700,0.700,0.700,640,2
0.700,0.700,0.700,0.700,0.700,0.700,0.700,0.700,0.700,0.710,0.710,0.710,546,2
0.700,0.700,0.700,0.750,0.750,0.750,0.700,0.700,0.700,0.690,0.690,0.690,258,1
0.750,0.750,0.750,0.700,0.700,0.700,0.740,0.740,0.740,0.700,0.700,0.700,593,1
0.700,0.700,0.700,0.700,0.700,0.700,0.700,0.700,0.700,0.700,0.700,0.700,314,1
0.700,0.700,0.700,0.750,0.750,0.750,0.700,0.700,0.700,0.750,0.750,0.750,660,2
0.700,0.700,0.700,0.750,0.750,0.750,0.700,0.700,0.700,0.730,0.730,0.730,295,2
0.700,0.700,0.700,0.700,0.700,0.700,0.700,0.700,0.700,0.710,0.710,0.710,117,2
0.700,0.700,0.700,0.650,0.650,0.650,0.700,0.700,0.700,0.680,0.680,0.680,796,1
0.700,0.700,0.700,0.750,0.750,0.750,0.700,0.700,0.700,0.660,0.660,0.660,420,1
0.700,0.700,0.700,0.750,0.750,0.750,0.700,0.700,0.700,0.650,0.650,0.650,254,1
0.700,0.700,0.700,0.700,0.700,0.700,0.700,0.700,0.700,0.660,0.660,0.660,79,1
0.700,0.700,0.700,0.650,0.650,0.650,0.700,0.700,0.700,0.660,0.660,0.660,332,1
0.700,0.700,0.700,0.700,0.700,0.700,0.750,0.750,0.750,0.700,0.700,0.700,847,1
0.750,0.750,0.750,0.700,0.700,0.700,0.720,0.720,0.720,0.700,0.700,0.700,195,1
0.700,0.700,0.700,0.650,0.650,0.650,0.700,0.700,0.700,0.750,0.750,0.750,407,2
0.700,0.700,0.700,0.700,0.700,0.700,0.720,0.720,0.720,0.700,0.700,0.700,943,1
0.700,0.700,0.700,0.750,0.750,0.750,0.700,0.700,0.700,0.660,0.660,0.660,618,1
0.750,0.750,0.750,0.700,0.700,0.700,0.680,0.680,0.680,0.700,0.700,0.700,983,2
0.700,0.700,0.700,0.750,0.750,0.750,0.700,0.700,0.700,0.720,0.720,0.720,96,2
0.650,0.650,0.650,0.700,0.700,0.700,0.710,0.710,0.710,0.700,0.700,0.700,535,1
0.700,0.700,0.700,0.700,0.700,0.700,0.660,0.660,0.660,0.700,0.700,0.700,211,2
0.700,0.700,0.700,0.650,0.650,0.650,0.700,0.700,0.700,0.730,0.730,0.730,372,2
0.700,0.700,0.700,0.650,0.650,0.650,0.700,0.700,0.700,0.710,0.710,0.710,370,2
0.650,0.650,0.650,0.700,0.700,0.700,0.700,0.700,0.700,0.700,0.700,0.700,600,1
0.700,0.700,0.700,0.650,0.650,0.650,0.700,0.700,0.700,0.650,0.650,0.650,67,1
0.700,0.700,0.700,0.650,0.650,0.650,0.700,0.700,0.700,0.650,0.650,0.650,595,1
0.700,0.700,0.700,0.700,0.700,0.700,0.700,0.700,0.700,0.700,0.700,0.700,446,1
0.750,0.750,0.750,0.700,0.700,0.700,0.720,0.720,0.720,0.700,0.700,0.700,888,1
0.700,0.700,0.700,0.650,0.650,0.650,0.700,0.700,0.700,0.700,0.700,0.700,864,2
0.700,0.700,0.700,0.700,0.700,0.700,0.650,0.650,0.650,0.700,0.700,0.700,342,2
0.750,0.750,0.750,0.700,0.700,0.700,0.740,0.740,0.740,0.700,0.700,0.700,395,1
0.650,0.650,0.650,0.700,0.700,0.700,0.650,0.650,0.650,0.700,0.700,0.700,958,2
0.700,0.700,0.700,0.750,0.750,0.750,0.700,0.700,0.700,0.690,0.690,0.690,225,1
0.700,0.700,0.700,0.700,0.700,0.700,0.650,0.650,0.650,0.700,0.700,0.700,540,2
0.750,0.750,0.750,0.700,0.700,0.700,0.660,0.660,0.660,0.700,0.700,0.700,750,2
0.650,0.650,0.650,0.700,0.700,0.700,0.720,0.720,0.720,0.700,0.700,0.700,140,1
0.700,0.700,0.700,0.700,0.700,0.700,0.700,0.700,0.700,0.660,0.660,0.660,838,1
0.750,0.750,0.750,0.700,0.700,0.700,0.650,0.650,0.650,0.700,0.700,0.700,815,2
0.750,0.750,0.750,0.700,0.700,0.700,0.750,0.750,0.750,0.700,0.700,0.700,990,1
0.700,0.700,0.700,0.700,0.700,0.700,0.730,0.730,0.730,0.700,0.700,0.700,614,1
0.650,0.650,0.650,0.700,0.700,0.700,0.730,0.730,0.730,0.700,0.700,0.700,537,1
0.700,0.700,0.700,0.700,0.700,0.700,0.700,0.700,0.700,0.720,0.720,0.720,283,2
0.700,0.700,0.700,0.700,0.700,0.700,0.700,0.700,0.700,0.670,0.670,0.670,674,1
0.700,0.700,0.700,0.750,0.750,0.750,0.700,0.700,0.700,0.750,0.750,0.750,330,2
0.650,0.650,0.650,0.700,0.700,0.700,0.690,0.690,0.690,0.700,0.700,0.700,38,2
0.700,0.700,0.700,0.700,0.700,0.700,0.670,0.670,0.670,0.700,0.700,0.700,410,2
0.650,0.650,0.650,0.700,0.700,0.700,0.730,0.730,0.730,0.700,0.700,0.700,504,1
0.750,0.750,0.750,0.700,0.700,0.700,0.720,0.720,0.720,0.700,0.700,0.700,261,1
0.750,0.750,0.750,0.700,0.700,0.700,0.670,0.670,0.670,0.700,0.700,0.700,883,2
0.750,0.750,0.750,0.700,0.700,0.700,0.740,0.740,0.740,0.700,0.700,0.700,197,1
0.750,0.750,0.750,0.700,0.700,0.700,0.740,0.740,0.740,0.700,0.700,0.700,956,1
0.750,0.750,0.750,0.700,0.700,0.700,0.670,0.670,0.670,0.700,0.700,0.700,718,2
0.750,0.750,0.750,0.700,0.700,0.700,0.710,0.710,0.710,0.700,0.700,0.700,293,1
0.700,0.700,0.700,0.750,0.750,0.750,0.700,0.700,0.700,0.670,0.670,0.670,157,1
0.650,0.650,0.650,0.700,0.700,0.700,0.730,0.730,0.730,0.700,0.700,0.700,867,1
0.700,0.700,0.700,0.700,0.700,0.700,0.700,0.700,0.700,0.710,0.710,0.710,645,2
0.700,0.700,0.700,0.700,0.700,0.700,0.730,0.730,0.730,0.700,0.700,0.700,746,1
0.700,0.700,0.700,0.700,0.700,0.700,0.710,0.710,0.710,0.700,0.700,0.700,150,1
0.700,0.700,0.700,0.650,0.650,0.650,0.700,0.700,0.700,0.710,0.710,0.710,700,2
0.700,0.700,0.700,0.700,0.700,0.700,0.700,0.700,0.700,0.690,0.690,0.690,676,1
0.750,0.750,0.750,0.700,0.700,0.700,0.700,0.700,0.700,0.700,0.700,0.700,259,1
0.700,0.700,0.700,0.700,0.700,0.700,0.700,0.700,0.700,0.680,0.680,0.680,708,1
0.700,0.700,0.700,0.750,0.750,0.750,0.700,0.700,0.700,0.660,0.660,0.660,354,1
0.650,0.650,0.650,0.700,0.700,0.700,0.650,0.650,0.650,0.700,0.700,0.700,397,2
0.750,0.750,0.750,0.700,0.700,0.700,0.750,0.750,0.750,0.700,0.700,0.700,825,1
0.700,0.700,0.700,0.700,0.700,0.700,0.650,0.650,0.650,0.700,0.700,0.700,408,2
0.700,0.700,0.700,0.700,0.700,0.700,0.730,0.730,0.730,0.700,0.700,0.700,812,1
0.650,0.650,0.650,0.700,0.700,0.700,0.710,0.710,0.710,0.700,0.700,0.700,40,1
0.700,0.700,0.700,0.700,0.700,0.700,0.700,0.700,0.700,0.650,0.650,0.650,837,1
0.700,0.700,0.700,0.650,0.650,0.650,0.700,0.700,0.700,0.720,0.720,0.720,965,2
0.700,0.700,0.700,0.700,0.700,0.700,0.700,0.700,0.700,0.690,0.690,0.690,214,1
0.750,0.750,0.750,0.700,0.700,0.700,0.750,0.750,0.750,0.700,0.700,0.700,693,1
0.750,0.750,0.750,0.700,0.700,0.700,0.650,0.650,0.650,0.700,0.700,0.700,518,2
0.700,0.700,0.700,0.700,0.700,0.700,0.690,0.690,0.690,0.700,0.700,0.700,49,2
0.700,0.700,0.700,0.700,0.700,0.700,0.670,0.670,0.670,0.700,0.700,0.700,311,2
0.700,0.700,0.700,0.700,0.700,0.700,0.660,0.660,0.660,0.700,0.700,0.700,805,2
0.700,0.700,0.700,0.700,0.700,0.700,0.700,0.700,0.700,0.670,0.670,0.670,80,1
0.700,0.700,0.700,0.700,0.700,0.700,0.700,0.700,0.700,0.680,0.680,0.680,114,1
0.700,0.700,0.700,0.700,0.700,0.700,0.700,0.700,0.700,0.690,0.690,0.690,907,1
0.700,0.700,0.700,0.750,0.750,0.750,0.700,0.700,0.700,0.740,0.740,0.740,989,2
0.700,0.700,0.700,0.700,0.700,0.700,0.740,0.740,0.740,0.700,0.700,0.700,318,1
0.650,0.650,0.650,0.700,0.700,0.700,0.690,0.690,0.690,0.700,0.700,0.700,137,2
0.750,0.750,0.750,0.700,0.700,0.700,0.730,0.730,0.730,0.700,0.700,0.700,922,1
0.700,0.700,0.700,0.750,0.750,0.750,0.700,0.700,0.700,0.730,0.730,0.730,361,2
0.700,0.700,0.700,0.700,0.700,0.700,0.700,0.700,0.700,0.740,0.740,0.740,54,2
0.700,0.700,0.700,0.700,0.700,0.700,0.700,0.700,0.700,0.660,0.660,0.660,343,1
0.700,0.700,0.700,0.700,0.700,0.700,0.700,0.700,0.700,0.730,0.730,0.730,515,2
0.700,0.700,0.700,0.700,0.700,0.700,0.650,0.650,0.650,0.700,0.700,0.700,276,2
0.650,0.650,0.650,0.700,0.700,0.700,0.650,0.650,0.650,0.700,0.700,0.700,496,2
0.750,0.750,0.750,0.700,0.700,0.700,0.660,0.660,0.660,0.700,0.700,0.700,321,2
0.700,0.700,0.700,0.700,0.700,0.700,0.700,0.700,0.700,0.680,0.680,0.680,774,1
0.650,0.650,0.650,0.700,0.700,0.700,0.660,0.660,0.660,0.700,0.700,0.700,497,2
0.650,0.650,0.650,0.700,0.700,0.700,0.660,0.660,0.660,0.700,0.700,0.700,299,2
0.650,0.650,0.650,0.700,0.700,0.700,0.690,0.690,0.690,0.700,0.700,0.700,566,2
0.650,0.650,0.650,0.700,0.700,0.700,0.730,0.730,0.730,0.700,0.700,0.700,603,1
0.750,0.750,0.750,0.700,0.700,0.700,0.720,0.720,0.720,0.700,0.700,0.700,558,1
0.700,0.700,0.700,0.750,0.750,0.750,0.700,0.700,0.700,0.710,0.710,0.710,821,2
0.750,0.750,0.750,0.700,0.700,0.700,0.740,0.740,0.740,0.700,0.700,0.700,65,1
0.650,0.650,0.650,0.700,0.700,0.700,0.750,0.750,0.750,0.700,0.700,0.700,638,1
0.650,0.650,0.650,0.700,0.700,0.700,0.750,0.750,0.750,0.700,0.700,0.700,935,1
0.700,0.700,0.700,0.700,0.700,0.700,0.700,0.700,0.700,0.750,0.750,0.750,253,2
0.700,0.700,0.700,0.700,0.700,0.700,0.700,0.700,0.700,0.750,0.750,0.750,616,2
0.700,0.700,0.700,0.750,0.750,0.750,0.700,0.700,0.700,0.660,0.660,0.660,684,1
0.650,0.650,0.650,0.700,0.700,0.700,0.740,0.740,0.740,0.700,0.700,0.700,769,1
0.700,0.700,0.700,0.700,0.700,0.700,0.700,0.700,0.700,0.710,0.710,0.710,414,2
0.650,0.650,0.650,0.700,0.700,0.700,0.650,0.650,0.650,0.700,0.700,0.700,1,2
0.700,0.700,0.700,0.650,0.650,0.650,0.700,0.700,0.700,0.690,0.690,0.690,863,1
0.700,0.700,0.700,0.700,0.700,0.700,0.650,0.650,0.650,0.700,0.700,0.700,375,2
0.700,0.700,0.700,0.650,0.650,0.650,0.700,0.700,0.700,0.710,0.710,0.710,667,2
0.700,0.700,0.700,0.700,0.700,0.700,0.700,0.700,0.700,0.700,0.700,0.700,182,2
0.700,0.700,0.700,0.650,0.650,0.650,0.700,0.700,0.700,0.670,0.670,0.670,168,1
0.700,0.700,0.700,0.700,0.700,0.700,0.700,0.700,0.700,0.700,0.700,0.700,842,1
0.700,0.700,0.700,0.750,0.750,0.750,0.700,0.700,0.700,0.740,0.740,0.740,659,2
0.700,0.700,0.700,0.650,0.650,0.650,0.700,0.700,0.700,0.750,0.750,0.750,473,2
0.700,0.700,0.700,0.750,0.750,0.750,0.700,0.700,0.700,0.660,0.660,0.660,123,1
0.750,0.750,0.750,0.700,0.700,0.700,0.730,0.730,0.730,0.700,0.700,0.700,955,1
0.750,0.750,0.750,0.700,0.700,0.700,0.730,0.730,0.730,0.700,0.700,0.700,526,1
0.700,0.700,0.700,0.700,0.700,0.700,0.680,0.680,0.680,0.700,0.700,0.700,741,2
0.700,0.700,0.700,0.700,0.700,0.700,0.700,0.700,0.700,0.710,0.710,0.710,843,2
0.750,0.750,0.750,0.700,0.700,0.700,0.690,0.690,0.690,0.700,0.700,0.700,423,2
0.650,0.650,0.650,0.700,0.700,0.700,0.680,0.680,0.680,0.700,0.700,0.700,301,2
0.650,0.650,0.650,0.700,0.700,0.700,0.690,0.690,0.690,0.700,0.700,0.700,698,2
0.750,0.750,0.750,0.700,0.700,0.700,0.650,0.650,0.650,0.700,0.700,0.700,980,2
0.700,0.700,0.700,0.700,0.700,0.700,0.660,0.660,0.660,0.700,0.700,0.700,409,2
0.700,0.700,0.700,0.750,0.750,0.750,0.700,0.700,0.700,0.660,0.660,0.660,387,1
0.700,0.700,0.700,0.650,0.650,0.650,0.700,0.700,0.700,0.670,0.670,0.670,234,1
0.700,0.700,0.700,0.700,0.700,0.700,0.740,0.740,0.740,0.700,0.700,0.700,549,1
0.700,0.700,0.700,0.650,0.650,0.650,0.700,0.700,0.700,0.750,0.750,0.750,242,2
0.750,0.750,0.750,0.700,0.700,0.700,0.650,0.650,0.650,0.700,0.700,0.700,551,2
0.700,0.700,0.700,0.650,0.650,0.650,0.700,0.700,0.700,0.660,0.660,0.660,233,1
0.700,0.700,0.700,0.700,0.700,0.700,0.740,0.740,0.740,0.700,0.700,0.700,945,1
0.750,0.750,0.750,0.700,0.700,0.700,0.660,0.660,0.660,0.700,0.700,0.700,783,2
0.650,0.650,0.650,0.700,0.700,0.700,0.660,0.660,0.660,0.700,0.700,0.700,35,2
0.700,0.700,0.700,0.750,0.750,0.750,0.700,0.700,0.700,0.670,0.670,0.670,586,1
0.650,0.650,0.650,0.700,0.700,0.700,0.650,0.650,0.650,0.700,0.700,0.700,133,2
0.700,0.700,0.700,0.700,0.700,0.700,0.700,0.700,0.700,0.720,0.720,0.720,19,2
0.700,0.700,0.700,0.700,0.700,0.700,0.730,0.730,0.730,0.700,0.700,0.700,449,1
0.700,0.700,0.700,0.650,0.650,0.650,0.700,0.700,0.700,0.680,0.680,0.680,37,1
0.700,0.700,0.700,0.700,0.700,0.700,0.720,0.720,0.720,0.700,0.700,0.700,877,1
0.750,0.750,0.750,0.700,0.700,0.700,0.750,0.750,0.750,0.700,0.700,0.700,858,1
0.650,0.650,0.650,0.700,0.700,0.700,0.680,0.680,0.680,0.700,0.700,0.700,598,2
0.750,0.750,0.750,0.700,0.700,0.700,0.670,0.670,0.670,0.700,0.700,0.700,25,2
0.700,0.700,0.700,0.700,0.700,0.700,0.700,0.700,0.700,0.710,0.710,0.710,216,2
0.700,0.700,0.700,0.650,0.650,0.650,0.700,0.700,0.700,0.670,0.670,0.670,300,1
0.700,0.700,0.700,0.700,0.700,0.700,0.680,0.680,0.680,0.700,0.700,0.700,576,2
0.700,0.700,0.700,0.750,0.750,0.750,0.700,0.700,0.700,0.670,0.670,0.670,916,1
0.700,0.700,0.700,0.650,0.650,0.650,0.700,0.700,0.700,0.710,0.710,0.710,205,2
0.700,0.700,0.700,0.700,0.700,0.700,0.700,0.700,0.700,0.710,0.710,0.710,51,2
0.700,0.700,0.700,0.750,0.750,0.750,0.700,0.700,0.700,0.690,0.690,0.690,357,1
0.700,0.700,0.700,0.700,0.700,0.700,0.700,0.700,0.700,0.700,0.700,0.700,974,2
0.700,0.700,0.700,0.700,0.700,0.700,0.680,0.680,0.680,0.700,0.700,0.700,345,2
0.650,0.650,0.650,0.700,0.700,0.700,0.700,0.700,0.700,0.700,0.700,0.700,963,1
0.650,0.650,0.650,0.700,0.700,0.700,0.670,0.670,0.670,0.700,0.700,0.700,927,2
0.750,0.750,0.750,0.700,0.700,0.700,0.670,0.670,0.670,0.700,0.700,0.700,850,2
0.650,0.650,0.650,0.700,0.700,0.700,0.740,0.740,0.740,0.700,0.700,0.700,340,1
0.650,0.650,0.650,0.700,0.700,0.700,0.730,0.730,0.730,0.700,0.700,0.700,273,1
0.700,0.700,0.700,0.700,0.700,0.700,0.700,0.700,0.700,0.730,0.730,0.730,119,2
0.650,0.650,0.650,0.700,0.700,0.700,0.680,0.680,0.680,0.700,0.700,0.700,367,2
0.700,0.700,0.700,0.700,0.700,0.700,0.700,0.700,0.700,0.680,0.680,0.680,81,1
0.750,0.750,0.750,0.700,0.700,0.700,0.700,0.700,0.700,0.700,0.700,0.700,622,1
0.700,0.700,0.700,0.750,0.750,0.750,0.700,0.700,0.700,0.690,0.690,0.690,324,1
0.700,0.700,0.700,0.700,0.700,0.700,0.730,0.730,0.730,0.700,0.700,0.700,548,1
0.700,0.700,0.700,0.650,0.650,0.650,0.700,0.700,0.700,0.690,0.690,0.690,665,1
0.700,0.700,0.700,0.650,0.650,0.650,0.700,0.700,0.700,0.660,0.660,0.660,926,1
0.750,0.750,0.750,0.700,0.700,0.700,0.700,0.700,0.700,0.700,0.700,0.700,358,1
0.700,0.700,0.700,0.700,0.700,0.700,0.690,0.690,0.690,0.700,0.700,0.700,511,2
0.750,0.750,0.750,0.700,0.700,0.700,0.740,0.740,0.740,0.700,0.700,0.700,857,1
0.700,0.700,0.700,0.750,0.750,0.750,0.700,0.700,0.700,0.690,0.690,0.690,291,1
0.750,0.750,0.750,0.700,0.700,0.700,0.710,0.710,0.710,0.700,0.700,0.700,755,1
0.700,0.700,0.700,0.750,0.750,0.750,0.700,0.700,0.700,0.720,0.720,0.720,723,2
0.700,0.700,0.700,0.650,0.650,0.650,0.700,0.700,0.700,0.700,0.700,0.700,402,2
0.750,0.750,0.750,0.700,0.700,0.700,0.720,0.720,0.720,0.700,0.700,0.700,822,1
0.700,0.700,0.700,0.650,0.650,0.650,0.700,0.700,0.700,0.730,0.730,0.730,702,2
0.650,0.650,0.650,0.700,0.700,0.700,0.680,0.680,0.680,0.700,0.700,0.700,763,2
0.700,0.700,0.700,0.700,0.700,0.700,0.670,0.670,0.670,0.700,0.700,0.700,278,2
0.700,0.700,0.700,0.700,0.700,0.700,0.700,0.700,0.700,0.710,0.710,0.710,84,2
0.750,0.750,0.750,0.700,0.700,0.700,0.690,0.690,0.690,0.700,0.700,0.700,852,2
0.700,0.700,0.700,0.650,0.650,0.650,0.700,0.700,0.700,0.730,0.730,0.730,438,2
0.700,0.700,0.700,0.700,0.700,0.700,0.690,0.690,0.690,0.700,0.700,0.700,412,2
0.750,0.750,0.750,0.700,0.700,0.700,0.750,0.750,0.750,0.700,0.700,0.700,627,1
0.650,0.650,0.650,0.700,0.700,0.700,0.740,0.740,0.740,0.700,0.700,0.700,835,1
0.650,0.650,0.650,0.700,0.700,0.700,0.710,0.710,0.710,0.700,0.700,0.700,733,1
0.700,0.700,0.700,0.700,0.700,0.700,0.740,0.740,0.740,0.700,0.700,0.700,153,1
0.700,0.700,0.700,0.700,0.700,0.700,0.710,0.710,0.710,0.700,0.700,0.700,513,1
0.750,0.750,0.750,0.700,0.700,0.700,0.710,0.710,0.710,0.700,0.700,0.700,194,1
0.700,0.700,0.700,0.650,0.650,0.650,0.700,0.700,0.700,0.740,0.740,0.740,637,2
0.700,0.700,0.700,0.700,0.700,0.700,0.730,0.730,0.730,0.700,0.700,0.700,680,1
0.700,0.700,0.700,0.700,0.700,0.700,0.700,0.700,0.700,0.690,0.690,0.690,148,1
0.700,0.700,0.700,0.700,0.700,0.700,0.660,0.660,0.660,0.700,0.700,0.700,772,2
0.700,0.700,0.700,0.750,0.750,0.750,0.700,0.700,0.700,0.650,0.650,0.650,782,1
0.700,0.700,0.700,0.700,0.700,0.700,0.700,0.700,0.700,0.740,0.740,0.740,978,2
0.700,0.700,0.700,0.650,0.650,0.650,0.700,0.700,0.700,0.660,0.660,0.660,365,1
0.700,0.700,0.700,0.650,0.650,0.650,0.700,0.700,0.700,0.720,0.720,0.720,635,2
0.750,0.750,0.750,0.700,0.700,0.700,0.670,0.670,0.670,0.700,0.700,0.700,949,2
0.700,0.700,0.700,0.750,0.750,0.750,0.700,0.700,0.700,0.740,0.740,0.740,527,2
0.650,0.650,0.650,0.700,0.700,0.700,0.690,0.690,0.690,0.700,0.700,0.700,896,2
0.700,0.700,0.700,0.700,0.700,0.700,0.700,0.700,0.700,0.670,0.670,0.670,542,1
0.700,0.700,0.700,0.700,0.700,0.700,0.690,0.690,0.690,0.700,0.700,0.700,940,2
0.750,0.750,0.750,0.700,0.700,0.700,0.740,0.740,0.740,0.700,0.700,0.700,461,1
0.700,0.700,0.700,0.700,0.700,0.700,0.700,0.700,0.700,0.720,0.720,0.720,481,2
0.650,0.650,0.650,0.700,0.700,0.700,0.750,0.750,0.750,0.700,0.700,0.700,770,1
0.650,0.650,0.650,0.700,0.700,0.700,0.730,0.730,0.730,0.700,0.700,0.700,240,1
0.650,0.650,0.650,0.700,0.700,0.700,0.710,0.710,0.710,0.700,0.700,0.700,502,1
0.700,0.700,0.700,0.750,0.750,0.750,0.700,0.700,0.700,0.660,0.660,0.660,453,1
0.750,0.750,0.750,0.700,0.700,0.700,0.690,0.690,0.690,0.700,0.700,0.700,984,2
0.750,0.750,0.750,0.700,0.700,0.700,0.660,0.660,0.660,0.700,0.700,0.700,24,2
0.700,0.700,0.700,0.650,0.650,0.650,0.700,0.700,0.700,0.730,0.730,0.730,900,2
0.750,0.750,0.750,0.700,0.700,0.700,0.740,0.740,0.740,0.700,0.700,0.700,428,1
0.700,0.700,0.700,0.700,0.700,0.700,0.670,0.670,0.670,0.700,0.700,0.700,179,2
0.650,0.650,0.650,0.700,0.700,0.700,0.740,0.740,0.740,0.700,0.700,0.700,670,1
0.700,0.700,0.700,0.650,0.650,0.650,0.700,0.700,0.700,0.650,0.650,0.650,298,1
0.700,0.700,0.700,0.700,0.700,0.700,0.700,0.700,0.700,0.690,0.690,0.690,379,1
0.700,0.700,0.700,0.700,0.700,0.700,0.700,0.700,0.700,0.660,0.660,0.660,574,1
0.700,0.700,0.700,0.700,0.700,0.700,0.700,0.700,0.700,0.700,0.700,0.700,83,2
0.700,0.700,0.700,0.700,0.700,0.700,0.730,0.730,0.730,0.700,0.700,0.700,350,1
0.750,0.750,0.750,0.700,0.700,0.700,0.680,0.680,0.680,0.700,0.700,0.700,125,2
0.700,0.700,0.700,0.750,0.750,0.750,0.700,0.700,0.700,0.650,0.650,0.650,617,1
0.700,0.700,0.700,0.700,0.700,0.700,0.700,0.700,0.700,0.670,0.670,0.670,212,1
0.700,0.700,0.700,0.650,0.650,0.650,0.700,0.700,0.700,0.740,0.740,0.740,934,2
0.700,0.700,0.700,0.650,0.650,0.650,0.700,0.700,0.700,0.720,0.720,0.720,272,2
0.700,0.700,0.700,0.700,0.700,0.700,0.700,0.700,0.700,0.650,0.650,0.650,672,1
0.750,0.750,0.750,0.700,0.700,0.700,0.730,0.730,0.730,0.700,0.700,0.700,493,1
0.750,0.750,0.750,0.700,0.700,0.700,0.720,0.720,0.720,0.700,0.700,0.700,360,1
0.700,0.700,0.700,0.700,0.700,0.700,0.720,0.720,0.720,0.700,0.700,0.700,844,1
0.700,0.700,0.700,0.650,0.650,0.650,0.700,0.700,0.700,0.670,0.670,0.670,828,1
0.750,0.750,0.750,0.700,0.700,0.700,0.730,0.730,0.730,0.700,0.700,0.700,658,1
0.650,0.650,0.650,0.700,0.700,0.700,0.680,0.680,0.680,0.700,0.700,0.700,532,2
0.750,0.750,0.750,0.700,0.700,0.700,0.720,0.720,0.720,0.700,0.700,0.700,525,1
0.700,0.700,0.700,0.700,0.700,0.700,0.700,0.700,0.700,0.680,0.680,0.680,939,1
0.700,0.700,0.700,0.750,0.750,0.750,0.700,0.700,0.700,0.650,0.650,0.650,914,1
0.700,0.700,0.700,0.700,0.700,0.700,0.740,0.740,0.740,0.700,0.700,0.700,417,1
0.700,0.700,0.700,0.650,0.650,0.650,0.700,0.700,0.700,0.740,0.740,0.740,373,2
0.750,0.750,0.750,0.700,0.700,0.700,0.680,0.680,0.680,0.700,0.700,0.700,851,2
0.700,0.700,0.700,0.750,0.750,0.750,0.700,0.700,0.700,0.740,0.740,0.740,692,2
0.650,0.650,0.650,0.700,0.700,0.700,0.750,0.750,0.750,0.700,0.700,0.700,11,1
0.650,0.650,0.650,0.700,0.700,0.700,0.660,0.660,0.660,0.700,0.700,0.700,134,2
0.700,0.700,0.700,0.650,0.650,0.650,0.700,0.700,0.700,0.730,0.730,0.730,42,2
0.750,0.750,0.750,0.700,0.700,0.700,0.720,0.720,0.720,0.700,0.700,0.700,30,1
0.700,0.700,0.700,0.700,0.700,0.700,0.650,0.650,0.650,0.700,0.700,0.700,474,2
0.700,0.700,0.700,0.650,0.650,0.650,0.700,0.700,0.700,0.710,0.710,0.710,7,2
0.650,0.650,0.650,0.700,0.700,0.700,0.660,0.660,0.660,0.700,0.700,0.700,266,2
0.700,0.700,0.700,0.750,0.750,0.750,0.700,0.700,0.700,0.680,0.680,0.680,719,1
0.650,0.650,0.650,0.700,0.700,0.700,0.670,0.670,0.670,0.700,0.700,0.700,366,2
0.750,0.750,0.750,0.700,0.700,0.700,0.670,0.670,0.670,0.700,0.700,0.700,58,2
0.750,0.750,0.750,0.700,0.700,0.700,0.730,0.730,0.730,0.700,0.700,0.700,163,1
0.700,0.700,0.700,0.700,0.700,0.700,0.710,0.710,0.710,0.700,0.700,0.700,480,1
0.700,0.700,0.700,0.700,0.700,0.700,0.700,0.700,0.700,0.740,0.740,0.740,120,2
0.650,0.650,0.650,0.700,0.700,0.700,0.650,0.650,0.650,0.700,0.700,0.700,529,2
0.700,0.700,0.700,0.700,0.700,0.700,0.720,0.720,0.720,0.700,0.700,0.700,250,1
0.700,0.700,0.700,0.700,0.700,0.700,0.700,0.700,0.700,0.750,0.750,0.750,418,2
0.700,0.700,0.700,0.700,0.700,0.700,0.700,0.700,0.700,0.680,0.680,0.680,906,1
0.750,0.750,0.750,0.700,0.700,0.700,0.730,0.730,0.730,0.700,0.700,0.700,229,1
0.700,0.700,0.700,0.750,0.750,0.750,0.700,0.700,0.700,0.700,0.700,0.700,61,2
0.750,0.750,0.750,0.700,0.700,0.700,0.750,0.750,0.750,0.700,0.700,0.700,33,1
0.750,0.750,0.750,0.700,0.700,0.700,0.740,0.740,0.740,0.700,0.700,0.700,230,1
0.700,0.700,0.700,0.700,0.700,0.700,0.700,0.700,0.700,0.690,0.690,0.690,346,1
0.700,0.700,0.700,0.700,0.700,0.700,0.670,0.670,0.670,0.700,0.700,0.700,377,2
0.700,0.700,0.700,0.750,0.750,0.750,0.700,0.700,0.700,0.700,0.700,0.700,820,2
0.750,0.750,0.750,0.700,0.700,0.700,0.690,0.690,0.690,0.700,0.700,0.700,27,2
0.700,0.700,0.700,0.650,0.650,0.650,0.700,0.700,0.700,0.690,0.690,0.690,5,1
0.750,0.750,0.750,0.700,0.700,0.700,0.680,0.680,0.680,0.700,0.700,0.700,686,2
0.700,0.700,0.700,0.650,0.650,0.650,0.700,0.700,0.700,0.690,0.690,0.690,797,1
0.700,0.700,0.700,0.700,0.700,0.700,0.700,0.700,0.700,0.730,0.730,0.730,779,2
0.700,0.700,0.700,0.650,0.650,0.650,0.700,0.700,0.700,0.660,0.660,0.660,827,1
0.700,0.700,0.700,0.700,0.700,0.700,0.750,0.750,0.750,0.700,0.700,0.700,814,1
0.700,0.700,0.700,0.700,0.700,0.700,0.700,0.700,0.700,0.740,0.740,0.740,87,2
0.700,0.700,0.700,0.700,0.700,0.700,0.700,0.700,0.700,0.700,0.700,0.700,809,1
0.700,0.700,0.700,0.700,0.700,0.700,0.650,0.650,0.650,0.700,0.700,0.700,111,2
0.700,0.700,0.700,0.700,0.700,0.700,0.650,0.650,0.650,0.700,0.700,0.700,804,2
0.700,0.700,0.700,0.700,0.700,0.700,0.700,0.700,0.700,0.700,0.700,0.700,50,2
0.700,0.700,0.700,0.750,0.750,0.750,0.700,0.700,0.700,0.750,0.750,0.750,297,2
0.700,0.700,0.700,0.650,0.650,0.650,0.700,0.700,0.700,0.710,0.710,0.710,832,2
0.700,0.700,0.700,0.700,0.700,0.700,0.700,0.700,0.700,0.750,0.750,0.750,484,2
0.650,0.650,0.650,0.700,0.700,0.700,0.730,0.730,0.730,0.700,0.700,0.700,570,1
0.750,0.750,0.750,0.700,0.700,0.700,0.690,0.690,0.690,0.700,0.700,0.700,192,2
0.750,0.750,0.750,0.700,0.700,0.700,0.750,0.750,0.750,0.700,0.700,0.700,495,1
0.700,0.700,0.700,0.700,0.700,0.700,0.690,0.690,0.690,0.700,0.700,0.700,610,2
0.700,0.700,0.700,0.700,0.700,0.700,0.700,0.700,0.700,0.690,0.690,0.690,478,1
0.700,0.700,0.700,0.750,0.750,0.750,0.700,0.700,0.700,0.690,0.690,0.690,918,1
0.700,0.700,0.700,0.650,0.650,0.650,0.700,0.700,0.700,0.660,0.660,0.660,2,1
0.750,0.750,0.750,0.700,0.700,0.700,0.730,0.730,0.730,0.700,0.700,0.700,97,1
0.650,0.650,0.650,0.700,0.700,0.700,0.730,0.730,0.730,0.700,0.700,0.700,207,1
0.650,0.650,0.650,0.700,0.700,0.700,0.690,0.690,0.690,0.700,0.700,0.700,170,2
0.700,0.700,0.700,0.750,0.750,0.750,0.700,0.700,0.700,0.710,0.710,0.710,458,2
0.700,0.700,0.700,0.700,0.700,0.700,0.660,0.660,0.660,0.700,0.700,0.700,244,2
0.750,0.750,0.750,0.700,0.700,0.700,0.730,0.730,0.730,0.700,0.700,0.700,757,1
0.750,0.750,0.750,0.700,0.700,0.700,0.700,0.700,0.700,0.700,0.700,0.700,556,1
0.700,0.700,0.700,0.700,0.700,0.700,0.740,0.740,0.740,0.700,0.700,0.700,879,1
0.700,0.700,0.700,0.750,0.750,0.750,0.700,0.700,0.700,0.680,0.680,0.680,422,1
0.700,0.700,0.700,0.700,0.700,0.700,0.750,0.750,0.750,0.700,0.700,0.700,979,1
0.700,0.700,0.700,0.750,0.750,0.750,0.700,0.700,0.700,0.710,0.710,0.710,689,2
0.700,0.700,0.700,0.750,0.750,0.750,0.700,0.700,0.700,0.690,0.690,0.690,885,1
0.700,0.700,0.700,0.700,0.700,0.700,0.700,0.700,0.700,0.670,0.670,0.670,773,1
0.700,0.700,0.700,0.750,0.750,0.750,0.700,0.700,0.700,0.660,0.660,0.660,486,1
0.750,0.750,0.750,0.700,0.700,0.700,0.710,0.710,0.710,0.700,0.700,0.700,425,1
0.700,0.700,0.700,0.650,0.650,0.650,0.700,0.700,0.700,0.740,0.740,0.740,802,2
0.700,0.700,0.700,0.650,0.650,0.650,0.700,0.700,0.700,0.650,0.650,0.650,232,1
0.750,0.750,0.750,0.700,0.700,0.700,0.670,0.670,0.670,0.700,0.700,0.700,355,2
0.700,0.700,0.700,0.750,0.750,0.750,0.700,0.700,0.700,0.750,0.750,0.750,198,2
0.700,0.700,0.700,0.700,0.700,0.700,0.700,0.700,0.700,0.720,0.720,0.720,85,2
0.750,0.750,0.750,0.700,0.700,0.700,0.680,0.680,0.680,0.700,0.700,0.700,290,2
0.700,0.700,0.700,0.700,0.700,0.700,0.700,0.700,0.700,0.730,0.730,0.730,317,2
0.700,0.700,0.700,0.700,0.700,0.700,0.700,0.700,0.700,0.660,0.660,0.660,475,1
0.700,0.700,0.700,0.700,0.700,0.700,0.700,0.700,0.700,0.750,0.750,0.750,715,2
0.700,0.700,0.700,0.650,0.650,0.650,0.700,0.700,0.700,0.750,0.750,0.750,110,2
0.700,0.700,0.700,0.700,0.700,0.700,0.700,0.700,0.700,0.720,0.720,0.720,217,2
0.700,0.700,0.700,0.650,0.650,0.650,0.700,0.700,0.700,0.730,0.730,0.730,75,2
0.750,0.750,0.750,0.700,0.700,0.700,0.750,0.750,0.750,0.700,0.700,0.700,792,1
0.650,0.650,0.650,0.700,0.700,0.700,0.660,0.660,0.660,0.700,0.700,0.700,530,2
0.750,0.750,0.750,0.700,0.700,0.700,0.730,0.730,0.730,0.700,0.700,0.700,889,1
0.700,0.700,0.700,0.700,0.700,0.700,0.700,0.700,0.700,0.670,0.670,0.670,905,1
0.700,0.700,0.700,0.650,0.650,0.650,0.700,0.700,0.700,0.690,0.690,0.690,434,1
0.700,0.700,0.700,0.650,0.650,0.650,0.700,0.700,0.700,0.700,0.700,0.700,204,2
0.700,0.700,0.700,0.650,0.650,0.650,0.700,0.700,0.700,0.660,0.660,0.660,596,1
0.700,0.700,0.700,0.650,0.650,0.650,0.700,0.700,0.700,0.650,0.650,0.650,265,1
0.700,0.700,0.700,0.700,0.700,0.700,0.700,0.700,0.700,0.670,0.670,0.670,113,1
0.650,0.650,0.650,0.700,0.700,0.700,0.700,0.700,0.700,0.700,0.700,0.700,303,1
0.700,0.700,0.700,0.650,0.650,0.650,0.700,0.700,0.700,0.680,0.680,0.680,268,1
0.700,0.700,0.700,0.700,0.700,0.700,0.700,0.700,0.700,0.740,0.740,0.740,450,2
0.700,0.700,0.700,0.700,0.700,0.700,0.720,0.720,0.720,0.700,0.700,0.700,514,1
0.700,0.700,0.700,0.700,0.700,0.700,0.740,0.740,0.740,0.700,0.700,0.700,846,1
0.700,0.700,0.700,0.650,0.650,0.650,0.700,0.700,0.700,0.740,0.740,0.740,10,2
0.750,0.750,0.750,0.700,0.700,0.700,0.670,0.670,0.670,0.700,0.700,0.700,421,2
0.750,0.750,0.750,0.700,0.700,0.700,0.660,0.660,0.660,0.700,0.700,0.700,915,2
0.700,0.700,0.700,0.700,0.700,0.700,0.700,0.700,0.700,0.700,0.700,0.700,215,1
0.700,0.700,0.700,0.700,0.700,0.700,0.700,0.700,0.700,0.750,0.750,0.750,517,2
0.700,0.700,0.700,0.700,0.700,0.700,0.730,0.730,0.730,0.700,0.700,0.700,86,1
0.650,0.650,0.650,0.700,0.700,0.700,0.700,0.700,0.700,0.700,0.700,0.700,633,1
0.700,0.700,0.700,0.650,0.650,0.650,0.700,0.700,0.700,0.730,0.730,0.730,108,2
0.700,0.700,0.700,0.750,0.750,0.750,0.700,0.700,0.700,0.680,0.680,0.680,488,1
0.750,0.750,0.750,0.700,0.700,0.700,0.700,0.700,0.700,0.700,0.700,0.700,457,1
0.700,0.700,0.700,0.750,0.750,0.750,0.700,0.700,0.700,0.700,0.700,0.700,424,2
0.700,0.700,0.700,0.700,0.700,0.700,0.700,0.700,0.700,0.730,0.730,0.730,911,2
0.700,0.700,0.700,0.650,0.650,0.650,0.700,0.700,0.700,0.650,0.650,0.650,760,1
0.650,0.650,0.650,0.700,0.700,0.700,0.670,0.670,0.670,0.700,0.700,0.700,531,2
0.700,0.700,0.700,0.650,0.650,0.650,0.700,0.700,0.700,0.690,0.690,0.690,71,1
0.700,0.700,0.700,0.700,0.700,0.700,0.660,0.660,0.660,0.700,0.700,0.700,937,2
0.700,0.700,0.700,0.700,0.700,0.700,0.730,0.730,0.730,0.700,0.700,0.700,647,1
0.750,0.750,0.750,0.700,0.700,0.700,0.650,0.650,0.650,0.700,0.700,0.700,716,2
0.700,0.700,0.700,0.650,0.650,0.650,0.700,0.700,0.700,0.680,0.680,0.680,433,1
0.700,0.700,0.700,0.700,0.700,0.700,0.700,0.700,0.700,0.670,0.670,0.670,14,1
0.700,0.700,0.700,0.700,0.700,0.700,0.700,0.700,0.700,0.650,0.650,0.650,903,1
0.700,0.700,0.700,0.650,0.650,0.650,0.700,0.700,0.700,0.740,0.740,0.740,868,2
0.700,0.700,0.700,0.750,0.750,0.750,0.700,0.700,0.700,0.730,0.730,0.730,460,2
0.650,0.650,0.650,0.700,0.700,0.700,0.690,0.690,0.690,0.700,0.700,0.700,368,2
0.650,0.650,0.650,0.700,0.700,0.700,0.710,0.710,0.710,0.700,0.700,0.700,931,1
0.700,0.700,0.700,0.650,0.650,0.650,0.700,0.700,0.700,0.740,0.740,0.740,967,2
0.700,0.700,0.700,0.700,0.700,0.700,0.700,0.700,0.700,0.700,0.700,0.700,941,1
0.650,0.650,0.650,0.700,0.700,0.700,0.740,0.740,0.740,0.700,0.700,0.700,571,1
0.700,0.700,0.700,0.650,0.650,0.650,0.700,0.700,0.700,0.720,0.720,0.720,470,2
0.700,0.700,0.700,0.750,0.750,0.750,0.700,0.700,0.700,0.750,0.750,0.750,891,2
0.650,0.650,0.650,0.700,0.700,0.700,0.730,0.730,0.730,0.700,0.700,0.700,669,1
0.700,0.700,0.700,0.650,0.650,0.650,0.700,0.700,0.700,0.720,0.720,0.720,734,2
0.700,0.700,0.700,0.750,0.750,0.750,0.700,0.700,0.700,0.750,0.750,0.750,264,2
0.700,0.700,0.700,0.700,0.700,0.700,0.710,0.710,0.710,0.700,0.700,0.700,678,1
0.700,0.700,0.700,0.650,0.650,0.650,0.700,0.700,0.700,0.680,0.680,0.680,235,1
0.650,0.650,0.650,0.700,0.700,0.700,0.700,0.700,0.700,0.700,0.700,0.700,666,1
0.700,0.700,0.700,0.650,0.650,0.650,0.700,0.700,0.700,0.650,0.650,0.650,694,1
0.650,0.650,0.650,0.700,0.700,0.700,0.650,0.650,0.650,0.700,0.700,0.700,727,2
0.750,0.750,0.750,0.700,0.700,0.700,0.700,0.700,0.700,0.700,0.700,0.700,919,1
0.700,0.700,0.700,0.700,0.700,0.700,0.700,0.700,0.700,0.670,0.670,0.670,344,1
0.700,0.700,0.700,0.700,0.700,0.700,0.700,0.700,0.700,0.680,0.680,0.680,840,1
0.700,0.700,0.700,0.750,0.750,0.750,0.700,0.700,0.700,0.690,0.690,0.690,522,1
0.700,0.700,0.700,0.700,0.700,0.700,0.720,0.720,0.720,0.700,0.700,0.700,712,1
0.700,0.700,0.700,0.750,0.750,0.750,0.700,0.700,0.700,0.670,0.670,0.670,388,1
0.700,0.700,0.700,0.750,0.750,0.750,0.700,0.700,0.700,0.670,0.670,0.670,553,1
0.700,0.700,0.700,0.650,0.650,0.650,0.700,0.700,0.700,0.710,0.710,0.710,139,2
0.700,0.700,0.700,0.650,0.650,0.650,0.700,0.700,0.700,0.750,0.750,0.750,275,2
0.650,0.650,0.650,0.700,0.700,0.700,0.680,0.680,0.680,0.700,0.700,0.700,862,2
0.700,0.700,0.700,0.700,0.700,0.700,0.700,0.700,0.700,0.710,0.710,0.710,282,2
0.700,0.700,0.700,0.750,0.750,0.750,0.700,0.700,0.700,0.670,0.670,0.670,289,1
0.750,0.750,0.750,0.700,0.700,0.700,0.690,0.690,0.690,0.700,0.700,0.700,588,2
0.700,0.700,0.700,0.750,0.750,0.750,0.700,0.700,0.700,0.720,0.720,0.720,954,2
0.750,0.750,0.750,0.700,0.700,0.700,0.750,0.750,0.750,0.700,0.700,0.700,99,1
0.700,0.700,0.700,0.650,0.650,0.650,0.700,0.700,0.700,0.720,0.720,0.720,767,2
0.700,0.700,0.700,0.700,0.700,0.700,0.700,0.700,0.700,0.710,0.710,0.710,876,2
0.700,0.700,0.700,0.750,0.750,0.750,0.700,0.700,0.700,0.650,0.650,0.650,452,1
0.750,0.750,0.750,0.700,0.700,0.700,0.750,0.750,0.750,0.700,0.700,0.700,462,1
0.650,0.650,0.650,0.700,0.700,0.700,0.650,0.650,0.650,0.700,0.700,0.700,364,2
0.700,0.700,0.700,0.700,0.700,0.700,0.700,0.700,0.700,0.660,0.660,0.660,706,1
0.750,0.750,0.750,0.700,0.700,0.700,0.680,0.680,0.680,0.700,0.700,0.700,59,2
0.700,0.700,0.700,0.650,0.650,0.650,0.700,0.700,0.700,0.690,0.690,0.690,236,1
0.700,0.700,0.700,0.750,0.750,0.750,0.700,0.700,0.700,0.730,0.730,0.730,196,2
0.700,0.700,0.700,0.750,0.750,0.750,0.700,0.700,0.700,0.660,0.660,0.660,519,1
0.700,0.700,0.700,0.750,0.750,0.750,0.700,0.700,0.700,0.660,0.660,0.660,882,1
0.700,0.700,0.700,0.700,0.700,0.700,0.710,0.710,0.710,0.700,0.700,0.700,711,1
0.700,0.700,0.700,0.700,0.700,0.700,0.700,0.700,0.700,0.670,0.670,0.670,608,1
0.700,0.700,0.700,0.700,0.700,0.700,0.700,0.700,0.700,0.700,0.700,0.700,611,1
0.700,0.700,0.700,0.750,0.750,0.750,0.700,0.700,0.700,0.680,0.680,0.680,950,1
0.650,0.650,0.650,0.700,0.700,0.700,0.700,0.700,0.700,0.700,0.700,0.700,468,1
0.700,0.700,0.700,0.750,0.750,0.750,0.700,0.700,0.700,0.750,0.750,0.750,594,2
0.700,0.700,0.700,0.750,0.750,0.750,0.700,0.700,0.700,0.720,0.720,0.720,624,2
0.700,0.700,0.700,0.700,0.700,0.700,0.700,0.700,0.700,0.670,0.670,0.670,443,1
0.700,0.700,0.700,0.700,0.700,0.700,0.730,0.730,0.730,0.700,0.700,0.700,284,1
0.750,0.750,0.750,0.700,0.700,0.700,0.700,0.700,0.700,0.700,0.700,0.700,754,1
0.700,0.700,0.700,0.700,0.700,0.700,0.730,0.730,0.730,0.700,0.700,0.700,20,1
0.700,0.700,0.700,0.650,0.650,0.650,0.700,0.700,0.700,0.700,0.700,0.700,336,2
0.750,0.750,0.750,0.700,0.700,0.700,0.740,0.740,0.740,0.700,0.700,0.700,626,1
0.700,0.700,0.700,0.650,0.650,0.650,0.700,0.700,0.700,0.740,0.740,0.740,208,2
0.750,0.750,0.750,0.700,0.700,0.700,0.660,0.660,0.660,0.700,0.700,0.700,57,2
0.650,0.650,0.650,0.700,0.700,0.700,0.750,0.750,0.750,0.700,0.700,0.700,440,1
0.650,0.650,0.650,0.700,0.700,0.700,0.660,0.660,0.660,0.700,0.700,0.700,68,2
0.700,0.700,0.700,0.700,0.700,0.700,0.700,0.700,0.700,0.700,0.700,0.700,17,2
0.700,0.700,0.700,0.650,0.650,0.650,0.700,0.700,0.700,0.720,0.720,0.720,503,2
0.650,0.650,0.650,0.700,0.700,0.700,0.720,0.720,0.720,0.700,0.700,0.700,41,1
0.700,0.700,0.700,0.700,0.700,0.700,0.720,0.720,0.720,0.700,0.700,0.700,118,1
0.700,0.700,0.700,0.650,0.650,0.650,0.700,0.700,0.700,0.660,0.660,0.660,662,1
0.700,0.700,0.700,0.650,0.650,0.650,0.700,0.700,0.700,0.680,0.680,0.680,565,1
0.750,0.750,0.750,0.700,0.700,0.700,0.750,0.750,0.750,0.700,0.700,0.700,165,1
0.700,0.700,0.700,0.750,0.750,0.750,0.700,0.700,0.700,0.670,0.670,0.670,91,1
0.650,0.650,0.650,0.700,0.700,0.700,0.700,0.700,0.700,0.700,0.700,0.700,435,1
0.750,0.750,0.750,0.700,0.700,0.700,0.690,0.690,0.690,0.700,0.700,0.700,654,2
0.700,0.700,0.700,0.700,0.700,0.700,0.690,0.690,0.690,0.700,0.700,0.700,841,2
0.700,0.700,0.700,0.700,0.700,0.700,0.700,0.700,0.700,0.660,0.660,0.660,310,1
0.700,0.700,0.700,0.650,0.650,0.650,0.700,0.700,0.700,0.720,0.720,0.720,866,2
0.650,0.650,0.650,0.700,0.700,0.700,0.750,0.750,0.750,0.700,0.700,0.700,737,1
0.750,0.750,0.750,0.700,0.700,0.700,0.650,0.650,0.650,0.700,0.700,0.700,287,2
0.700,0.700,0.700,0.750,0.750,0.750,0.700,0.700,0.700,0.680,0.680,0.680,356,1
0.700,0.700,0.700,0.750,0.750,0.750,0.700,0.700,0.700,0.710,0.710,0.710,524,2
0.750,0.750,0.750,0.700,0.700,0.700,0.680,0.680,0.680,0.700,0.700,0.700,158,2
0.700,0.700,0.700,0.700,0.700,0.700,0.650,0.650,0.650,0.700,0.700,0.700,705,2
0.650,0.650,0.650,0.700,0.700,0.700,0.670,0.670,0.670,0.700,0.700,0.700,201,2
0.750,0.750,0.750,0.700,0.700,0.700,0.750,0.750,0.750,0.700,0.700,0.700,561,1
0.750,0.750,0.750,0.700,0.700,0.700,0.710,0.710,0.710,0.700,0.700,0.700,227,1
0.700,0.700,0.700,0.700,0.700,0.700,0.690,0.690,0.690,0.700,0.700,0.700,874,2
0.650,0.650,0.650,0.700,0.700,0.700,0.660,0.660,0.660,0.700,0.700,0.700,101,2
0.700,0.700,0.700,0.750,0.750,0.750,0.700,0.700,0.700,0.700,0.700,0.700,523,2
0.750,0.750,0.750,0.700,0.700,0.700,0.660,0.660,0.660,0.700,0.700,0.700,585,2
0.750,0.750,0.750,0.700,0.700,0.700,0.660,0.660,0.660,0.700,0.700,0.700,156,2
0.700,0.700,0.700,0.750,0.750,0.750,0.700,0.700,0.700,0.650,0.650,0.650,188,1
0.700,0.700,0.700,0.750,0.750,0.750,0.700,0.700,0.700,0.680,0.680,0.680,521,1
0.650,0.650,0.650,0.700,0.700,0.700,0.670,0.670,0.670,0.700,0.700,0.700,597,2
0.700,0.700,0.700,0.750,0.750,0.750,0.700,0.700,0.700,0.750,0.750,0.750,924,2
0.700,0.700,0.700,0.700,0.700,0.700,0.690,0.690,0.690,0.700,0.700,0.700,742,2
0.650,0.650,0.650,0.700,0.700,0.700,0.750,0.750,0.750,0.700,0.700,0.700,803,1
0.750,0.750,0.750,0.700,0.700,0.700,0.650,0.650,0.650,0.700,0.700,0.700,353,2
0.700,0.700,0.700,0.700,0.700,0.700,0.700,0.700,0.700,0.730,0.730,0.730,581,2
0.700,0.700,0.700,0.650,0.650,0.650,0.700,0.700,0.700,0.660,0.660,0.660,893,1
0.700,0.700,0.700,0.650,0.650,0.650,0.700,0.700,0.700,0.710,0.710,0.710,799,2
0.700,0.700,0.700,0.700,0.700,0.700,0.660,0.660,0.660,0.700,0.700,0.700,607,2
0.650,0.650,0.650,0.700,0.700,0.700,0.750,0.750,0.750,0.700,0.700,0.700,209,1
0.700,0.700,0.700,0.700,0.700,0.700,0.680,0.680,0.680,0.700,0.700,0.700,411,2
0.700,0.700,0.700,0.700,0.700,0.700,0.720,0.720,0.720,0.700,0.700,0.700,811,1
0.700,0.700,0.700,0.650,0.650,0.650,0.700,0.700,0.700,0.650,0.650,0.650,826,1
0.650,0.650,0.650,0.700,0.700,0.700,0.700,0.700,0.700,0.700,0.700,0.700,765,1
0.650,0.650,0.650,0.700,0.700,0.700,0.710,0.710,0.710,0.700,0.700,0.700,766,1
0.650,0.650,0.650,0.700,0.700,0.700,0.680,0.680,0.680,0.700,0.700,0.700,829,2
0.700,0.700,0.700,0.700,0.700,0.700,0.700,0.700,0.700,0.660,0.660,0.660,673,1
0.700,0.700,0.700,0.750,0.750,0.750,0.700,0.700,0.700,0.660,0.660,0.660,717,1
0.700,0.700,0.700,0.650,0.650,0.650,0.700,0.700,0.700,0.670,0.670,0.670,630,1
0.650,0.650,0.650,0.700,0.700,0.700,0.650,0.650,0.650,0.700,0.700,0.700,331,2
0.650,0.650,0.650,0.700,0.700,0.700,0.720,0.720,0.720,0.700,0.700,0.700,305,1
0.700,0.700,0.700,0.700,0.700,0.700,0.750,0.750,0.750,0.700,0.700,0.700,220,1
0.700,0.700,0.700,0.750,0.750,0.750,0.700,0.700,0.700,0.730,0.730,0.730,691,2
0.650,0.650,0.650,0.700,0.700,0.700,0.650,0.650,0.650,0.700,0.700,0.700,925,2
0.700,0.700,0.700,0.650,0.650,0.650,0.700,0.700,0.700,0.680,0.680,0.680,136,1
0.700,0.700,0.700,0.700,0.700,0.700,0.700,0.700,0.700,0.740,0.740,0.740,483,2
0.700,0.700,0.700,0.650,0.650,0.650,0.700,0.700,0.700,0.650,0.650,0.650,463,1
0.700,0.700,0.700,0.750,0.750,0.750,0.700,0.700,0.700,0.650,0.650,0.650,419,1
0.650,0.650,0.650,0.700,0.700,0.700,0.740,0.740,0.740,0.700,0.700,0.700,109,1
0.700,0.700,0.700,0.750,0.750,0.750,0.700,0.700,0.700,0.750,0.750,0.750,726,2
0.700,0.700,0.700,0.700,0.700,0.700,0.740,0.740,0.740,0.700,0.700,0.700,21,1
0.700,0.700,0.700,0.700,0.700,0.700,0.700,0.700,0.700,0.710,0.710,0.710,942,2
0.700,0.700,0.700,0.750,0.750,0.750,0.700,0.700,0.700,0.730,0.730,0.730,31,2
0.650,0.650,0.650,0.700,0.700,0.700,0.700,0.700,0.700,0.700,0.700,0.700,501,1
0.750,0.750,0.750,0.700,0.700,0.700,0.670,0.670,0.670,0.700,0.700,0.700,751,2
0.700,0.700,0.700,0.700,0.700,0.700,0.700,0.700,0.700,0.740,0.740,0.740,285,2
0.750,0.750,0.750,0.700,0.700,0.700,0.740,0.740,0.740,0.700,0.700,0.700,329,1
0.700,0.700,0.700,0.700,0.700,0.700,0.700,0.700,0.700,0.660,0.660,0.660,145,1
0.700,0.700,0.700,0.650,0.650,0.650,0.700,0.700,0.700,0.710,0.710,0.710,172,2
0.700,0.700,0.700,0.700,0.700,0.700,0.700,0.700,0.700,0.720,0.720,0.720,613,2
0.750,0.750,0.750,0.700,0.700,0.700,0.710,0.710,0.710,0.700,0.700,0.700,557,1
0.700,0.700,0.700,0.700,0.700,0.700,0.700,0.700,0.700,0.720,0.720,0.720,580,2
0.750,0.750,0.750,0.700,0.700,0.700,0.670,0.670,0.670,0.700,0.700,0.700,652,2
0.700,0.700,0.700,0.650,0.650,0.650,0.700,0.700,0.700,0.720,0.720,0.720,239,2
0.700,0.700,0.700,0.750,0.750,0.750,0.700,0.700,0.700,0.720,0.720,0.720,327,2
0.700,0.700,0.700,0.700,0.700,0.700,0.700,0.700,0.700,0.660,0.660,0.660,13,1
0.700,0.700,0.700,0.700,0.700,0.700,0.680,0.680,0.680,0.700,0.700,0.700,477,2
0.650,0.650,0.650,0.700,0.700,0.700,0.740,0.740,0.740,0.700,0.700,0.700,43,1
0.700,0.700,0.700,0.700,0.700,0.700,0.700,0.700,0.700,0.690,0.690,0.690,973,1
0.700,0.700,0.700,0.700,0.700,0.700,0.700,0.700,0.700,0.650,0.650,0.650,210,1
0.750,0.750,0.750,0.700,0.700,0.700,0.660,0.660,0.660,0.700,0.700,0.700,288,2
0.700,0.700,0.700,0.700,0.700,0.700,0.650,0.650,0.650,0.700,0.700,0.700,45,2
0.700,0.700,0.700,0.750,0.750,0.750,0.700,0.700,0.700,0.710,0.710,0.710,722,2
0.700,0.700,0.700,0.650,0.650,0.650,0.700,0.700,0.700,0.650,0.650,0.650,661,1
0.700,0.700,0.700,0.650,0.650,0.650,0.700,0.700,0.700,0.680,0.680,0.680,961,1
0.700,0.700,0.700,0.750,0.750,0.750,0.700,0.700,0.700,0.710,0.710,0.710,29,2
0.650,0.650,0.650,0.700,0.700,0.700,0.700,0.700,0.700,0.700,0.700,0.700,699,1
0.650,0.650,0.650,0.700,0.700,0.700,0.700,0.700,0.700,0.700,0.700,0.700,270,1
0.700,0.700,0.700,0.750,0.750,0.750,0.700,0.700,0.700,0.690,0.690,0.690,456,1
0.700,0.700,0.700,0.650,0.650,0.650,0.700,0.700,0.700,0.690,0.690,0.690,467,1
0.650,0.650,0.650,0.700,0.700,0.700,0.680,0.680,0.680,0.700,0.700,0.700,202,2
0.650,0.650,0.650,0.700,0.700,0.700,0.660,0.660,0.660,0.700,0.700,0.700,563,2
0.650,0.650,0.650,0.700,0.700,0.700,0.680,0.680,0.680,0.700,0.700,0.700,466,2
0.700,0.700,0.700,0.700,0.700,0.700,0.700,0.700,0.700,0.700,0.700,0.700,149,1
0.700,0.700,0.700,0.650,0.650,0.650,0.700,0.700,0.700,0.710,0.710,0.710,568,2
0.700,0.700,0.700,0.700,0.700,0.700,0.700,0.700,0.700,0.660,0.660,0.660,904,1
0.700,0.700,0.700,0.650,0.650,0.650,0.700,0.700,0.700,0.660,0.660,0.660,959,1
0.650,0.650,0.650,0.700,0.700,0.700,0.670,0.670,0.670,0.700,0.700,0.700,498,2
0.700,0.700,0.700,0.750,0.750,0.750,0.700,0.700,0.700,0.680,0.680,0.680,587,1
0.750,0.750,0.750,0.700,0.700,0.700,0.700,0.700,0.700,0.700,0.700,0.700,193,1
0.700,0.700,0.700,0.700,0.700,0.700,0.700,0.700,0.700,0.720,0.720,0.720,184,2
0.700,0.700,0.700,0.700,0.700,0.700,0.750,0.750,0.750,0.700,0.700,0.700,550,1
0.700,0.700,0.700,0.700,0.700,0.700,0.700,0.700,0.700,0.700,0.700,0.700,875,2
0.750,0.750,0.750,0.700,0.700,0.700,0.710,0.710,0.710,0.700,0.700,0.700,986,1
0.700,0.700,0.700,0.750,0.750,0.750,0.700,0.700,0.700,0.710,0.710,0.710,788,2
0.700,0.700,0.700,0.750,0.750,0.750,0.700,0.700,0.700,0.710,0.710,0.710,95,2
0.750,0.750,0.750,0.700,0.700,0.700,0.750,0.750,0.750,0.700,0.700,0.700,396,1
0.700,0.700,0.700,0.700,0.700,0.700,0.700,0.700,0.700,0.710,0.710,0.710,183,2
0.700,0.700,0.700,0.650,0.650,0.650,0.700,0.700,0.700,0.750,0.750,0.750,539,2
0.700,0.700,0.700,0.750,0.750,0.750,0.700,0.700,0.700,0.650,0.650,0.650,848,1
0.700,0.700,0.700,0.700,0.700,0.700,0.700,0.700,0.700,0.670,0.670,0.670,509,1
0.700,0.700,0.700,0.700,0.700,0.700,0.700,0.700,0.700,0.680,0.680,0.680,279,1
0.700,0.700,0.700,0.700,0.700,0.700,0.660,0.660,0.660,0.700,0.700,0.700,508,2
0.700,0.700,0.700,0.700,0.700,0.700,0.660,0.660,0.660,0.700,0.700,0.700,376,2
0.700,0.700,0.700,0.700,0.700,0.700,0.700,0.700,0.700,0.680,0.680,0.680,873,1
0.750,0.750,0.750,0.700,0.700,0.700,0.690,0.690,0.690,0.700,0.700,0.700,621,2
0.700,0.700,0.700,0.700,0.700,0.700,0.700,0.700,0.700,0.680,0.680,0.680,15,1
0.700,0.700,0.700,0.700,0.700,0.700,0.700,0.700,0.700,0.660,0.660,0.660,871,1
0.650,0.650,0.650,0.700,0.700,0.700,0.720,0.720,0.720,0.700,0.700,0.700,338,1
0.700,0.700,0.700,0.700,0.700,0.700,0.730,0.730,0.730,0.700,0.700,0.700,383,1
0.750,0.750,0.750,0.700,0.700,0.700,0.710,0.710,0.710,0.700,0.700,0.700,62,1
0.700,0.700,0.700,0.700,0.700,0.700,0.700,0.700,0.700,0.660,0.660,0.660,541,1
0.700,0.700,0.700,0.650,0.650,0.650,0.700,0.700,0.700,0.740,0.740,0.740,241,2
0.700,0.700,0.700,0.700,0.700,0.700,0.670,0.670,0.670,0.700,0.700,0.700,245,2
0.700,0.700,0.700,0.700,0.700,0.700,0.700,0.700,0.700,0.670,0.670,0.670,47,1
0.700,0.700,0.700,0.650,0.650,0.650,0.700,0.700,0.700,0.740,0.740,0.740,307,2
0.750,0.750,0.750,0.700,0.700,0.700,0.690,0.690,0.690,0.700,0.700,0.700,390,2
0.750,0.750,0.750,0.700,0.700,0.700,0.740,0.740,0.740,0.700,0.700,0.700,32,1
0.700,0.700,0.700,0.700,0.700,0.700,0.700,0.700,0.700,0.690,0.690,0.690,16,1
0.700,0.700,0.700,0.700,0.700,0.700,0.700,0.700,0.700,0.700,0.700,0.700,116,2
0.700,0.700,0.700,0.650,0.650,0.650,0.700,0.700,0.700,0.720,0.720,0.720,536,2
0.750,0.750,0.750,0.700,0.700,0.700,0.720,0.720,0.720,0.700,0.700,0.700,591,1
0.700,0.700,0.700,0.700,0.700,0.700,0.700,0.700,0.700,0.750,0.750,0.750,286,2
0.650,0.650,0.650,0.700,0.700,0.700,0.700,0.700,0.700,0.700,0.700,0.700,39,1
0.650,0.650,0.650,0.700,0.700,0.700,0.680,0.680,0.680,0.700,0.700,0.700,664,2
0.700,0.700,0.700,0.750,0.750,0.750,0.700,0.700,0.700,0.700,0.700,0.700,721,2
0.700,0.700,0.700,0.650,0.650,0.650,0.700,0.700,0.700,0.690,0.690,0.690,500,1
0.700,0.700,0.700,0.750,0.750,0.750,0.700,0.700,0.700,0.660,0.660,0.660,981,1
0.700,0.700,0.700,0.700,0.700,0.700,0.730,0.730,0.730,0.700,0.700,0.700,152,1
0.700,0.700,0.700,0.700,0.700,0.700,0.650,0.650,0.650,0.700,0.700,0.700,507,2
0.750,0.750,0.750,0.700,0.700,0.700,0.740,0.740,0.740,0.700,0.700,0.700,98,1
0.700,0.700,0.700,0.750,0.750,0.750,0.700,0.700,0.700,0.720,0.720,0.720,657,2
0.700,0.700,0.700,0.700,0.700,0.700,0.720,0.720,0.720,0.700,0.700,0.700,778,1
0.750,0.750,0.750,0.700,0.700,0.700,0.670,0.670,0.670,0.700,0.700,0.700,190,2
0.700,0.700,0.700,0.650,0.650,0.650,0.700,0.700,0.700,0.670,0.670,0.670,432,1
0.700,0.700,0.700,0.650,0.650,0.650,0.700,0.700,0.700,0.690,0.690,0.690,731,1
0.650,0.650,0.650,0.700,0.700,0.700,0.750,0.750,0.750,0.700,0.700,0.700,374,1
0.650,0.650,0.650,0.700,0.700,0.700,0.670,0.670,0.670,0.700,0.700,0.700,795,2
0.650,0.650,0.650,0.700,0.700,0.700,0.670,0.670,0.670,0.700,0.700,0.700,267,2
0.700,0.700,0.700,0.700,0.700,0.700,0.680,0.680,0.680,0.700,0.700,0.700,609,2
0.700,0.700,0.700,0.700,0.700,0.700,0.700,0.700,0.700,0.710,0.710,0.710,777,2
0.650,0.650,0.650,0.700,0.700,0.700,0.670,0.670,0.670,0.700,0.700,0.700,564,2
0.700,0.700,0.700,0.650,0.650,0.650,0.700,0.700,0.700,0.720,0.720,0.720,404,2
0.700,0.700,0.700,0.700,0.700,0.700,0.690,0.690,0.690,0.700,0.700,0.700,577,2
0.700,0.700,0.700,0.700,0.700,0.700,0.750,0.750,0.750,0.700,0.700,0.700,319,1
0.700,0.700,0.700,0.700,0.700,0.700,0.750,0.750,0.750,0.700,0.700,0.700,88,1
0.650,0.650,0.650,0.700,0.700,0.700,0.670,0.670,0.670,0.700,0.700,0.700,663,2
0.700,0.700,0.700,0.700,0.700,0.700,0.700,0.700,0.700,0.740,0.740,0.740,186,2
0.700,0.700,0.700,0.700,0.700,0.700,0.700,0.700,0.700,0.750,0.750,0.750,913,2
0.700,0.700,0.700,0.700,0.700,0.700,0.700,0.700,0.700,0.700,0.700,0.700,380,2
0.700,0.700,0.700,0.700,0.700,0.700,0.700,0.700,0.700,0.720,0.720,0.720,382,2
0.700,0.700,0.700,0.700,0.700,0.700,0.700,0.700,0.700,0.710,0.710,0.710,612,2
0.650,0.650,0.650,0.700,0.700,0.700,0.700,0.700,0.700,0.700,0.700,0.700,897,1
0.700,0.700,0.700,0.700,0.700,0.700,0.700,0.700,0.700,0.720,0.720,0.720,910,2
0.700,0.700,0.700,0.700,0.700,0.700,0.750,0.750,0.750,0.700,0.700,0.700,880,1
0.700,0.700,0.700,0.700,0.700,0.700,0.650,0.650,0.650,0.700,0.700,0.700,738,2
0.750,0.750,0.750,0.700,0.700,0.700,0.670,0.670,0.670,0.700,0.700,0.700,454,2
0.700,0.700,0.700,0.700,0.700,0.700,0.740,0.740,0.740,0.700,0.700,0.700,252,1
0.650,0.650,0.650,0.700,0.700,0.700,0.670,0.670,0.670,0.700,0.700,0.700,894,2
0.700,0.700,0.700,0.700,0.700,0.700,0.670,0.670,0.670,0.700,0.700,0.700,575,2
0.700,0.700,0.700,0.700,0.700,0.700,0.700,0.700,0.700,0.700,0.700,0.700,281,2
0.700,0.700,0.700,0.650,0.650,0.650,0.700,0.700,0.700,0.750,0.750,0.750,44,2
0.700,0.700,0.700,0.700,0.700,0.700,0.700,0.700,0.700,0.740,0.740,0.740,813,2
0.700,0.700,0.700,0.650,0.650,0.650,0.700,0.700,0.700,0.720,0.720,0.720,206,2
0.650,0.650,0.650,0.700,0.700,0.700,0.700,0.700,0.700,0.700,0.700,0.700,72,1
0.700,0.700,0.700,0.750,0.750,0.750,0.700,0.700,0.700,0.670,0.670,0.670,223,1
