0.300,0.300,0.300,0.300,0.300,0.300,0.350,0.350,0.350,0.300,0.300,0.300,319,1
0.250,0.250,0.250,0.300,0.300,0.300,0.330,0.330,0.330,0.300,0.300,0.300,801,1
0.300,0.300,0.300,0.350,0.350,0.350,0.300,0.300,0.300,0.290,0.290,0.290,786,1
0.300,0.300,0.300,0.300,0.300,0.300,0.300,0.300,0.300,0.310,0.310,0.310,18,2
0.300,0.300,0.300,0.350,0.350,0.350,0.300,0.300,0.300,0.340,0.340,0.340,65,2
0.300,0.300,0.300,0.300,0.300,0.300,0.280,0.280,0.280,0.300,0.300,0.300,411,2
0.300,0.300,0.300,0.350,0.350,0.350,0.300,0.300,0.300,0.330,0.330,0.330,196,2
0.300,0.300,0.300,0.350,0.350,0.350,0.300,0.300,0.300,0.280,0.280,0.280,983,1
0.300,0.300,0.300,0.300,0.300,0.300,0.300,0.300,0.300,0.270,0.270,0.270,740,1
0.250,0.250,0.250,0.300,0.300,0.300,0.250,0.250,0.250,0.300,0.300,0.300,67,2
0.300,0.300,0.300,0.250,0.250,0.250,0.300,0.300,0.300,0.250,0.250,0.250,1,1
0.300,0.300,0.300,0.250,0.250,0.250,0.300,0.300,0.300,0.290,0.290,0.290,71,1
0.350,0.350,0.350,0.300,0.300,0.300,0.340,0.340,0.340,0.300,0.300,0.300,725,1
0.300,0.300,0.300,0.350,0.350,0.350,0.300,0.300,0.300,0.330,0.330,0.330,64,2
0.350,0.350,0.350,0.300,0.300,0.300,0.270,0.270,0.270,0.300,0.300,0.300,157,2
0.350,0.350,0.350,0.300,0.300,0.300,0.250,0.250,0.250,0.300,0.300,0.300,452,2
0.350,0.350,0.350,0.300,0.300,0.300,0.330,0.330,0.330,0.300,0.300,0.300,328,1
0.300,0.300,0.300,0.300,0.300,0.300,0.250,0.250,0.250,0.300,0.300,0.300,276,2
0.300,0.300,0.300,0.350,0.350,0.350,0.300,0.300,0.300,0.350,0.350,0.350,825,2
0.300,0.300,0.300,0.250,0.250,0.250,0.300,0.300,0.300,0.340,0.340,0.340,175,2
0.300,0.300,0.300,0.300,0.300,0.300,0.300,0.300,0.300,0.260,0.260,0.260,442,1
0.300,0.300,0.300,0.300,0.300,0.300,0.340,0.340,0.340,0.300,0.300,0.300,615,1
0.300,0.300,0.300,0.250,0.250,0.250,0.300,0.300,0.300,0.280,0.280,0.280,136,1
0.300,0.300,0.300,0.250,0.250,0.250,0.300,0.300,0.300,0.330,0.330,0.330,504,2
0.250,0.250,0.250,0.300,0.300,0.300,0.290,0.290,0.290,0.300,0.300,0.300,5,2
0.300,0.300,0.300,0.350,0.350,0.350,0.300,0.300,0.300,0.270,0.270,0.270,718,1
0.300,0.300,0.300,0.300,0.300,0.300,0.320,0.320,0.320,0.300,0.300,0.300,811,1
0.300,0.300,0.300,0.350,0.350,0.350,0.300,0.300,0.300,0.290,0.290,0.290,93,1
0.300,0.300,0.300,0.300,0.300,0.300,0.300,0.300,0.300,0.250,0.250,0.250,177,1
0.300,0.300,0.300,0.300,0.300,0.300,0.300,0.300,0.300,0.320,0.320,0.320,943,2
0.300,0.300,0.300,0.250,0.250,0.250,0.300,0.300,0.300,0.260,0.260,0.260,464,1
0.300,0.300,0.300,0.300,0.300,0.300,0.300,0.300,0.300,0.330,0.330,0.330,911,2
0.300,0.300,0.300,0.300,0.300,0.300,0.340,0.340,0.340,0.300,0.300,0.300,252,1
0.300,0.300,0.300,0.300,0.300,0.300,0.300,0.300,0.300,0.290,0.290,0.290,874,1
0.300,0.300,0.300,0.350,0.350,0.350,0.300,0.300,0.300,0.270,0.270,0.270,817,1
0.300,0.300,0.300,0.250,0.250,0.250,0.300,0.300,0.300,0.270,0.270,0.270,894,1
0.300,0.300,0.300,0.250,0.250,0.250,0.300,0.300,0.300,0.310,0.310,0.310,667,2
0.300,0.300,0.300,0.300,0.300,0.300,0.250,0.250,0.250,0.300,0.300,0.300,540,2
0.300,0.300,0.300,0.300,0.300,0.300,0.300,0.300,0.300,0.270,0.270,0.270,542,1
0.300,0.300,0.300,0.300,0.300,0.300,0.300,0.300,0.300,0.310,0.310,0.310,381,2
0.300,0.300,0.300,0.350,0.350,0.350,0.300,0.300,0.300,0.280,0.280,0.280,884,1
0.250,0.250,0.250,0.300,0.300,0.300,0.350,0.350,0.350,0.300,0.300,0.300,737,1
0.350,0.350,0.350,0.300,0.300,0.300,0.340,0.340,0.340,0.300,0.300,0.300,428,1
0.300,0.300,0.300,0.350,0.350,0.350,0.300,0.300,0.300,0.250,0.250,0.250,815,1
0.350,0.350,0.350,0.300,0.300,0.300,0.270,0.270,0.270,0.300,0.300,0.300,355,2
0.300,0.300,0.300,0.350,0.350,0.350,0.300,0.300,0.300,0.310,0.310,0.310,887,2
0.350,0.350,0.350,0.300,0.300,0.300,0.320,0.320,0.320,0.300,0.300,0.300,195,1
0.300,0.300,0.300,0.250,0.250,0.250,0.300,0.300,0.300,0.330,0.330,0.330,9,2
0.300,0.300,0.300,0.350,0.350,0.350,0.300,0.300,0.300,0.310,0.310,0.310,920,2
0.250,0.250,0.250,0.300,0.300,0.300,0.270,0.270,0.270,0.300,0.300,0.300,465,2
0.300,0.300,0.300,0.300,0.300,0.300,0.300,0.300,0.300,0.260,0.260,0.260,739,1
0.300,0.300,0.300,0.300,0.300,0.300,0.300,0.300,0.300,0.300,0.300,0.300,50,1
0.250,0.250,0.250,0.300,0.300,0.300,0.330,0.330,0.330,0.300,0.300,0.300,174,1
0.300,0.300,0.300,0.300,0.300,0.300,0.300,0.300,0.300,0.330,0.330,0.330,581,2
0.300,0.300,0.300,0.350,0.350,0.350,0.300,0.300,0.300,0.340,0.340,0.340,329,2
0.250,0.250,0.250,0.300,0.300,0.300,0.350,0.350,0.350,0.300,0.300,0.300,638,1
0.250,0.250,0.250,0.300,0.300,0.300,0.270,0.270,0.270,0.300,0.300,0.300,201,2
0.300,0.300,0.300,0.350,0.350,0.350,0.300,0.300,0.300,0.280,0.280,0.280,422,1
0.300,0.300,0.300,0.300,0.300,0.300,0.300,0.300,0.300,0.340,0.340,0.340,648,2
0.250,0.250,0.250,0.300,0.300,0.300,0.350,0.350,0.350,0.300,0.300,0.300,440,1
0.300,0.300,0.300,0.250,0.250,0.250,0.300,0.300,0.300,0.340,0.340,0.340,241,2
0.250,0.250,0.250,0.300,0.300,0.300,0.290,0.290,0.290,0.300,0.300,0.300,632,2
0.300,0.300,0.300,0.300,0.300,0.300,0.350,0.350,0.350,0.300,0.300,0.300,484,1
0.300,0.300,0.300,0.300,0.300,0.300,0.340,0.340,0.340,0.300,0.300,0.300,318,1
0.300,0.300,0.300,0.250,0.250,0.250,0.300,0.300,0.300,0.320,0.320,0.320,305,2
0.250,0.250,0.250,0.300,0.300,0.300,0.290,0.290,0.290,0.300,0.300,0.300,896,2
0.350,0.350,0.350,0.300,0.300,0.300,0.340,0.340,0.340,0.300,0.300,0.300,989,1
0.300,0.300,0.300,0.350,0.350,0.350,0.300,0.300,0.300,0.280,0.280,0.280,26,1
0.300,0.300,0.300,0.350,0.350,0.350,0.300,0.300,0.300,0.320,0.320,0.320,525,2
0.300,0.300,0.300,0.250,0.250,0.250,0.300,0.300,0.300,0.310,0.310,0.310,7,2
0.300,0.300,0.300,0.300,0.300,0.300,0.300,0.300,0.300,0.320,0.320,0.320,910,2
0.350,0.350,0.350,0.300,0.300,0.300,0.290,0.290,0.290,0.300,0.300,0.300,324,2
0.300,0.300,0.300,0.300,0.300,0.300,0.300,0.300,0.300,0.330,0.330,0.330,515,2
0.350,0.350,0.350,0.300,0.300,0.300,0.310,0.310,0.310,0.300,0.300,0.300,557,1
0.300,0.300,0.300,0.250,0.250,0.250,0.300,0.300,0.300,0.320,0.320,0.320,404,2
0.300,0.300,0.300,0.250,0.250,0.250,0.300,0.300,0.300,0.340,0.340,0.340,340,2
0.350,0.350,0.350,0.300,0.300,0.300,0.290,0.290,0.290,0.300,0.300,0.300,357,2
0.300,0.300,0.300,0.300,0.300,0.300,0.300,0.300,0.300,0.250,0.250,0.250,870,1
0.300,0.300,0.300,0.250,0.250,0.250,0.300,0.300,0.300,0.250,0.250,0.250,628,1
0.250,0.250,0.250,0.300,0.300,0.300,0.260,0.260,0.260,0.300,0.300,0.300,431,2
0.300,0.300,0.300,0.300,0.300,0.300,0.340,0.340,0.340,0.300,0.300,0.300,54,1
0.350,0.350,0.350,0.300,0.300,0.300,0.290,0.290,0.290,0.300,0.300,0.300,225,2
0.300,0.300,0.300,0.300,0.300,0.300,0.260,0.260,0.260,0.300,0.300,0.300,805,2
0.250,0.250,0.250,0.300,0.300,0.300,0.310,0.310,0.310,0.300,0.300,0.300,73,1
0.300,0.300,0.300,0.250,0.250,0.250,0.300,0.300,0.300,0.270,0.270,0.270,69,1
0.350,0.350,0.350,0.300,0.300,0.300,0.350,0.350,0.350,0.300,0.300,0.300,528,1
0.300,0.300,0.300,0.250,0.250,0.250,0.300,0.300,0.300,0.350,0.350,0.350,704,2
0.300,0.300,0.300,0.300,0.300,0.300,0.320,0.320,0.320,0.300,0.300,0.300,679,1
0.350,0.350,0.350,0.300,0.300,0.300,0.290,0.290,0.290,0.300,0.300,0.300,159,2
0.300,0.300,0.300,0.300,0.300,0.300,0.320,0.320,0.320,0.300,0.300,0.300,283,1
0.300,0.300,0.300,0.300,0.300,0.300,0.300,0.300,0.300,0.330,0.330,0.330,845,2
0.300,0.300,0.300,0.350,0.350,0.350,0.300,0.300,0.300,0.340,0.340,0.340,230,2
0.350,0.350,0.350,0.300,0.300,0.300,0.320,0.320,0.320,0.300,0.300,0.300,789,1
0.300,0.300,0.300,0.300,0.300,0.300,0.300,0.300,0.300,0.290,0.290,0.290,280,1
0.300,0.300,0.300,0.350,0.350,0.350,0.300,0.300,0.300,0.280,0.280,0.280,92,1
0.300,0.300,0.300,0.300,0.300,0.300,0.270,0.270,0.270,0.300,0.300,0.300,245,2
0.300,0.300,0.300,0.300,0.300,0.300,0.320,0.320,0.320,0.300,0.300,0.300,52,1
0.300,0.300,0.300,0.300,0.300,0.300,0.300,0.300,0.300,0.300,0.300,0.300,611,2
0.300,0.300,0.300,0.250,0.250,0.250,0.300,0.300,0.300,0.270,0.270,0.270,102,1
0.300,0.300,0.300,0.350,0.350,0.350,0.300,0.300,0.300,0.290,0.290,0.290,852,1
0.350,0.350,0.350,0.300,0.300,0.300,0.300,0.300,0.300,0.300,0.300,0.300,94,1
0.300,0.300,0.300,0.250,0.250,0.250,0.300,0.300,0.300,0.340,0.340,0.340,868,2
0.250,0.250,0.250,0.300,0.300,0.300,0.250,0.250,0.250,0.300,0.300,0.300,331,2
0.300,0.300,0.300,0.300,0.300,0.300,0.320,0.320,0.320,0.300,0.300,0.300,580,1
0.300,0.300,0.300,0.300,0.300,0.300,0.270,0.270,0.270,0.300,0.300,0.300,575,2
0.300,0.300,0.300,0.250,0.250,0.250,0.300,0.300,0.300,0.250,0.250,0.250,364,1
0.350,0.350,0.350,0.300,0.300,0.300,0.280,0.280,0.280,0.300,0.300,0.300,356,2
0.300,0.300,0.300,0.300,0.300,0.300,0.310,0.310,0.310,0.300,0.300,0.300,777,1
0.300,0.300,0.300,0.350,0.350,0.350,0.300,0.300,0.300,0.290,0.290,0.290,984,1
0.350,0.350,0.350,0.300,0.300,0.300,0.290,0.290,0.290,0.300,0.300,0.300,588,2
0.300,0.300,0.300,0.350,0.350,0.350,0.300,0.300,0.300,0.290,0.290,0.290,258,1
0.250,0.250,0.250,0.300,0.300,0.300,0.260,0.260,0.260,0.300,0.300,0.300,761,2
0.350,0.350,0.350,0.300,0.300,0.300,0.290,0.290,0.290,0.300,0.300,0.300,753,2
0.300,0.300,0.300,0.250,0.250,0.250,0.300,0.300,0.300,0.310,0.310,0.310,601,2
0.300,0.300,0.300,0.350,0.350,0.350,0.300,0.300,0.300,0.330,0.330,0.330,889,2
0.300,0.300,0.300,0.350,0.350,0.350,0.300,0.300,0.300,0.260,0.260,0.260,552,1
0.300,0.300,0.300,0.300,0.300,0.300,0.300,0.300,0.300,0.320,0.320,0.320,547,2
0.300,0.300,0.300,0.350,0.350,0.350,0.300,0.300,0.300,0.260,0.260,0.260,651,1
0.300,0.300,0.300,0.300,0.300,0.300,0.300,0.300,0.300,0.310,0.310,0.310,579,2
0.300,0.300,0.300,0.300,0.300,0.300,0.260,0.260,0.260,0.300,0.300,0.300,772,2
0.300,0.300,0.300,0.300,0.300,0.300,0.290,0.290,0.290,0.300,0.300,0.300,181,2
0.300,0.300,0.300,0.250,0.250,0.250,0.300,0.300,0.300,0.340,0.340,0.340,802,2
0.250,0.250,0.250,0.300,0.300,0.300,0.290,0.290,0.290,0.300,0.300,0.300,731,2
0.350,0.350,0.350,0.300,0.300,0.300,0.310,0.310,0.310,0.300,0.300,0.300,590,1
0.300,0.300,0.300,0.250,0.250,0.250,0.300,0.300,0.300,0.270,0.270,0.270,333,1
0.300,0.300,0.300,0.250,0.250,0.250,0.300,0.300,0.300,0.310,0.310,0.310,766,2
0.250,0.250,0.250,0.300,0.300,0.300,0.300,0.300,0.300,0.300,0.300,0.300,963,1
0.300,0.300,0.300,0.300,0.300,0.300,0.300,0.300,0.300,0.290,0.290,0.290,940,1
0.300,0.300,0.300,0.300,0.300,0.300,0.310,0.310,0.310,0.300,0.300,0.300,282,1
0.300,0.300,0.300,0.300,0.300,0.300,0.300,0.300,0.300,0.310,0.310,0.310,843,2
0.300,0.300,0.300,0.350,0.350,0.350,0.300,0.300,0.300,0.270,0.270,0.270,487,1
0.300,0.300,0.300,0.300,0.300,0.300,0.300,0.300,0.300,0.250,0.250,0.250,837,1
0.250,0.250,0.250,0.300,0.300,0.300,0.310,0.310,0.310,0.300,0.300,0.300,337,1
0.300,0.300,0.300,0.350,0.350,0.350,0.300,0.300,0.300,0.310,0.310,0.310,161,2
0.300,0.300,0.300,0.350,0.350,0.350,0.300,0.300,0.300,0.250,0.250,0.250,23,1
0.250,0.250,0.250,0.300,0.300,0.300,0.300,0.300,0.300,0.300,0.300,0.300,138,1
0.350,0.350,0.350,0.300,0.300,0.300,0.280,0.280,0.280,0.300,0.300,0.300,290,2
0.300,0.300,0.300,0.350,0.350,0.350,0.300,0.300,0.300,0.330,0.330,0.330,922,2
0.300,0.300,0.300,0.250,0.250,0.250,0.300,0.300,0.300,0.290,0.290,0.290,467,1
0.250,0.250,0.250,0.300,0.300,0.300,0.270,0.270,0.270,0.300,0.300,0.300,564,2
0.250,0.250,0.250,0.300,0.300,0.300,0.270,0.270,0.270,0.300,0.300,0.300,267,2
0.300,0.300,0.300,0.250,0.250,0.250,0.300,0.300,0.300,0.270,0.270,0.270,135,1
0.250,0.250,0.250,0.300,0.300,0.300,0.250,0.250,0.250,0.300,0.300,0.300,892,2
0.300,0.300,0.300,0.300,0.300,0.300,0.300,0.300,0.300,0.330,0.330,0.330,350,2
0.300,0.300,0.300,0.300,0.300,0.300,0.300,0.300,0.300,0.270,0.270,0.270,806,1
0.350,0.350,0.350,0.300,0.300,0.300,0.310,0.310,0.310,0.300,0.300,0.300,194,1
0.300,0.300,0.300,0.300,0.300,0.300,0.290,0.290,0.290,0.300,0.300,0.300,148,2
0.300,0.300,0.300,0.350,0.350,0.350,0.300,0.300,0.300,0.250,0.250,0.250,749,1
0.300,0.300,0.300,0.300,0.300,0.300,0.310,0.310,0.310,0.300,0.300,0.300,546,1
0.300,0.300,0.300,0.350,0.350,0.350,0.300,0.300,0.300,0.300,0.300,0.300,655,2
0.300,0.300,0.300,0.350,0.350,0.350,0.300,0.300,0.300,0.250,0.250,0.250,617,1
0.350,0.350,0.350,0.300,0.300,0.300,0.280,0.280,0.280,0.300,0.300,0.300,521,2
0.300,0.300,0.300,0.300,0.300,0.300,0.300,0.300,0.300,0.340,0.340,0.340,813,2
0.300,0.300,0.300,0.350,0.350,0.350,0.300,0.300,0.300,0.320,0.320,0.320,63,2
0.300,0.300,0.300,0.350,0.350,0.350,0.300,0.300,0.300,0.340,0.340,0.340,956,2
0.350,0.350,0.350,0.300,0.300,0.300,0.300,0.300,0.300,0.300,0.300,0.300,391,1
0.250,0.250,0.250,0.300,0.300,0.300,0.280,0.280,0.280,0.300,0.300,0.300,928,2
0.300,0.300,0.300,0.350,0.350,0.350,0.300,0.300,0.300,0.250,0.250,0.250,89,1
0.300,0.300,0.300,0.300,0.300,0.300,0.300,0.300,0.300,0.350,0.350,0.350,385,2
0.350,0.350,0.350,0.300,0.300,0.300,0.340,0.340,0.340,0.300,0.300,0.300,692,1
0.300,0.300,0.300,0.300,0.300,0.300,0.330,0.330,0.330,0.300,0.300,0.300,251,1
0.350,0.350,0.350,0.300,0.300,0.300,0.320,0.320,0.320,0.300,0.300,0.300,690,1
0.250,0.250,0.250,0.300,0.300,0.300,0.270,0.270,0.270,0.300,0.300,0.300,762,2
0.300,0.300,0.300,0.300,0.300,0.300,0.300,0.300,0.300,0.340,0.340,0.340,714,2
0.300,0.300,0.300,0.300,0.300,0.300,0.270,0.270,0.270,0.300,0.300,0.300,212,2
0.350,0.350,0.350,0.300,0.300,0.300,0.280,0.280,0.280,0.300,0.300,0.300,488,2
0.300,0.300,0.300,0.350,0.350,0.350,0.300,0.300,0.300,0.330,0.330,0.330,856,2
0.300,0.300,0.300,0.300,0.300,0.300,0.300,0.300,0.300,0.350,0.350,0.350,616,2
0.300,0.300,0.300,0.350,0.350,0.350,0.300,0.300,0.300,0.260,0.260,0.260,882,1
0.300,0.300,0.300,0.350,0.350,0.350,0.300,0.300,0.300,0.280,0.280,0.280,785,1
0.350,0.350,0.350,0.300,0.300,0.300,0.260,0.260,0.260,0.300,0.300,0.300,981,2
0.300,0.300,0.300,0.250,0.250,0.250,0.300,0.300,0.300,0.300,0.300,0.300,402,2
0.300,0.300,0.300,0.350,0.350,0.350,0.300,0.300,0.300,0.290,0.290,0.290,819,1
0.300,0.300,0.300,0.300,0.300,0.300,0.300,0.300,0.300,0.260,0.260,0.260,112,1
0.300,0.300,0.300,0.250,0.250,0.250,0.300,0.300,0.300,0.300,0.300,0.300,303,2
0.350,0.350,0.350,0.300,0.300,0.300,0.300,0.300,0.300,0.300,0.300,0.300,589,1
0.250,0.250,0.250,0.300,0.300,0.300,0.320,0.320,0.320,0.300,0.300,0.300,272,1
0.300,0.300,0.300,0.250,0.250,0.250,0.300,0.300,0.300,0.290,0.290,0.290,797,1
0.300,0.300,0.300,0.300,0.300,0.300,0.280,0.280,0.280,0.300,0.300,0.300,576,2
0.300,0.300,0.300,0.250,0.250,0.250,0.300,0.300,0.300,0.310,0.310,0.310,172,2
0.300,0.300,0.300,0.300,0.300,0.300,0.300,0.300,0.300,0.320,0.320,0.320,613,2
0.350,0.350,0.350,0.300,0.300,0.300,0.290,0.290,0.290,0.300,0.300,0.300,522,2
0.300,0.300,0.300,0.300,0.300,0.300,0.330,0.330,0.330,0.300,0.300,0.300,152,1
0.350,0.350,0.350,0.300,0.300,0.300,0.290,0.290,0.290,0.300,0.300,0.300,621,2
0.300,0.300,0.300,0.300,0.300,0.300,0.300,0.300,0.300,0.300,0.300,0.300,380,2
0.300,0.300,0.300,0.300,0.300,0.300,0.250,0.250,0.250,0.300,0.300,0.300,210,2
0.350,0.350,0.350,0.300,0.300,0.300,0.250,0.250,0.250,0.300,0.300,0.300,914,2
0.300,0.300,0.300,0.250,0.250,0.250,0.300,0.300,0.300,0.330,0.330,0.330,900,2
0.300,0.300,0.300,0.300,0.300,0.300,0.320,0.320,0.320,0.300,0.300,0.300,349,1
0.350,0.350,0.350,0.300,0.300,0.300,0.340,0.340,0.340,0.300,0.300,0.300,791,1
0.300,0.300,0.300,0.350,0.350,0.350,0.300,0.300,0.300,0.300,0.300,0.300,424,2
0.300,0.300,0.300,0.300,0.300,0.300,0.300,0.300,0.300,0.340,0.340,0.340,978,2
0.250,0.250,0.250,0.300,0.300,0.300,0.260,0.260,0.260,0.300,0.300,0.300,860,2
0.300,0.300,0.300,0.300,0.300,0.300,0.350,0.350,0.350,0.300,0.300,0.300,352,1
0.300,0.300,0.300,0.350,0.350,0.350,0.300,0.300,0.300,0.260,0.260,0.260,519,1
0.300,0.300,0.300,0.350,0.350,0.350,0.300,0.300,0.300,0.300,0.300,0.300,523,2
0.300,0.300,0.300,0.250,0.250,0.250,0.300,0.300,0.300,0.350,0.350,0.350,143,2
0.300,0.300,0.300,0.350,0.350,0.350,0.300,0.300,0.300,0.350,0.350,0.350,132,2
0.300,0.300,0.300,0.350,0.350,0.350,0.300,0.300,0.300,0.310,0.310,0.310,986,2
0.300,0.300,0.300,0.250,0.250,0.250,0.300,0.300,0.300,0.280,0.280,0.280,829,1
0.250,0.250,0.250,0.300,0.300,0.300,0.270,0.270,0.270,0.300,0.300,0.300,234,2
0.300,0.300,0.300,0.250,0.250,0.250,0.300,0.300,0.300,0.280,0.280,0.280,202,1
0.300,0.300,0.300,0.300,0.300,0.300,0.300,0.300,0.300,0.310,0.310,0.310,975,2
0.300,0.300,0.300,0.350,0.350,0.350,0.300,0.300,0.300,0.340,0.340,0.340,923,2
0.350,0.350,0.350,0.300,0.300,0.300,0.290,0.290,0.290,0.300,0.300,0.300,687,2
0.250,0.250,0.250,0.300,0.300,0.300,0.300,0.300,0.300,0.300,0.300,0.300,270,1
0.300,0.300,0.300,0.300,0.300,0.300,0.300,0.300,0.300,0.270,0.270,0.270,773,1
0.300,0.300,0.300,0.350,0.350,0.350,0.300,0.300,0.300,0.340,0.340,0.340,197,2
0.300,0.300,0.300,0.300,0.300,0.300,0.300,0.300,0.300,0.310,0.310,0.310,447,2
0.300,0.300,0.300,0.300,0.300,0.300,0.260,0.260,0.260,0.300,0.300,0.300,904,2
0.300,0.300,0.300,0.300,0.300,0.300,0.300,0.300,0.300,0.300,0.300,0.300,347,1
0.300,0.300,0.300,0.300,0.300,0.300,0.270,0.270,0.270,0.300,0.300,0.300,410,2
0.350,0.350,0.350,0.300,0.300,0.300,0.320,0.320,0.320,0.300,0.300,0.300,855,1
0.300,0.300,0.300,0.300,0.300,0.300,0.280,0.280,0.280,0.300,0.300,0.300,279,2
0.300,0.300,0.300,0.250,0.250,0.250,0.300,0.300,0.300,0.310,0.310,0.310,898,2
0.300,0.300,0.300,0.350,0.350,0.350,0.300,0.300,0.300,0.300,0.300,0.300,457,2
0.350,0.350,0.350,0.300,0.300,0.300,0.320,0.320,0.320,0.300,0.300,0.300,954,1
0.300,0.300,0.300,0.300,0.300,0.300,0.250,0.250,0.250,0.300,0.300,0.300,705,2
0.350,0.350,0.350,0.300,0.300,0.300,0.330,0.330,0.330,0.300,0.300,0.300,691,1
0.250,0.250,0.250,0.300,0.300,0.300,0.300,0.300,0.300,0.300,0.300,0.300,501,1
0.300,0.300,0.300,0.300,0.300,0.300,0.300,0.300,0.300,0.290,0.290,0.290,445,1
0.250,0.250,0.250,0.300,0.300,0.300,0.280,0.280,0.280,0.300,0.300,0.300,631,2
0.350,0.350,0.350,0.300,0.300,0.300,0.340,0.340,0.340,0.300,0.300,0.300,263,1
0.250,0.250,0.250,0.300,0.300,0.300,0.290,0.290,0.290,0.300,0.300,0.300,566,2
0.350,0.350,0.350,0.300,0.300,0.300,0.270,0.270,0.270,0.300,0.300,0.300,883,2
0.300,0.300,0.300,0.300,0.300,0.300,0.300,0.300,0.300,0.310,0.310,0.310,612,2
0.300,0.300,0.300,0.300,0.300,0.300,0.300,0.300,0.300,0.290,0.290,0.290,643,1
0.250,0.250,0.250,0.300,0.300,0.300,0.260,0.260,0.260,0.300,0.300,0.300,662,2
0.300,0.300,0.300,0.300,0.300,0.300,0.300,0.300,0.300,0.290,0.290,0.290,808,1
0.300,0.300,0.300,0.300,0.300,0.300,0.300,0.300,0.300,0.310,0.310,0.310,348,2
0.300,0.300,0.300,0.350,0.350,0.350,0.300,0.300,0.300,0.250,0.250,0.250,947,1
0.250,0.250,0.250,0.300,0.300,0.300,0.290,0.290,0.290,0.300,0.300,0.300,863,2
0.250,0.250,0.250,0.300,0.300,0.300,0.270,0.270,0.270,0.300,0.300,0.300,729,2
0.300,0.300,0.300,0.300,0.300,0.300,0.300,0.300,0.300,0.350,0.350,0.350,847,2
0.250,0.250,0.250,0.300,0.300,0.300,0.350,0.350,0.350,0.300,0.300,0.300,539,1
0.300,0.300,0.300,0.250,0.250,0.250,0.300,0.300,0.300,0.330,0.330,0.330,933,2
0.350,0.350,0.350,0.300,0.300,0.300,0.280,0.280,0.280,0.300,0.300,0.300,59,2
0.300,0.300,0.300,0.350,0.350,0.350,0.300,0.300,0.300,0.300,0.300,0.300,193,2
0.300,0.300,0.300,0.300,0.300,0.300,0.330,0.330,0.330,0.300,0.300,0.300,449,1
0.300,0.300,0.300,0.350,0.350,0.350,0.300,0.300,0.300,0.320,0.320,0.320,228,2
0.300,0.300,0.300,0.350,0.350,0.350,0.300,0.300,0.300,0.350,0.350,0.350,726,2
0.300,0.300,0.300,0.350,0.350,0.350,0.300,0.300,0.300,0.250,0.250,0.250,551,1
0.250,0.250,0.250,0.300,0.300,0.300,0.280,0.280,0.280,0.300,0.300,0.300,4,2
0.300,0.300,0.300,0.250,0.250,0.250,0.300,0.300,0.300,0.280,0.280,0.280,301,1
0.300,0.300,0.300,0.300,0.300,0.300,0.340,0.340,0.340,0.300,0.300,0.300,285,1
0.300,0.300,0.300,0.300,0.300,0.300,0.330,0.330,0.330,0.300,0.300,0.300,647,1
0.300,0.300,0.300,0.250,0.250,0.250,0.300,0.300,0.300,0.310,0.310,0.310,403,2
0.300,0.300,0.300,0.300,0.300,0.300,0.300,0.300,0.300,0.290,0.290,0.290,841,1
0.300,0.300,0.300,0.250,0.250,0.250,0.300,0.300,0.300,0.350,0.350,0.350,275,2
0.250,0.250,0.250,0.300,0.300,0.300,0.330,0.330,0.330,0.300,0.300,0.300,405,1
0.300,0.300,0.300,0.300,0.300,0.300,0.290,0.290,0.290,0.300,0.300,0.300,412,2
0.300,0.300,0.300,0.350,0.350,0.350,0.300,0.300,0.300,0.300,0.300,0.300,787,2
0.300,0.300,0.300,0.350,0.350,0.350,0.300,0.300,0.300,0.260,0.260,0.260,684,1
0.350,0.350,0.350,0.300,0.300,0.300,0.270,0.270,0.270,0.300,0.300,0.300,520,2
0.300,0.300,0.300,0.350,0.350,0.350,0.300,0.300,0.300,0.310,0.310,0.310,524,2
0.250,0.250,0.250,0.300,0.300,0.300,0.300,0.300,0.300,0.300,0.300,0.300,732,1
0.300,0.300,0.300,0.250,0.250,0.250,0.300,0.300,0.300,0.290,0.290,0.290,104,1
0.350,0.350,0.350,0.300,0.300,0.300,0.260,0.260,0.260,0.300,0.300,0.300,123,2
0.350,0.350,0.350,0.300,0.300,0.300,0.330,0.330,0.330,0.300,0.300,0.300,526,1
0.350,0.350,0.350,0.300,0.300,0.300,0.330,0.330,0.330,0.300,0.300,0.300,31,1
0.300,0.300,0.300,0.350,0.350,0.350,0.300,0.300,0.300,0.290,0.290,0.290,192,1
0.250,0.250,0.250,0.300,0.300,0.300,0.290,0.290,0.290,0.300,0.300,0.300,38,2
0.300,0.300,0.300,0.350,0.350,0.350,0.300,0.300,0.300,0.330,0.330,0.330,229,2
0.250,0.250,0.250,0.300,0.300,0.300,0.270,0.270,0.270,0.300,0.300,0.300,795,2
0.300,0.300,0.300,0.350,0.350,0.350,0.300,0.300,0.300,0.330,0.330,0.330,592,2
0.300,0.300,0.300,0.300,0.300,0.300,0.280,0.280,0.280,0.300,0.300,0.300,972,2
0.300,0.300,0.300,0.250,0.250,0.250,0.300,0.300,0.300,0.320,0.320,0.320,965,2
0.300,0.300,0.300,0.350,0.350,0.350,0.300,0.300,0.300,0.270,0.270,0.270,58,1
0.300,0.300,0.300,0.250,0.250,0.250,0.300,0.300,0.300,0.300,0.300,0.300,534,2
0.350,0.350,0.350,0.300,0.300,0.300,0.250,0.250,0.250,0.300,0.300,0.300,485,2
0.250,0.250,0.250,0.300,0.300,0.300,0.340,0.340,0.340,0.300,0.300,0.300,901,1
0.300,0.300,0.300,0.300,0.300,0.300,0.330,0.330,0.330,0.300,0.300,0.300,317,1
0.300,0.300,0.300,0.350,0.350,0.350,0.300,0.300,0.300,0.310,0.310,0.310,458,2
0.250,0.250,0.250,0.300,0.300,0.300,0.290,0.290,0.290,0.300,0.300,0.300,698,2
0.250,0.250,0.250,0.300,0.300,0.300,0.260,0.260,0.260,0.300,0.300,0.300,695,2
0.300,0.300,0.300,0.300,0.300,0.300,0.330,0.330,0.330,0.300,0.300,0.300,284,1
0.300,0.300,0.300,0.250,0.250,0.250,0.300,0.300,0.300,0.270,0.270,0.270,399,1
0.250,0.250,0.250,0.300,0.300,0.300,0.340,0.340,0.340,0.300,0.300,0.300,142,1
0.300,0.300,0.300,0.250,0.250,0.250,0.300,0.300,0.300,0.330,0.330,0.330,306,2
0.350,0.350,0.350,0.300,0.300,0.300,0.350,0.350,0.350,0.300,0.300,0.300,231,1
0.250,0.250,0.250,0.300,0.300,0.300,0.320,0.320,0.320,0.300,0.300,0.300,8,1
0.300,0.300,0.300,0.350,0.350,0.350,0.300,0.300,0.300,0.300,0.300,0.300,622,2
0.350,0.350,0.350,0.300,0.300,0.300,0.300,0.300,0.300,0.300,0.300,0.300,325,1
0.300,0.300,0.300,0.350,0.350,0.350,0.300,0.300,0.300,0.310,0.310,0.310,29,2
0.300,0.300,0.300,0.250,0.250,0.250,0.300,0.300,0.300,0.330,0.330,0.330,75,2
0.300,0.300,0.300,0.300,0.300,0.300,0.290,0.290,0.290,0.300,0.300,0.300,742,2
0.250,0.250,0.250,0.300,0.300,0.300,0.350,0.350,0.350,0.300,0.300,0.300,869,1
0.300,0.300,0.300,0.350,0.350,0.350,0.300,0.300,0.300,0.260,0.260,0.260,288,1
0.300,0.300,0.300,0.300,0.300,0.300,0.260,0.260,0.260,0.300,0.300,0.300,607,2
0.350,0.350,0.350,0.300,0.300,0.300,0.260,0.260,0.260,0.300,0.300,0.300,717,2
0.350,0.350,0.350,0.300,0.300,0.300,0.330,0.330,0.330,0.300,0.300,0.300,97,1
0.300,0.300,0.300,0.250,0.250,0.250,0.300,0.300,0.300,0.250,0.250,0.250,265,1
0.300,0.300,0.300,0.300,0.300,0.300,0.280,0.280,0.280,0.300,0.300,0.300,444,2
0.300,0.300,0.300,0.250,0.250,0.250,0.300,0.300,0.300,0.330,0.330,0.330,867,2
0.300,0.300,0.300,0.300,0.300,0.300,0.290,0.290,0.290,0.300,0.300,0.300,49,2
0.300,0.300,0.300,0.300,0.300,0.300,0.290,0.290,0.290,0.300,0.300,0.300,214,2
0.300,0.300,0.300,0.250,0.250,0.250,0.300,0.300,0.300,0.250,0.250,0.250,529,1
0.300,0.300,0.300,0.350,0.350,0.350,0.300,0.300,0.300,0.330,0.330,0.330,658,2
0.300,0.300,0.300,0.250,0.250,0.250,0.300,0.300,0.300,0.250,0.250,0.250,694,1
0.350,0.350,0.350,0.300,0.300,0.300,0.300,0.300,0.300,0.300,0.300,0.300,721,1
0.250,0.250,0.250,0.300,0.300,0.300,0.300,0.300,0.300,0.300,0.300,0.300,468,1
0.300,0.300,0.300,0.300,0.300,0.300,0.300,0.300,0.300,0.250,0.250,0.250,309,1
0.250,0.250,0.250,0.300,0.300,0.300,0.330,0.330,0.330,0.300,0.300,0.300,768,1
0.350,0.350,0.350,0.300,0.300,0.300,0.350,0.350,0.350,0.300,0.300,0.300,594,1
0.250,0.250,0.250,0.300,0.300,0.300,0.300,0.300,0.300,0.300,0.300,0.300,39,1
0.300,0.300,0.300,0.350,0.350,0.350,0.300,0.300,0.300,0.330,0.330,0.330,823,2
0.250,0.250,0.250,0.300,0.300,0.300,0.260,0.260,0.260,0.300,0.300,0.300,827,2
0.300,0.300,0.300,0.350,0.350,0.350,0.300,0.300,0.300,0.280,0.280,0.280,323,1
0.300,0.300,0.300,0.300,0.300,0.300,0.300,0.300,0.300,0.260,0.260,0.260,277,1
0.250,0.250,0.250,0.300,0.300,0.300,0.320,0.320,0.320,0.300,0.300,0.300,140,1
0.350,0.350,0.350,0.300,0.300,0.300,0.330,0.330,0.330,0.300,0.300,0.300,427,1
0.300,0.300,0.300,0.350,0.350,0.350,0.300,0.300,0.300,0.340,0.340,0.340,824,2
0.350,0.350,0.350,0.300,0.300,0.300,0.260,0.260,0.260,0.300,0.300,0.300,816,2
0.250,0.250,0.250,0.300,0.300,0.300,0.300,0.300,0.300,0.300,0.300,0.300,6,1
0.250,0.250,0.250,0.300,0.300,0.300,0.260,0.260,0.260,0.300,0.300,0.300,794,2
0.250,0.250,0.250,0.300,0.300,0.300,0.350,0.350,0.350,0.300,0.300,0.300,341,1
0.250,0.250,0.250,0.300,0.300,0.300,0.290,0.290,0.290,0.300,0.300,0.300,665,2
0.250,0.250,0.250,0.300,0.300,0.300,0.350,0.350,0.350,0.300,0.300,0.300,374,1
0.350,0.350,0.350,0.300,0.300,0.300,0.270,0.270,0.270,0.300,0.300,0.300,553,2
0.300,0.300,0.300,0.300,0.300,0.300,0.310,0.310,0.310,0.300,0.300,0.300,84,1
0.300,0.300,0.300,0.300,0.300,0.300,0.300,0.300,0.300,0.300,0.300,0.300,215,1
0.350,0.350,0.350,0.300,0.300,0.300,0.310,0.310,0.310,0.300,0.300,0.300,953,1
0.300,0.300,0.300,0.300,0.300,0.300,0.300,0.300,0.300,0.350,0.350,0.350,682,2
0.300,0.300,0.300,0.350,0.350,0.350,0.300,0.300,0.300,0.270,0.270,0.270,289,1
0.250,0.250,0.250,0.300,0.300,0.300,0.330,0.330,0.330,0.300,0.300,0.300,669,1
0.300,0.300,0.300,0.350,0.350,0.350,0.300,0.300,0.300,0.270,0.270,0.270,322,1
0.300,0.300,0.300,0.300,0.300,0.300,0.350,0.350,0.350,0.300,0.300,0.300,154,1
0.350,0.350,0.350,0.300,0.300,0.300,0.350,0.350,0.350,0.300,0.300,0.300,330,1
0.300,0.300,0.300,0.300,0.300,0.300,0.300,0.300,0.300,0.250,0.250,0.250,969,1
0.250,0.250,0.250,0.300,0.300,0.300,0.290,0.290,0.290,0.300,0.300,0.300,203,2
0.300,0.300,0.300,0.300,0.300,0.300,0.300,0.300,0.300,0.290,0.290,0.290,775,1
0.300,0.300,0.300,0.300,0.300,0.300,0.280,0.280,0.280,0.300,0.300,0.300,906,2
0.250,0.250,0.250,0.300,0.300,0.300,0.310,0.310,0.310,0.300,0.300,0.300,535,1
0.300,0.300,0.300,0.250,0.250,0.250,0.300,0.300,0.300,0.340,0.340,0.340,505,2
0.300,0.300,0.300,0.250,0.250,0.250,0.300,0.300,0.300,0.280,0.280,0.280,37,1
0.300,0.300,0.300,0.250,0.250,0.250,0.300,0.300,0.300,0.250,0.250,0.250,34,1
0.300,0.300,0.300,0.250,0.250,0.250,0.300,0.300,0.300,0.350,0.350,0.350,506,2
0.300,0.300,0.300,0.350,0.350,0.350,0.300,0.300,0.300,0.320,0.320,0.320,657,2
0.300,0.300,0.300,0.250,0.250,0.250,0.300,0.300,0.300,0.260,0.260,0.260,35,1
0.350,0.350,0.350,0.300,0.300,0.300,0.290,0.290,0.290,0.300,0.300,0.300,951,2
0.300,0.300,0.300,0.350,0.350,0.350,0.300,0.300,0.300,0.310,0.310,0.310,293,2
0.350,0.350,0.350,0.300,0.300,0.300,0.340,0.340,0.340,0.300,0.300,0.300,131,1
0.300,0.300,0.300,0.300,0.300,0.300,0.300,0.300,0.300,0.290,0.290,0.290,247,1
0.350,0.350,0.350,0.300,0.300,0.300,0.350,0.350,0.350,0.300,0.300,0.300,759,1
0.300,0.300,0.300,0.350,0.350,0.350,0.300,0.300,0.300,0.280,0.280,0.280,719,1
0.300,0.300,0.300,0.350,0.350,0.350,0.300,0.300,0.300,0.320,0.320,0.320,921,2
0.300,0.300,0.300,0.300,0.300,0.300,0.260,0.260,0.260,0.300,0.300,0.300,310,2
0.300,0.300,0.300,0.350,0.350,0.350,0.300,0.300,0.300,0.310,0.310,0.310,359,2
0.300,0.300,0.300,0.300,0.300,0.300,0.290,0.290,0.290,0.300,0.300,0.300,709,2
0.300,0.300,0.300,0.300,0.300,0.300,0.330,0.330,0.330,0.300,0.300,0.300,614,1
0.250,0.250,0.250,0.300,0.300,0.300,0.330,0.330,0.330,0.300,0.300,0.300,702,1
0.300,0.300,0.300,0.350,0.350,0.350,0.300,0.300,0.300,0.340,0.340,0.340,395,2
0.300,0.300,0.300,0.250,0.250,0.250,0.300,0.300,0.300,0.300,0.300,0.300,864,2
0.300,0.300,0.300,0.250,0.250,0.250,0.300,0.300,0.300,0.300,0.300,0.300,699,2
0.300,0.300,0.300,0.250,0.250,0.250,0.300,0.300,0.300,0.290,0.290,0.290,401,1
0.300,0.300,0.300,0.350,0.350,0.350,0.300,0.300,0.300,0.270,0.270,0.270,685,1
0.250,0.250,0.250,0.300,0.300,0.300,0.300,0.300,0.300,0.300,0.300,0.300,798,1
0.300,0.300,0.300,0.250,0.250,0.250,0.300,0.300,0.300,0.330,0.330,0.330,570,2
0.350,0.350,0.350,0.300,0.300,0.300,0.290,0.290,0.290,0.300,0.300,0.300,456,2
0.300,0.300,0.300,0.350,0.350,0.350,0.300,0.300,0.300,0.250,0.250,0.250,155,1
0.250,0.250,0.250,0.300,0.300,0.300,0.270,0.270,0.270,0.300,0.300,0.300,300,2
0.300,0.300,0.300,0.350,0.350,0.350,0.300,0.300,0.300,0.260,0.260,0.260,189,1
0.300,0.300,0.300,0.300,0.300,0.300,0.280,0.280,0.280,0.300,0.300,0.300,510,2
0.300,0.300,0.300,0.350,0.350,0.350,0.300,0.300,0.300,0.250,0.250,0.250,650,1
0.350,0.350,0.350,0.300,0.300,0.300,0.300,0.300,0.300,0.300,0.300,0.300,259,1
0.300,0.300,0.300,0.350,0.350,0.350,0.300,0.300,0.300,0.300,0.300,0.300,754,2
0.250,0.250,0.250,0.300,0.300,0.300,0.330,0.330,0.330,0.300,0.300,0.300,537,1
0.300,0.300,0.300,0.300,0.300,0.300,0.300,0.300,0.300,0.310,0.310,0.310,216,2
0.300,0.300,0.300,0.300,0.300,0.300,0.340,0.340,0.340,0.300,0.300,0.300,780,1
0.250,0.250,0.250,0.300,0.300,0.300,0.280,0.280,0.280,0.300,0.300,0.300,433,2
0.300,0.300,0.300,0.250,0.250,0.250,0.300,0.300,0.300,0.280,0.280,0.280,466,1
0.350,0.350,0.350,0.300,0.300,0.300,0.270,0.270,0.270,0.300,0.300,0.300,784,2
0.300,0.300,0.300,0.350,0.350,0.350,0.300,0.300,0.300,0.280,0.280,0.280,125,1
0.350,0.350,0.350,0.300,0.300,0.300,0.350,0.350,0.350,0.300,0.300,0.300,990,1
0.300,0.300,0.300,0.300,0.300,0.300,0.300,0.300,0.300,0.260,0.260,0.260,706,1
0.350,0.350,0.350,0.300,0.300,0.300,0.350,0.350,0.350,0.300,0.300,0.300,627,1
0.300,0.300,0.300,0.300,0.300,0.300,0.300,0.300,0.300,0.270,0.270,0.270,311,1
0.300,0.300,0.300,0.300,0.300,0.300,0.270,0.270,0.270,0.300,0.300,0.300,278,2
0.350,0.350,0.350,0.300,0.300,0.300,0.350,0.350,0.350,0.300,0.300,0.300,891,1
0.250,0.250,0.250,0.300,0.300,0.300,0.340,0.340,0.340,0.300,0.300,0.300,736,1
0.350,0.350,0.350,0.300,0.300,0.300,0.330,0.330,0.330,0.300,0.300,0.300,361,1
0.300,0.300,0.300,0.300,0.300,0.300,0.320,0.320,0.320,0.300,0.300,0.300,778,1
0.250,0.250,0.250,0.300,0.300,0.300,0.320,0.320,0.320,0.300,0.300,0.300,800,1
0.300,0.300,0.300,0.300,0.300,0.300,0.300,0.300,0.300,0.340,0.340,0.340,516,2
0.350,0.350,0.350,0.300,0.300,0.300,0.290,0.290,0.290,0.300,0.300,0.300,555,2
0.250,0.250,0.250,0.300,0.300,0.300,0.340,0.340,0.340,0.300,0.300,0.300,307,1
0.300,0.300,0.300,0.250,0.250,0.250,0.300,0.300,0.300,0.350,0.350,0.350,836,2
0.300,0.300,0.300,0.250,0.250,0.250,0.300,0.300,0.300,0.320,0.320,0.320,734,2
0.350,0.350,0.350,0.300,0.300,0.300,0.320,0.320,0.320,0.300,0.300,0.300,492,1
0.350,0.350,0.350,0.300,0.300,0.300,0.260,0.260,0.260,0.300,0.300,0.300,486,2
0.300,0.300,0.300,0.250,0.250,0.250,0.300,0.300,0.300,0.300,0.300,0.300,567,2
0.250,0.250,0.250,0.300,0.300,0.300,0.310,0.310,0.310,0.300,0.300,0.300,865,1
0.250,0.250,0.250,0.300,0.300,0.300,0.270,0.270,0.270,0.300,0.300,0.300,366,2
0.300,0.300,0.300,0.300,0.300,0.300,0.300,0.300,0.300,0.350,0.350,0.350,979,2
0.300,0.300,0.300,0.300,0.300,0.300,0.320,0.320,0.320,0.300,0.300,0.300,646,1
0.300,0.300,0.300,0.350,0.350,0.350,0.300,0.300,0.300,0.290,0.290,0.290,27,1
0.300,0.300,0.300,0.300,0.300,0.300,0.300,0.300,0.300,0.350,0.350,0.350,748,2
0.300,0.300,0.300,0.300,0.300,0.300,0.300,0.300,0.300,0.290,0.290,0.290,115,1
0.300,0.300,0.300,0.250,0.250,0.250,0.300,0.300,0.300,0.280,0.280,0.280,103,1
0.350,0.350,0.350,0.300,0.300,0.300,0.350,0.350,0.350,0.300,0.300,0.300,99,1
0.350,0.350,0.350,0.300,0.300,0.300,0.320,0.320,0.320,0.300,0.300,0.300,393,1
0.300,0.300,0.300,0.350,0.350,0.350,0.300,0.300,0.300,0.290,0.290,0.290,654,1
0.300,0.300,0.300,0.300,0.300,0.300,0.350,0.350,0.350,0.300,0.300,0.300,187,1
0.350,0.350,0.350,0.300,0.300,0.300,0.350,0.350,0.350,0.300,0.300,0.300,396,1
0.300,0.300,0.300,0.300,0.300,0.300,0.300,0.300,0.300,0.330,0.330,0.330,746,2
0.300,0.300,0.300,0.250,0.250,0.250,0.300,0.300,0.300,0.300,0.300,0.300,204,2
0.300,0.300,0.300,0.300,0.300,0.300,0.300,0.300,0.300,0.260,0.260,0.260,541,1
0.250,0.250,0.250,0.300,0.300,0.300,0.340,0.340,0.340,0.300,0.300,0.300,43,1
0.300,0.300,0.300,0.350,0.350,0.350,0.300,0.300,0.300,0.260,0.260,0.260,783,1
0.250,0.250,0.250,0.300,0.300,0.300,0.310,0.310,0.310,0.300,0.300,0.300,832,1
0.300,0.300,0.300,0.300,0.300,0.300,0.260,0.260,0.260,0.300,0.300,0.300,574,2
0.300,0.300,0.300,0.300,0.300,0.300,0.300,0.300,0.300,0.280,0.280,0.280,642,1
0.250,0.250,0.250,0.300,0.300,0.300,0.270,0.270,0.270,0.300,0.300,0.300,432,2
0.350,0.350,0.350,0.300,0.300,0.300,0.270,0.270,0.270,0.300,0.300,0.300,652,2
0.250,0.250,0.250,0.300,0.300,0.300,0.350,0.350,0.350,0.300,0.300,0.300,803,1
0.350,0.350,0.350,0.300,0.300,0.300,0.330,0.330,0.330,0.300,0.300,0.300,262,1
0.300,0.300,0.300,0.250,0.250,0.250,0.300,0.300,0.300,0.300,0.300,0.300,336,2
0.300,0.300,0.300,0.300,0.300,0.300,0.300,0.300,0.300,0.270,0.270,0.270,47,1
0.350,0.350,0.350,0.300,0.300,0.300,0.250,0.250,0.250,0.300,0.300,0.300,980,2
0.300,0.300,0.300,0.300,0.300,0.300,0.300,0.300,0.300,0.350,0.350,0.350,913,2
0.300,0.300,0.300,0.300,0.300,0.300,0.300,0.300,0.300,0.280,0.280,0.280,378,1
0.300,0.300,0.300,0.300,0.300,0.300,0.300,0.300,0.300,0.300,0.300,0.300,644,1
0.300,0.300,0.300,0.350,0.350,0.350,0.300,0.300,0.300,0.340,0.340,0.340,758,2
0.350,0.350,0.350,0.300,0.300,0.300,0.320,0.320,0.320,0.300,0.300,0.300,294,1
0.300,0.300,0.300,0.300,0.300,0.300,0.300,0.300,0.300,0.310,0.310,0.310,183,2
0.300,0.300,0.300,0.300,0.300,0.300,0.300,0.300,0.300,0.250,0.250,0.250,606,1
0.350,0.350,0.350,0.300,0.300,0.300,0.280,0.280,0.280,0.300,0.300,0.300,554,2
0.300,0.300,0.300,0.250,0.250,0.250,0.300,0.300,0.300,0.270,0.270,0.270,597,1
0.300,0.300,0.300,0.300,0.300,0.300,0.300,0.300,0.300,0.300,0.300,0.300,314,2
0.300,0.300,0.300,0.300,0.300,0.300,0.300,0.300,0.300,0.300,0.300,0.300,908,2
0.350,0.350,0.350,0.300,0.300,0.300,0.330,0.330,0.330,0.300,0.300,0.300,757,1
0.350,0.350,0.350,0.300,0.300,0.300,0.310,0.310,0.310,0.300,0.300,0.300,623,1
0.300,0.300,0.300,0.300,0.300,0.300,0.300,0.300,0.300,0.280,0.280,0.280,939,1
0.300,0.300,0.300,0.250,0.250,0.250,0.300,0.300,0.300,0.260,0.260,0.260,233,1
0.300,0.300,0.300,0.300,0.300,0.300,0.260,0.260,0.260,0.300,0.300,0.300,673,2
0.300,0.300,0.300,0.300,0.300,0.300,0.280,0.280,0.280,0.300,0.300,0.300,807,2
0.350,0.350,0.350,0.300,0.300,0.300,0.260,0.260,0.260,0.300,0.300,0.300,24,2
0.350,0.350,0.350,0.300,0.300,0.300,0.350,0.350,0.350,0.300,0.300,0.300,792,1
0.350,0.350,0.350,0.300,0.300,0.300,0.260,0.260,0.260,0.300,0.300,0.300,57,2
0.300,0.300,0.300,0.350,0.350,0.350,0.300,0.300,0.300,0.260,0.260,0.260,387,1
0.350,0.350,0.350,0.300,0.300,0.300,0.260,0.260,0.260,0.300,0.300,0.300,90,2
0.300,0.300,0.300,0.250,0.250,0.250,0.300,0.300,0.300,0.330,0.330,0.330,240,2
0.300,0.300,0.300,0.250,0.250,0.250,0.300,0.300,0.300,0.280,0.280,0.280,862,1
0.300,0.300,0.300,0.300,0.300,0.300,0.300,0.300,0.300,0.300,0.300,0.300,842,1
0.350,0.350,0.350,0.300,0.300,0.300,0.280,0.280,0.280,0.300,0.300,0.300,455,2
0.300,0.300,0.300,0.300,0.300,0.300,0.300,0.300,0.300,0.340,0.340,0.340,120,2
0.300,0.300,0.300,0.250,0.250,0.250,0.300,0.300,0.300,0.310,0.310,0.310,799,2
0.300,0.300,0.300,0.300,0.300,0.300,0.310,0.310,0.310,0.300,0.300,0.300,513,1
0.300,0.300,0.300,0.250,0.250,0.250,0.300,0.300,0.300,0.340,0.340,0.340,373,2
0.300,0.300,0.300,0.350,0.350,0.350,0.300,0.300,0.300,0.330,0.330,0.330,724,2
0.300,0.300,0.300,0.350,0.350,0.350,0.300,0.300,0.300,0.310,0.310,0.310,95,2
0.300,0.300,0.300,0.300,0.300,0.300,0.260,0.260,0.260,0.300,0.300,0.300,376,2
0.300,0.300,0.300,0.250,0.250,0.250,0.300,0.300,0.300,0.320,0.320,0.320,173,2
0.300,0.300,0.300,0.350,0.350,0.350,0.300,0.300,0.300,0.280,0.280,0.280,653,1
0.300,0.300,0.300,0.350,0.350,0.350,0.300,0.300,0.300,0.320,0.320,0.320,624,2
0.300,0.300,0.300,0.300,0.300,0.300,0.300,0.300,0.300,0.270,0.270,0.270,476,1
0.300,0.300,0.300,0.300,0.300,0.300,0.300,0.300,0.300,0.270,0.270,0.270,872,1
0.350,0.350,0.350,0.300,0.300,0.300,0.340,0.340,0.340,0.300,0.300,0.300,527,1
0.300,0.300,0.300,0.300,0.300,0.300,0.300,0.300,0.300,0.310,0.310,0.310,678,2
0.350,0.350,0.350,0.300,0.300,0.300,0.280,0.280,0.280,0.300,0.300,0.300,620,2
0.300,0.300,0.300,0.300,0.300,0.300,0.300,0.300,0.300,0.300,0.300,0.300,974,2
0.300,0.300,0.300,0.250,0.250,0.250,0.300,0.300,0.300,0.270,0.270,0.270,531,1
0.250,0.250,0.250,0.300,0.300,0.300,0.320,0.320,0.320,0.300,0.300,0.300,470,1
0.300,0.300,0.300,0.350,0.350,0.350,0.300,0.300,0.300,0.270,0.270,0.270,223,1
0.250,0.250,0.250,0.300,0.300,0.300,0.310,0.310,0.310,0.300,0.300,0.300,205,1
0.300,0.300,0.300,0.350,0.350,0.350,0.300,0.300,0.300,0.290,0.290,0.290,918,1
0.300,0.300,0.300,0.300,0.300,0.300,0.300,0.300,0.300,0.270,0.270,0.270,608,1
0.300,0.300,0.300,0.250,0.250,0.250,0.300,0.300,0.300,0.270,0.270,0.270,36,1
0.300,0.300,0.300,0.300,0.300,0.300,0.290,0.290,0.290,0.300,0.300,0.300,544,2
0.300,0.300,0.300,0.300,0.300,0.300,0.300,0.300,0.300,0.300,0.300,0.300,776,2
0.300,0.300,0.300,0.250,0.250,0.250,0.300,0.300,0.300,0.350,0.350,0.350,110,2
0.350,0.350,0.350,0.300,0.300,0.300,0.310,0.310,0.310,0.300,0.300,0.300,788,1
0.300,0.300,0.300,0.300,0.300,0.300,0.320,0.320,0.320,0.300,0.300,0.300,712,1
0.300,0.300,0.300,0.250,0.250,0.250,0.300,0.300,0.300,0.270,0.270,0.270,828,1
0.350,0.350,0.350,0.300,0.300,0.300,0.250,0.250,0.250,0.300,0.300,0.300,683,2
0.300,0.300,0.300,0.300,0.300,0.300,0.320,0.320,0.320,0.300,0.300,0.300,184,1
0.300,0.300,0.300,0.300,0.300,0.300,0.300,0.300,0.300,0.280,0.280,0.280,48,1
0.300,0.300,0.300,0.300,0.300,0.300,0.350,0.350,0.350,0.300,0.300,0.300,715,1
0.300,0.300,0.300,0.350,0.350,0.350,0.300,0.300,0.300,0.280,0.280,0.280,752,1
0.300,0.300,0.300,0.350,0.350,0.350,0.300,0.300,0.300,0.330,0.330,0.330,460,2
0.250,0.250,0.250,0.300,0.300,0.300,0.350,0.350,0.350,0.300,0.300,0.300,407,1
0.300,0.300,0.300,0.350,0.350,0.350,0.300,0.300,0.300,0.250,0.250,0.250,254,1
0.300,0.300,0.300,0.350,0.350,0.350,0.300,0.300,0.300,0.310,0.310,0.310,689,2
0.300,0.300,0.300,0.300,0.300,0.300,0.350,0.350,0.350,0.300,0.300,0.300,814,1
0.300,0.300,0.300,0.350,0.350,0.350,0.300,0.300,0.300,0.350,0.350,0.350,429,2
0.300,0.300,0.300,0.300,0.300,0.300,0.300,0.300,0.300,0.300,0.300,0.300,479,1
0.300,0.300,0.300,0.350,0.350,0.350,0.300,0.300,0.300,0.320,0.320,0.320,426,2
0.300,0.300,0.300,0.350,0.350,0.350,0.300,0.300,0.300,0.330,0.330,0.330,130,2
0.300,0.300,0.300,0.250,0.250,0.250,0.300,0.300,0.300,0.260,0.260,0.260,596,1
0.300,0.300,0.300,0.300,0.300,0.300,0.300,0.300,0.300,0.290,0.290,0.290,676,1
0.250,0.250,0.250,0.300,0.300,0.300,0.320,0.320,0.320,0.300,0.300,0.300,41,1
0.250,0.250,0.250,0.300,0.300,0.300,0.300,0.300,0.300,0.300,0.300,0.300,72,1
0.300,0.300,0.300,0.350,0.350,0.350,0.300,0.300,0.300,0.320,0.320,0.320,360,2
0.300,0.300,0.300,0.300,0.300,0.300,0.280,0.280,0.280,0.300,0.300,0.300,312,2
0.250,0.250,0.250,0.300,0.300,0.300,0.320,0.320,0.320,0.300,0.300,0.300,701,1
0.300,0.300,0.300,0.300,0.300,0.300,0.250,0.250,0.250,0.300,0.300,0.300,375,2
0.300,0.300,0.300,0.300,0.300,0.300,0.350,0.350,0.350,0.300,0.300,0.300,583,1
0.300,0.300,0.300,0.250,0.250,0.250,0.300,0.300,0.300,0.290,0.290,0.290,269,1
0.300,0.300,0.300,0.300,0.300,0.300,0.300,0.300,0.300,0.280,0.280,0.280,246,1
0.300,0.300,0.300,0.300,0.300,0.300,0.330,0.330,0.330,0.300,0.300,0.300,185,1
0.250,0.250,0.250,0.300,0.300,0.300,0.330,0.330,0.330,0.300,0.300,0.300,471,1
0.350,0.350,0.350,0.300,0.300,0.300,0.270,0.270,0.270,0.300,0.300,0.300,586,2
0.300,0.300,0.300,0.250,0.250,0.250,0.300,0.300,0.300,0.250,0.250,0.250,397,1
0.250,0.250,0.250,0.300,0.300,0.300,0.280,0.280,0.280,0.300,0.300,0.300,169,2
0.250,0.250,0.250,0.300,0.300,0.300,0.280,0.280,0.280,0.300,0.300,0.300,499,2
0.350,0.350,0.350,0.300,0.300,0.300,0.320,0.320,0.320,0.300,0.300,0.300,162,1
0.350,0.350,0.350,0.300,0.300,0.300,0.280,0.280,0.280,0.300,0.300,0.300,950,2
0.300,0.300,0.300,0.300,0.300,0.300,0.350,0.350,0.350,0.300,0.300,0.300,550,1
0.250,0.250,0.250,0.300,0.300,0.300,0.310,0.310,0.310,0.300,0.300,0.300,139,1
0.250,0.250,0.250,0.300,0.300,0.300,0.340,0.340,0.340,0.300,0.300,0.300,967,1
0.250,0.250,0.250,0.300,0.300,0.300,0.350,0.350,0.350,0.300,0.300,0.300,605,1
0.300,0.300,0.300,0.250,0.250,0.250,0.300,0.300,0.300,0.250,0.250,0.250,232,1
0.250,0.250,0.250,0.300,0.300,0.300,0.290,0.290,0.290,0.300,0.300,0.300,335,2
0.250,0.250,0.250,0.300,0.300,0.300,0.280,0.280,0.280,0.300,0.300,0.300,565,2
0.350,0.350,0.350,0.300,0.300,0.300,0.280,0.280,0.280,0.300,0.300,0.300,158,2
0.300,0.300,0.300,0.350,0.350,0.350,0.300,0.300,0.300,0.270,0.270,0.270,850,1
0.300,0.300,0.300,0.250,0.250,0.250,0.300,0.300,0.300,0.330,0.330,0.330,636,2
0.250,0.250,0.250,0.300,0.300,0.300,0.290,0.290,0.290,0.300,0.300,0.300,137,2
0.300,0.300,0.300,0.300,0.300,0.300,0.300,0.300,0.300,0.350,0.350,0.350,286,2
0.300,0.300,0.300,0.300,0.300,0.300,0.300,0.300,0.300,0.320,0.320,0.320,250,2
0.250,0.250,0.250,0.300,0.300,0.300,0.300,0.300,0.300,0.300,0.300,0.300,369,1
0.300,0.300,0.300,0.300,0.300,0.300,0.300,0.300,0.300,0.340,0.340,0.340,450,2
0.250,0.250,0.250,0.300,0.300,0.300,0.270,0.270,0.270,0.300,0.300,0.300,927,2
0.300,0.300,0.300,0.350,0.350,0.350,0.300,0.300,0.300,0.320,0.320,0.320,888,2
0.300,0.300,0.300,0.300,0.300,0.300,0.270,0.270,0.270,0.300,0.300,0.300,443,2
0.250,0.250,0.250,0.300,0.300,0.300,0.310,0.310,0.310,0.300,0.300,0.300,370,1
0.300,0.300,0.300,0.250,0.250,0.250,0.300,0.300,0.300,0.340,0.340,0.340,439,2
0.300,0.300,0.300,0.300,0.300,0.300,0.300,0.300,0.300,0.330,0.330,0.330,878,2
0.300,0.300,0.300,0.250,0.250,0.250,0.300,0.300,0.300,0.280,0.280,0.280,532,1
0.250,0.250,0.250,0.300,0.300,0.300,0.350,0.350,0.350,0.300,0.300,0.300,770,1
0.250,0.250,0.250,0.300,0.300,0.300,0.290,0.290,0.290,0.300,0.300,0.300,929,2
0.300,0.300,0.300,0.250,0.250,0.250,0.300,0.300,0.300,0.330,0.330,0.330,273,2
0.300,0.300,0.300,0.350,0.350,0.350,0.300,0.300,0.300,0.260,0.260,0.260,255,1
0.350,0.350,0.350,0.300,0.300,0.300,0.320,0.320,0.320,0.300,0.300,0.300,822,1
0.250,0.250,0.250,0.300,0.300,0.300,0.340,0.340,0.340,0.300,0.300,0.300,76,1
0.300,0.300,0.300,0.350,0.350,0.350,0.300,0.300,0.300,0.250,0.250,0.250,353,1
0.350,0.350,0.350,0.300,0.300,0.300,0.260,0.260,0.260,0.300,0.300,0.300,750,2
0.300,0.300,0.300,0.250,0.250,0.250,0.300,0.300,0.300,0.260,0.260,0.260,926,1
0.300,0.300,0.300,0.300,0.300,0.300,0.280,0.280,0.280,0.300,0.300,0.300,774,2
0.350,0.350,0.350,0.300,0.300,0.300,0.310,0.310,0.310,0.300,0.300,0.300,392,1
0.300,0.300,0.300,0.350,0.350,0.350,0.300,0.300,0.300,0.330,0.330,0.330,988,2
0.300,0.300,0.300,0.300,0.300,0.300,0.340,0.340,0.340,0.300,0.300,0.300,582,1
0.350,0.350,0.350,0.300,0.300,0.300,0.290,0.290,0.290,0.300,0.300,0.300,60,2
0.350,0.350,0.350,0.300,0.300,0.300,0.310,0.310,0.310,0.300,0.300,0.300,656,1
0.300,0.300,0.300,0.300,0.300,0.300,0.300,0.300,0.300,0.300,0.300,0.300,743,1
0.300,0.300,0.300,0.350,0.350,0.350,0.300,0.300,0.300,0.340,0.340,0.340,857,2
0.300,0.300,0.300,0.350,0.350,0.350,0.300,0.300,0.300,0.350,0.350,0.350,363,2
0.350,0.350,0.350,0.300,0.300,0.300,0.320,0.320,0.320,0.300,0.300,0.300,96,1
0.350,0.350,0.350,0.300,0.300,0.300,0.260,0.260,0.260,0.300,0.300,0.300,222,2
0.350,0.350,0.350,0.300,0.300,0.300,0.250,0.250,0.250,0.300,0.300,0.300,782,2
0.350,0.350,0.350,0.300,0.300,0.300,0.340,0.340,0.340,0.300,0.300,0.300,659,1
0.250,0.250,0.250,0.300,0.300,0.300,0.320,0.320,0.320,0.300,0.300,0.300,206,1
0.250,0.250,0.250,0.300,0.300,0.300,0.340,0.340,0.340,0.300,0.300,0.300,109,1
0.300,0.300,0.300,0.250,0.250,0.250,0.300,0.300,0.300,0.260,0.260,0.260,530,1
0.300,0.300,0.300,0.300,0.300,0.300,0.280,0.280,0.280,0.300,0.300,0.300,81,2
0.300,0.300,0.300,0.300,0.300,0.300,0.300,0.300,0.300,0.250,0.250,0.250,45,1
0.350,0.350,0.350,0.300,0.300,0.300,0.350,0.350,0.350,0.300,0.300,0.300,693,1
0.300,0.300,0.300,0.350,0.350,0.350,0.300,0.300,0.300,0.310,0.310,0.310,326,2
0.350,0.350,0.350,0.300,0.300,0.300,0.350,0.350,0.350,0.300,0.300,0.300,957,1
0.250,0.250,0.250,0.300,0.300,0.300,0.290,0.290,0.290,0.300,0.300,0.300,302,2
0.300,0.300,0.300,0.250,0.250,0.250,0.300,0.300,0.300,0.250,0.250,0.250,166,1
0.300,0.300,0.300,0.300,0.300,0.300,0.260,0.260,0.260,0.300,0.300,0.300,79,2
0.300,0.300,0.300,0.300,0.300,0.300,0.320,0.320,0.320,0.300,0.300,0.300,19,1
0.300,0.300,0.300,0.300,0.300,0.300,0.330,0.330,0.330,0.300,0.300,0.300,713,1
0.300,0.300,0.300,0.350,0.350,0.350,0.300,0.300,0.300,0.250,0.250,0.250,881,1
0.300,0.300,0.300,0.300,0.300,0.300,0.300,0.300,0.300,0.320,0.320,0.320,217,2
0.350,0.350,0.350,0.300,0.300,0.300,0.270,0.270,0.270,0.300,0.300,0.300,454,2
0.300,0.300,0.300,0.350,0.350,0.350,0.300,0.300,0.300,0.270,0.270,0.270,982,1
0.300,0.300,0.300,0.350,0.350,0.350,0.300,0.300,0.300,0.270,0.270,0.270,256,1
0.300,0.300,0.300,0.350,0.350,0.350,0.300,0.300,0.300,0.340,0.340,0.340,593,2
0.300,0.300,0.300,0.300,0.300,0.300,0.340,0.340,0.340,0.300,0.300,0.300,945,1
0.300,0.300,0.300,0.300,0.300,0.300,0.300,0.300,0.300,0.320,0.320,0.320,745,2
0.250,0.250,0.250,0.300,0.300,0.300,0.250,0.250,0.250,0.300,0.300,0.300,826,2
0.350,0.350,0.350,0.300,0.300,0.300,0.310,0.310,0.310,0.300,0.300,0.300,260,1
0.300,0.300,0.300,0.300,0.300,0.300,0.300,0.300,0.300,0.280,0.280,0.280,477,1
0.300,0.300,0.300,0.300,0.300,0.300,0.300,0.300,0.300,0.320,0.320,0.320,448,2
0.300,0.300,0.300,0.350,0.350,0.350,0.300,0.300,0.300,0.250,0.250,0.250,716,1
0.250,0.250,0.250,0.300,0.300,0.300,0.350,0.350,0.350,0.300,0.300,0.300,242,1
0.300,0.300,0.300,0.300,0.300,0.300,0.300,0.300,0.300,0.300,0.300,0.300,413,2
0.300,0.300,0.300,0.300,0.300,0.300,0.310,0.310,0.310,0.300,0.300,0.300,315,1
0.350,0.350,0.350,0.300,0.300,0.300,0.310,0.310,0.310,0.300,0.300,0.300,227,1
0.300,0.300,0.300,0.300,0.300,0.300,0.300,0.300,0.300,0.310,0.310,0.310,876,2
0.350,0.350,0.350,0.300,0.300,0.300,0.300,0.300,0.300,0.300,0.300,0.300,127,1
0.350,0.350,0.350,0.300,0.300,0.300,0.290,0.290,0.290,0.300,0.300,0.300,291,2
0.300,0.300,0.300,0.300,0.300,0.300,0.300,0.300,0.300,0.310,0.310,0.310,744,2
0.300,0.300,0.300,0.250,0.250,0.250,0.300,0.300,0.300,0.350,0.350,0.350,176,2
0.300,0.300,0.300,0.300,0.300,0.300,0.280,0.280,0.280,0.300,0.300,0.300,15,2
0.250,0.250,0.250,0.300,0.300,0.300,0.280,0.280,0.280,0.300,0.300,0.300,268,2
0.250,0.250,0.250,0.300,0.300,0.300,0.290,0.290,0.290,0.300,0.300,0.300,962,2
0.350,0.350,0.350,0.300,0.300,0.300,0.350,0.350,0.350,0.300,0.300,0.300,297,1
0.250,0.250,0.250,0.300,0.300,0.300,0.330,0.330,0.330,0.300,0.300,0.300,42,1
0.300,0.300,0.300,0.300,0.300,0.300,0.300,0.300,0.300,0.310,0.310,0.310,117,2
0.300,0.300,0.300,0.250,0.250,0.250,0.300,0.300,0.300,0.250,0.250,0.250,100,1
0.300,0.300,0.300,0.350,0.350,0.350,0.300,0.300,0.300,0.330,0.330,0.330,955,2
0.300,0.300,0.300,0.300,0.300,0.300,0.250,0.250,0.250,0.300,0.300,0.300,672,2
0.300,0.300,0.300,0.250,0.250,0.250,0.300,0.300,0.300,0.300,0.300,0.300,600,2
0.300,0.300,0.300,0.250,0.250,0.250,0.300,0.300,0.300,0.290,0.290,0.290,533,1
0.350,0.350,0.350,0.300,0.300,0.300,0.300,0.300,0.300,0.300,0.300,0.300,853,1
0.300,0.300,0.300,0.350,0.350,0.350,0.300,0.300,0.300,0.340,0.340,0.340,362,2
0.300,0.300,0.300,0.300,0.300,0.300,0.300,0.300,0.300,0.290,0.290,0.290,313,1
0.300,0.300,0.300,0.300,0.300,0.300,0.300,0.300,0.300,0.340,0.340,0.340,87,2
0.300,0.300,0.300,0.250,0.250,0.250,0.300,0.300,0.300,0.320,0.320,0.320,668,2
0.250,0.250,0.250,0.300,0.300,0.300,0.250,0.250,0.250,0.300,0.300,0.300,298,2
0.250,0.250,0.250,0.300,0.300,0.300,0.250,0.250,0.250,0.300,0.300,0.300,760,2
0.300,0.300,0.300,0.300,0.300,0.300,0.300,0.300,0.300,0.300,0.300,0.300,710,1
0.350,0.350,0.350,0.300,0.300,0.300,0.260,0.260,0.260,0.300,0.300,0.300,849,2
0.300,0.300,0.300,0.350,0.350,0.350,0.300,0.300,0.300,0.300,0.300,0.300,160,2
0.300,0.300,0.300,0.300,0.300,0.300,0.300,0.300,0.300,0.340,0.340,0.340,879,2
0.300,0.300,0.300,0.250,0.250,0.250,0.300,0.300,0.300,0.340,0.340,0.340,934,2
0.350,0.350,0.350,0.300,0.300,0.300,0.250,0.250,0.250,0.300,0.300,0.300,287,2
0.300,0.300,0.300,0.300,0.300,0.300,0.300,0.300,0.300,0.330,0.330,0.330,977,2
0.300,0.300,0.300,0.300,0.300,0.300,0.320,0.320,0.320,0.300,0.300,0.300,151,1
0.300,0.300,0.300,0.300,0.300,0.300,0.300,0.300,0.300,0.350,0.350,0.350,220,2
0.300,0.300,0.300,0.300,0.300,0.300,0.300,0.300,0.300,0.310,0.310,0.310,414,2
0.300,0.300,0.300,0.300,0.300,0.300,0.300,0.300,0.300,0.300,0.300,0.300,248,2
0.300,0.300,0.300,0.300,0.300,0.300,0.300,0.300,0.300,0.270,0.270,0.270,179,1
0.350,0.350,0.350,0.300,0.300,0.300,0.320,0.320,0.320,0.300,0.300,0.300,756,1
0.300,0.300,0.300,0.300,0.300,0.300,0.270,0.270,0.270,0.300,0.300,0.300,509,2
0.300,0.300,0.300,0.300,0.300,0.300,0.250,0.250,0.250,0.300,0.300,0.300,408,2
0.300,0.300,0.300,0.250,0.250,0.250,0.300,0.300,0.300,0.290,0.290,0.290,434,1
0.300,0.300,0.300,0.300,0.300,0.300,0.350,0.350,0.350,0.300,0.300,0.300,55,1
0.300,0.300,0.300,0.250,0.250,0.250,0.300,0.300,0.300,0.340,0.340,0.340,703,2
0.300,0.300,0.300,0.300,0.300,0.300,0.330,0.330,0.330,0.300,0.300,0.300,53,1
0.300,0.300,0.300,0.300,0.300,0.300,0.270,0.270,0.270,0.300,0.300,0.300,674,2
0.300,0.300,0.300,0.300,0.300,0.300,0.290,0.290,0.290,0.300,0.300,0.300,82,2
0.300,0.300,0.300,0.300,0.300,0.300,0.300,0.300,0.300,0.270,0.270,0.270,839,1
0.250,0.250,0.250,0.300,0.300,0.300,0.300,0.300,0.300,0.300,0.300,0.300,930,1
0.300,0.300,0.300,0.300,0.300,0.300,0.300,0.300,0.300,0.280,0.280,0.280,180,1
0.250,0.250,0.250,0.300,0.300,0.300,0.260,0.260,0.260,0.300,0.300,0.300,134,2
0.300,0.300,0.300,0.300,0.300,0.300,0.350,0.350,0.350,0.300,0.300,0.300,946,1
0.250,0.250,0.250,0.300,0.300,0.300,0.320,0.320,0.320,0.300,0.300,0.300,602,1
0.250,0.250,0.250,0.300,0.300,0.300,0.280,0.280,0.280,0.300,0.300,0.300,598,2
0.300,0.300,0.300,0.250,0.250,0.250,0.300,0.300,0.300,0.250,0.250,0.250,661,1
0.250,0.250,0.250,0.300,0.300,0.300,0.320,0.320,0.320,0.300,0.300,0.300,932,1
0.350,0.350,0.350,0.300,0.300,0.300,0.310,0.310,0.310,0.300,0.300,0.300,755,1
0.250,0.250,0.250,0.300,0.300,0.300,0.260,0.260,0.260,0.300,0.300,0.300,167,2
0.250,0.250,0.250,0.300,0.300,0.300,0.260,0.260,0.260,0.300,0.300,0.300,266,2
0.300,0.300,0.300,0.350,0.350,0.350,0.300,0.300,0.300,0.260,0.260,0.260,948,1
0.300,0.300,0.300,0.350,0.350,0.350,0.300,0.300,0.300,0.280,0.280,0.280,917,1
0.300,0.300,0.300,0.350,0.350,0.350,0.300,0.300,0.300,0.300,0.300,0.300,688,2
0.350,0.350,0.350,0.300,0.300,0.300,0.310,0.310,0.310,0.300,0.300,0.300,491,1
0.250,0.250,0.250,0.300,0.300,0.300,0.250,0.250,0.250,0.300,0.300,0.300,595,2
0.300,0.300,0.300,0.250,0.250,0.250,0.300,0.300,0.300,0.260,0.260,0.260,332,1
0.300,0.300,0.300,0.250,0.250,0.250,0.300,0.300,0.300,0.260,0.260,0.260,365,1
0.300,0.300,0.300,0.300,0.300,0.300,0.300,0.300,0.300,0.330,0.330,0.330,680,2
0.300,0.300,0.300,0.300,0.300,0.300,0.350,0.350,0.350,0.300,0.300,0.300,517,1
0.300,0.300,0.300,0.300,0.300,0.300,0.300,0.300,0.300,0.310,0.310,0.310,480,2
0.350,0.350,0.350,0.300,0.300,0.300,0.260,0.260,0.260,0.300,0.300,0.300,618,2
0.300,0.300,0.300,0.300,0.300,0.300,0.280,0.280,0.280,0.300,0.300,0.300,114,2
0.300,0.300,0.300,0.350,0.350,0.350,0.300,0.300,0.300,0.320,0.320,0.320,459,2
0.300,0.300,0.300,0.300,0.300,0.300,0.300,0.300,0.300,0.340,0.340,0.340,549,2
0.300,0.300,0.300,0.300,0.300,0.300,0.300,0.300,0.300,0.270,0.270,0.270,905,1
0.250,0.250,0.250,0.300,0.300,0.300,0.300,0.300,0.300,0.300,0.300,0.300,105,1
0.300,0.300,0.300,0.350,0.350,0.350,0.300,0.300,0.300,0.350,0.350,0.350,264,2
0.300,0.300,0.300,0.300,0.300,0.300,0.260,0.260,0.260,0.300,0.300,0.300,970,2
0.300,0.300,0.300,0.300,0.300,0.300,0.300,0.300,0.300,0.340,0.340,0.340,21,2
0.300,0.300,0.300,0.300,0.300,0.300,0.300,0.300,0.300,0.250,0.250,0.250,903,1
0.300,0.300,0.300,0.300,0.300,0.300,0.300,0.300,0.300,0.300,0.300,0.300,677,1
0.300,0.300,0.300,0.300,0.300,0.300,0.330,0.330,0.330,0.300,0.300,0.300,119,1
0.300,0.300,0.300,0.250,0.250,0.250,0.300,0.300,0.300,0.260,0.260,0.260,629,1
0.300,0.300,0.300,0.250,0.250,0.250,0.300,0.300,0.300,0.320,0.320,0.320,107,2
0.300,0.300,0.300,0.350,0.350,0.350,0.300,0.300,0.300,0.280,0.280,0.280,224,1
0.300,0.300,0.300,0.300,0.300,0.300,0.330,0.330,0.330,0.300,0.300,0.300,944,1
0.300,0.300,0.300,0.250,0.250,0.250,0.300,0.300,0.300,0.280,0.280,0.280,664,1
0.250,0.250,0.250,0.300,0.300,0.300,0.320,0.320,0.320,0.300,0.300,0.300,899,1
0.300,0.300,0.300,0.250,0.250,0.250,0.300,0.300,0.300,0.300,0.300,0.300,435,2
0.300,0.300,0.300,0.350,0.350,0.350,0.300,0.300,0.300,0.250,0.250,0.250,518,1
0.300,0.300,0.300,0.350,0.350,0.350,0.300,0.300,0.300,0.350,0.350,0.350,660,2
0.300,0.300,0.300,0.350,0.350,0.350,0.300,0.300,0.300,0.330,0.330,0.330,559,2
0.300,0.300,0.300,0.300,0.300,0.300,0.340,0.340,0.340,0.300,0.300,0.300,351,1
0.350,0.350,0.350,0.300,0.300,0.300,0.310,0.310,0.310,0.300,0.300,0.300,722,1
0.250,0.250,0.250,0.300,0.300,0.300,0.320,0.320,0.320,0.300,0.300,0.300,833,1
0.350,0.350,0.350,0.300,0.300,0.300,0.340,0.340,0.340,0.300,0.300,0.300,494,1
0.300,0.300,0.300,0.250,0.250,0.250,0.300,0.300,0.300,0.330,0.330,0.330,372,2
0.300,0.300,0.300,0.300,0.300,0.300,0.300,0.300,0.300,0.320,0.320,0.320,382,2
0.300,0.300,0.300,0.250,0.250,0.250,0.300,0.300,0.300,0.250,0.250,0.250,133,1
0.300,0.300,0.300,0.300,0.300,0.300,0.310,0.310,0.310,0.300,0.300,0.300,810,1
0.250,0.250,0.250,0.300,0.300,0.300,0.320,0.320,0.320,0.300,0.300,0.300,635,1
0.250,0.250,0.250,0.300,0.300,0.300,0.330,0.330,0.330,0.300,0.300,0.300,339,1
0.350,0.350,0.350,0.300,0.300,0.300,0.270,0.270,0.270,0.300,0.300,0.300,190,2
0.300,0.300,0.300,0.350,0.350,0.350,0.300,0.300,0.300,0.250,0.250,0.250,56,1
0.250,0.250,0.250,0.300,0.300,0.300,0.350,0.350,0.350,0.300,0.300,0.300,308,1
0.300,0.300,0.300,0.300,0.300,0.300,0.300,0.300,0.300,0.260,0.260,0.260,640,1
0.350,0.350,0.350,0.300,0.300,0.300,0.300,0.300,0.300,0.300,0.300,0.300,919,1
0.300,0.300,0.300,0.300,0.300,0.300,0.300,0.300,0.300,0.300,0.300,0.300,83,2
0.300,0.300,0.300,0.250,0.250,0.250,0.300,0.300,0.300,0.270,0.270,0.270,168,1
0.350,0.350,0.350,0.300,0.300,0.300,0.350,0.350,0.350,0.300,0.300,0.300,66,1
0.300,0.300,0.300,0.250,0.250,0.250,0.300,0.300,0.300,0.290,0.290,0.290,764,1
0.300,0.300,0.300,0.300,0.300,0.300,0.300,0.300,0.300,0.320,0.320,0.320,877,2
0.300,0.300,0.300,0.300,0.300,0.300,0.300,0.300,0.300,0.300,0.300,0.300,149,2
0.300,0.300,0.300,0.250,0.250,0.250,0.300,0.300,0.300,0.270,0.270,0.270,663,1
0.250,0.250,0.250,0.300,0.300,0.300,0.250,0.250,0.250,0.300,0.300,0.300,859,2
0.300,0.300,0.300,0.300,0.300,0.300,0.330,0.330,0.330,0.300,0.300,0.300,383,1
0.250,0.250,0.250,0.300,0.300,0.300,0.320,0.320,0.320,0.300,0.300,0.300,338,1
0.350,0.350,0.350,0.300,0.300,0.300,0.300,0.300,0.300,0.300,0.300,0.300,985,1
0.300,0.300,0.300,0.300,0.300,0.300,0.330,0.330,0.330,0.300,0.300,0.300,812,1
0.300,0.300,0.300,0.350,0.350,0.350,0.300,0.300,0.300,0.350,0.350,0.350,33,2
0.300,0.300,0.300,0.350,0.350,0.350,0.300,0.300,0.300,0.270,0.270,0.270,619,1
0.300,0.300,0.300,0.250,0.250,0.250,0.300,0.300,0.300,0.350,0.350,0.350,77,2
0.250,0.250,0.250,0.300,0.300,0.300,0.320,0.320,0.320,0.300,0.300,0.300,239,1
0.300,0.300,0.300,0.250,0.250,0.250,0.300,0.300,0.300,0.290,0.290,0.290,236,1
0.300,0.300,0.300,0.300,0.300,0.300,0.300,0.300,0.300,0.270,0.270,0.270,377,1
0.350,0.350,0.350,0.300,0.300,0.300,0.350,0.350,0.350,0.300,0.300,0.300,165,1
0.300,0.300,0.300,0.350,0.350,0.350,0.300,0.300,0.300,0.330,0.330,0.330,394,2
0.300,0.300,0.300,0.350,0.350,0.350,0.300,0.300,0.300,0.300,0.300,0.300,556,2
0.350,0.350,0.350,0.300,0.300,0.300,0.280,0.280,0.280,0.300,0.300,0.300,389,2
0.300,0.300,0.300,0.350,0.350,0.350,0.300,0.300,0.300,0.290,0.290,0.290,423,1
0.300,0.300,0.300,0.300,0.300,0.300,0.330,0.330,0.330,0.300,0.300,0.300,20,1
0.250,0.250,0.250,0.300,0.300,0.300,0.290,0.290,0.290,0.300,0.300,0.300,830,2
0.250,0.250,0.250,0.300,0.300,0.300,0.350,0.350,0.350,0.300,0.300,0.300,44,1
0.300,0.300,0.300,0.300,0.300,0.300,0.300,0.300,0.300,0.300,0.300,0.300,809,2
0.300,0.300,0.300,0.300,0.300,0.300,0.270,0.270,0.270,0.300,0.300,0.300,707,2
0.300,0.300,0.300,0.350,0.350,0.350,0.300,0.300,0.300,0.300,0.300,0.300,28,2
0.300,0.300,0.300,0.300,0.300,0.300,0.300,0.300,0.300,0.260,0.260,0.260,871,1
0.300,0.300,0.300,0.300,0.300,0.300,0.300,0.300,0.300,0.260,0.260,0.260,937,1
0.300,0.300,0.300,0.300,0.300,0.300,0.300,0.300,0.300,0.300,0.300,0.300,512,1
0.350,0.350,0.350,0.300,0.300,0.300,0.250,0.250,0.250,0.300,0.300,0.300,320,2
0.300,0.300,0.300,0.350,0.350,0.350,0.300,0.300,0.300,0.280,0.280,0.280,851,1
0.250,0.250,0.250,0.300,0.300,0.300,0.260,0.260,0.260,0.300,0.300,0.300,68,2
0.300,0.300,0.300,0.350,0.350,0.350,0.300,0.300,0.300,0.310,0.310,0.310,128,2
0.300,0.300,0.300,0.300,0.300,0.300,0.300,0.300,0.300,0.330,0.330,0.330,779,2
0.300,0.300,0.300,0.250,0.250,0.250,0.300,0.300,0.300,0.250,0.250,0.250,463,1
0.350,0.350,0.350,0.300,0.300,0.300,0.320,0.320,0.320,0.300,0.300,0.300,30,1
0.350,0.350,0.350,0.300,0.300,0.300,0.320,0.320,0.320,0.300,0.300,0.300,129,1
0.350,0.350,0.350,0.300,0.300,0.300,0.290,0.290,0.290,0.300,0.300,0.300,720,2
0.250,0.250,0.250,0.300,0.300,0.300,0.250,0.250,0.250,0.300,0.300,0.300,958,2
0.350,0.350,0.350,0.300,0.300,0.300,0.250,0.250,0.250,0.300,0.300,0.300,221,2
0.300,0.300,0.300,0.250,0.250,0.250,0.300,0.300,0.300,0.310,0.310,0.310,238,2
0.300,0.300,0.300,0.300,0.300,0.300,0.270,0.270,0.270,0.300,0.300,0.300,641,2
0.300,0.300,0.300,0.300,0.300,0.300,0.270,0.270,0.270,0.300,0.300,0.300,113,2
0.300,0.300,0.300,0.300,0.300,0.300,0.340,0.340,0.340,0.300,0.300,0.300,417,1
0.300,0.300,0.300,0.250,0.250,0.250,0.300,0.300,0.300,0.330,0.330,0.330,834,2
0.250,0.250,0.250,0.300,0.300,0.300,0.310,0.310,0.310,0.300,0.300,0.300,304,1
0.300,0.300,0.300,0.250,0.250,0.250,0.300,0.300,0.300,0.350,0.350,0.350,935,2
0.300,0.300,0.300,0.300,0.300,0.300,0.250,0.250,0.250,0.300,0.300,0.300,738,2
0.350,0.350,0.350,0.300,0.300,0.300,0.260,0.260,0.260,0.300,0.300,0.300,915,2
0.300,0.300,0.300,0.350,0.350,0.350,0.300,0.300,0.300,0.290,0.290,0.290,390,1
0.300,0.300,0.300,0.300,0.300,0.300,0.340,0.340,0.340,0.300,0.300,0.300,186,1
0.350,0.350,0.350,0.300,0.300,0.300,0.350,0.350,0.350,0.300,0.300,0.300,858,1
0.300,0.300,0.300,0.350,0.350,0.350,0.300,0.300,0.300,0.350,0.350,0.350,462,2
0.300,0.300,0.300,0.350,0.350,0.350,0.300,0.300,0.300,0.300,0.300,0.300,820,2
0.300,0.300,0.300,0.350,0.350,0.350,0.300,0.300,0.300,0.270,0.270,0.270,91,1
0.300,0.300,0.300,0.350,0.350,0.350,0.300,0.300,0.300,0.250,0.250,0.250,419,1
0.250,0.250,0.250,0.300,0.300,0.300,0.260,0.260,0.260,0.300,0.300,0.300,101,2
0.300,0.300,0.300,0.300,0.300,0.300,0.300,0.300,0.300,0.350,0.350,0.350,121,2
0.300,0.300,0.300,0.300,0.300,0.300,0.300,0.300,0.300,0.250,0.250,0.250,474,1
0.300,0.300,0.300,0.250,0.250,0.250,0.300,0.300,0.300,0.320,0.320,0.320,371,2
0.300,0.300,0.300,0.300,0.300,0.300,0.300,0.300,0.300,0.340,0.340,0.340,153,2
0.250,0.250,0.250,0.300,0.300,0.300,0.320,0.320,0.320,0.300,0.300,0.300,767,1
0.300,0.300,0.300,0.300,0.300,0.300,0.290,0.290,0.290,0.300,0.300,0.300,511,2
0.300,0.300,0.300,0.300,0.300,0.300,0.300,0.300,0.300,0.300,0.300,0.300,941,2
0.300,0.300,0.300,0.300,0.300,0.300,0.300,0.300,0.300,0.330,0.330,0.330,482,2
0.250,0.250,0.250,0.300,0.300,0.300,0.280,0.280,0.280,0.300,0.300,0.300,400,2
0.300,0.300,0.300,0.300,0.300,0.300,0.260,0.260,0.260,0.300,0.300,0.300,13,2
0.300,0.300,0.300,0.300,0.300,0.300,0.350,0.350,0.350,0.300,0.300,0.300,418,1
0.250,0.250,0.250,0.300,0.300,0.300,0.350,0.350,0.350,0.300,0.300,0.300,473,1
0.300,0.300,0.300,0.300,0.300,0.300,0.300,0.300,0.300,0.300,0.300,0.300,116,1
0.350,0.350,0.350,0.300,0.300,0.300,0.260,0.260,0.260,0.300,0.300,0.300,321,2
0.250,0.250,0.250,0.300,0.300,0.300,0.340,0.340,0.340,0.300,0.300,0.300,769,1
0.300,0.300,0.300,0.300,0.300,0.300,0.320,0.320,0.320,0.300,0.300,0.300,844,1
0.300,0.300,0.300,0.300,0.300,0.300,0.300,0.300,0.300,0.300,0.300,0.300,446,1
0.300,0.300,0.300,0.300,0.300,0.300,0.300,0.300,0.300,0.350,0.350,0.350,880,2
0.300,0.300,0.300,0.250,0.250,0.250,0.300,0.300,0.300,0.310,0.310,0.310,634,2
0.300,0.300,0.300,0.300,0.300,0.300,0.350,0.350,0.350,0.300,0.300,0.300,253,1
0.300,0.300,0.300,0.300,0.300,0.300,0.300,0.300,0.300,0.300,0.300,0.300,578,1
0.300,0.300,0.300,0.250,0.250,0.250,0.300,0.300,0.300,0.300,0.300,0.300,171,2
0.300,0.300,0.300,0.350,0.350,0.350,0.300,0.300,0.300,0.270,0.270,0.270,916,1
0.300,0.300,0.300,0.300,0.300,0.300,0.350,0.350,0.350,0.300,0.300,0.300,451,1
0.300,0.300,0.300,0.350,0.350,0.350,0.300,0.300,0.300,0.350,0.350,0.350,198,2
0.250,0.250,0.250,0.300,0.300,0.300,0.320,0.320,0.320,0.300,0.300,0.300,536,1
0.250,0.250,0.250,0.300,0.300,0.300,0.280,0.280,0.280,0.300,0.300,0.300,961,2
0.300,0.300,0.300,0.300,0.300,0.300,0.260,0.260,0.260,0.300,0.300,0.300,244,2
0.300,0.300,0.300,0.250,0.250,0.250,0.300,0.300,0.300,0.260,0.260,0.260,893,1
0.250,0.250,0.250,0.300,0.300,0.300,0.350,0.350,0.350,0.300,0.300,0.300,671,1
0.300,0.300,0.300,0.250,0.250,0.250,0.300,0.300,0.300,0.250,0.250,0.250,430,1
0.300,0.300,0.300,0.300,0.300,0.300,0.300,0.300,0.300,0.260,0.260,0.260,343,1
0.250,0.250,0.250,0.300,0.300,0.300,0.260,0.260,0.260,0.300,0.300,0.300,2,2
0.300,0.300,0.300,0.300,0.300,0.300,0.320,0.320,0.320,0.300,0.300,0.300,118,1
0.300,0.300,0.300,0.300,0.300,0.300,0.300,0.300,0.300,0.270,0.270,0.270,146,1
0.300,0.300,0.300,0.350,0.350,0.350,0.300,0.300,0.300,0.350,0.350,0.350,924,2
0.300,0.300,0.300,0.300,0.300,0.300,0.260,0.260,0.260,0.300,0.300,0.300,838,2
0.300,0.300,0.300,0.250,0.250,0.250,0.300,0.300,0.300,0.330,0.330,0.330,207,2
0.350,0.350,0.350,0.300,0.300,0.300,0.300,0.300,0.300,0.300,0.300,0.300,490,1
0.300,0.300,0.300,0.250,0.250,0.250,0.300,0.300,0.300,0.260,0.260,0.260,563,1
0.300,0.300,0.300,0.300,0.300,0.300,0.300,0.300,0.300,0.330,0.330,0.330,548,2
0.300,0.300,0.300,0.250,0.250,0.250,0.300,0.300,0.300,0.280,0.280,0.280,697,1
0.300,0.300,0.300,0.300,0.300,0.300,0.300,0.300,0.300,0.280,0.280,0.280,147,1
0.250,0.250,0.250,0.300,0.300,0.300,0.350,0.350,0.350,0.300,0.300,0.300,11,1
0.300,0.300,0.300,0.300,0.300,0.300,0.300,0.300,0.300,0.250,0.250,0.250,78,1
0.300,0.300,0.300,0.300,0.300,0.300,0.300,0.300,0.300,0.250,0.250,0.250,771,1
0.300,0.300,0.300,0.300,0.300,0.300,0.250,0.250,0.250,0.300,0.300,0.300,111,2
0.300,0.300,0.300,0.250,0.250,0.250,0.300,0.300,0.300,0.270,0.270,0.270,960,1
0.300,0.300,0.300,0.250,0.250,0.250,0.300,0.300,0.300,0.250,0.250,0.250,496,1
0.250,0.250,0.250,0.300,0.300,0.300,0.340,0.340,0.340,0.300,0.300,0.300,571,1
0.300,0.300,0.300,0.300,0.300,0.300,0.290,0.290,0.290,0.300,0.300,0.300,610,2
0.250,0.250,0.250,0.300,0.300,0.300,0.340,0.340,0.340,0.300,0.300,0.300,538,1
0.250,0.250,0.250,0.300,0.300,0.300,0.340,0.340,0.340,0.300,0.300,0.300,472,1
0.300,0.300,0.300,0.300,0.300,0.300,0.250,0.250,0.250,0.300,0.300,0.300,639,2
0.300,0.300,0.300,0.300,0.300,0.300,0.300,0.300,0.300,0.340,0.340,0.340,219,2
0.300,0.300,0.300,0.250,0.250,0.250,0.300,0.300,0.300,0.350,0.350,0.350,902,2
0.300,0.300,0.300,0.300,0.300,0.300,0.270,0.270,0.270,0.300,0.300,0.300,344,2
0.300,0.300,0.300,0.300,0.300,0.300,0.250,0.250,0.250,0.300,0.300,0.300,573,2
0.350,0.350,0.350,0.300,0.300,0.300,0.280,0.280,0.280,0.300,0.300,0.300,191,2
0.250,0.250,0.250,0.300,0.300,0.300,0.310,0.310,0.310,0.300,0.300,0.300,502,1
0.250,0.250,0.250,0.300,0.300,0.300,0.330,0.330,0.330,0.300,0.300,0.300,966,1
0.300,0.300,0.300,0.250,0.250,0.250,0.300,0.300,0.300,0.300,0.300,0.300,831,2
0.350,0.350,0.350,0.300,0.300,0.300,0.290,0.290,0.290,0.300,0.300,0.300,885,2
0.300,0.300,0.300,0.300,0.300,0.300,0.350,0.350,0.350,0.300,0.300,0.300,22,1
0.300,0.300,0.300,0.300,0.300,0.300,0.300,0.300,0.300,0.290,0.290,0.290,379,1
0.300,0.300,0.300,0.300,0.300,0.300,0.290,0.290,0.290,0.300,0.300,0.300,973,2
0.300,0.300,0.300,0.300,0.300,0.300,0.250,0.250,0.250,0.300,0.300,0.300,342,2
0.250,0.250,0.250,0.300,0.300,0.300,0.310,0.310,0.310,0.300,0.300,0.300,700,1
0.300,0.300,0.300,0.350,0.350,0.350,0.300,0.300,0.300,0.260,0.260,0.260,156,1
0.300,0.300,0.300,0.350,0.350,0.350,0.300,0.300,0.300,0.330,0.330,0.330,163,2
0.300,0.300,0.300,0.350,0.350,0.350,0.300,0.300,0.300,0.300,0.300,0.300,292,2
0.300,0.300,0.300,0.300,0.300,0.300,0.300,0.300,0.300,0.250,0.250,0.250,441,1
0.250,0.250,0.250,0.300,0.300,0.300,0.310,0.310,0.310,0.300,0.300,0.300,106,1
0.300,0.300,0.300,0.300,0.300,0.300,0.300,0.300,0.300,0.340,0.340,0.340,483,2
0.300,0.300,0.300,0.250,0.250,0.250,0.300,0.300,0.300,0.290,0.290,0.290,170,1
0.300,0.300,0.300,0.300,0.300,0.300,0.330,0.330,0.330,0.300,0.300,0.300,218,1
0.300,0.300,0.300,0.350,0.350,0.350,0.300,0.300,0.300,0.270,0.270,0.270,388,1
0.350,0.350,0.350,0.300,0.300,0.300,0.260,0.260,0.260,0.300,0.300,0.300,354,2
0.350,0.350,0.350,0.300,0.300,0.300,0.320,0.320,0.320,0.300,0.300,0.300,558,1
0.250,0.250,0.250,0.300,0.300,0.300,0.260,0.260,0.260,0.300,0.300,0.300,959,2
0.300,0.300,0.300,0.300,0.300,0.300,0.300,0.300,0.300,0.320,0.320,0.320,481,2
0.300,0.300,0.300,0.250,0.250,0.250,0.300,0.300,0.300,0.260,0.260,0.260,497,1
0.300,0.300,0.300,0.300,0.300,0.300,0.300,0.300,0.300,0.250,0.250,0.250,243,1
0.300,0.300,0.300,0.300,0.300,0.300,0.300,0.300,0.300,0.300,0.300,0.300,545,2
0.300,0.300,0.300,0.350,0.350,0.350,0.300,0.300,0.300,0.310,0.310,0.310,821,2
0.300,0.300,0.300,0.250,0.250,0.250,0.300,0.300,0.300,0.340,0.340,0.340,208,2
0.250,0.250,0.250,0.300,0.300,0.300,0.310,0.310,0.310,0.300,0.300,0.300,436,1
0.300,0.300,0.300,0.350,0.350,0.350,0.300,0.300,0.300,0.300,0.300,0.300,952,2
0.300,0.300,0.300,0.300,0.300,0.300,0.310,0.310,0.310,0.300,0.300,0.300,909,1
0.300,0.300,0.300,0.350,0.350,0.350,0.300,0.300,0.300,0.350,0.350,0.350,561,2
0.300,0.300,0.300,0.300,0.300,0.300,0.280,0.280,0.280,0.300,0.300,0.300,840,2
0.300,0.300,0.300,0.350,0.350,0.350,0.300,0.300,0.300,0.260,0.260,0.260,585,1
0.300,0.300,0.300,0.300,0.300,0.300,0.300,0.300,0.300,0.300,0.300,0.300,281,1
0.300,0.300,0.300,0.250,0.250,0.250,0.300,0.300,0.300,0.270,0.270,0.270,498,1
0.300,0.300,0.300,0.250,0.250,0.250,0.300,0.300,0.300,0.310,0.310,0.310,40,2
0.250,0.250,0.250,0.300,0.300,0.300,0.320,0.320,0.320,0.300,0.300,0.300,74,1
0.300,0.300,0.300,0.250,0.250,0.250,0.300,0.300,0.300,0.270,0.270,0.270,696,1
0.300,0.300,0.300,0.350,0.350,0.350,0.300,0.300,0.300,0.250,0.250,0.250,122,1
0.300,0.300,0.300,0.350,0.350,0.350,0.300,0.300,0.300,0.320,0.320,0.320,723,2
0.300,0.300,0.300,0.300,0.300,0.300,0.320,0.320,0.320,0.300,0.300,0.300,316,1
0.300,0.300,0.300,0.250,0.250,0.250,0.300,0.300,0.300,0.320,0.320,0.320,437,2
0.300,0.300,0.300,0.350,0.350,0.350,0.300,0.300,0.300,0.280,0.280,0.280,257,1
0.300,0.300,0.300,0.250,0.250,0.250,0.300,0.300,0.300,0.330,0.330,0.330,438,2
0.300,0.300,0.300,0.300,0.300,0.300,0.300,0.300,0.300,0.290,0.290,0.290,346,1
0.350,0.350,0.350,0.300,0.300,0.300,0.330,0.330,0.330,0.300,0.300,0.300,790,1
0.250,0.250,0.250,0.300,0.300,0.300,0.260,0.260,0.260,0.300,0.300,0.300,728,2
0.300,0.300,0.300,0.300,0.300,0.300,0.280,0.280,0.280,0.300,0.300,0.300,213,2
0.300,0.300,0.300,0.300,0.300,0.300,0.300,0.300,0.300,0.260,0.260,0.260,409,1
0.300,0.300,0.300,0.300,0.300,0.300,0.280,0.280,0.280,0.300,0.300,0.300,741,2
0.300,0.300,0.300,0.300,0.300,0.300,0.300,0.300,0.300,0.260,0.260,0.260,475,1
0.300,0.300,0.300,0.300,0.300,0.300,0.270,0.270,0.270,0.300,0.300,0.300,938,2
0.300,0.300,0.300,0.350,0.350,0.350,0.300,0.300,0.300,0.290,0.290,0.290,489,1
0.350,0.350,0.350,0.300,0.300,0.300,0.340,0.340,0.340,0.300,0.300,0.300,164,1
0.300,0.300,0.300,0.250,0.250,0.250,0.300,0.300,0.300,0.250,0.250,0.250,562,1
0.300,0.300,0.300,0.300,0.300,0.300,0.280,0.280,0.280,0.300,0.300,0.300,675,2
0.250,0.250,0.250,0.300,0.300,0.300,0.260,0.260,0.260,0.300,0.300,0.300,200,2
0.300,0.300,0.300,0.300,0.300,0.300,0.280,0.280,0.280,0.300,0.300,0.300,609,2
0.300,0.300,0.300,0.300,0.300,0.300,0.290,0.290,0.290,0.300,0.300,0.300,16,2
0.250,0.250,0.250,0.300,0.300,0.300,0.280,0.280,0.280,0.300,0.300,0.300,334,2
0.300,0.300,0.300,0.300,0.300,0.300,0.310,0.310,0.310,0.300,0.300,0.300,51,1
0.350,0.350,0.350,0.300,0.300,0.300,0.340,0.340,0.340,0.300,0.300,0.300,32,1
0.300,0.300,0.300,0.250,0.250,0.250,0.300,0.300,0.300,0.330,0.330,0.330,141,2
0.250,0.250,0.250,0.300,0.300,0.300,0.350,0.350,0.350,0.300,0.300,0.300,968,1
0.350,0.350,0.350,0.300,0.300,0.300,0.290,0.290,0.290,0.300,0.300,0.300,126,2
0.300,0.300,0.300,0.300,0.300,0.300,0.300,0.300,0.300,0.320,0.320,0.320,976,2
0.300,0.300,0.300,0.250,0.250,0.250,0.300,0.300,0.300,0.310,0.310,0.310,733,2
0.300,0.300,0.300,0.250,0.250,0.250,0.300,0.300,0.300,0.310,0.310,0.310,964,2
0.350,0.350,0.350,0.300,0.300,0.300,0.280,0.280,0.280,0.300,0.300,0.300,686,2
0.300,0.300,0.300,0.250,0.250,0.250,0.300,0.300,0.300,0.330,0.330,0.330,735,2
0.250,0.250,0.250,0.300,0.300,0.300,0.340,0.340,0.340,0.300,0.300,0.300,637,1
0.250,0.250,0.250,0.300,0.300,0.300,0.290,0.290,0.290,0.300,0.300,0.300,500,2
0.300,0.300,0.300,0.300,0.300,0.300,0.340,0.340,0.340,0.300,0.300,0.300,384,1
0.250,0.250,0.250,0.300,0.300,0.300,0.310,0.310,0.310,0.300,0.300,0.300,568,1
0.250,0.250,0.250,0.300,0.300,0.300,0.290,0.290,0.290,0.300,0.300,0.300,368,2
0.250,0.250,0.250,0.300,0.300,0.300,0.300,0.300,0.300,0.300,0.300,0.300,897,1
0.250,0.250,0.250,0.300,0.300,0.300,0.340,0.340,0.340,0.300,0.300,0.300,604,1
0.250,0.250,0.250,0.300,0.300,0.300,0.270,0.270,0.270,0.300,0.300,0.300,861,2
0.300,0.300,0.300,0.250,0.250,0.250,0.300,0.300,0.300,0.300,0.300,0.300,237,2
0.300,0.300,0.300,0.300,0.300,0.300,0.280,0.280,0.280,0.300,0.300,0.300,345,2
0.300,0.300,0.300,0.350,0.350,0.350,0.300,0.300,0.300,0.310,0.310,0.310,425,2
0.300,0.300,0.300,0.300,0.300,0.300,0.350,0.350,0.350,0.300,0.300,0.300,781,1
0.350,0.350,0.350,0.300,0.300,0.300,0.340,0.340,0.340,0.300,0.300,0.300,296,1
0.250,0.250,0.250,0.300,0.300,0.300,0.290,0.290,0.290,0.300,0.300,0.300,599,2
0.300,0.300,0.300,0.300,0.300,0.300,0.270,0.270,0.270,0.300,0.300,0.300,971,2
0.300,0.300,0.300,0.350,0.350,0.350,0.300,0.300,0.300,0.330,0.330,0.330,625,2
0.350,0.350,0.350,0.300,0.300,0.300,0.320,0.320,0.320,0.300,0.300,0.300,261,1
0.300,0.300,0.300,0.300,0.300,0.300,0.300,0.300,0.300,0.300,0.300,0.300,17,1
0.300,0.300,0.300,0.350,0.350,0.350,0.300,0.300,0.300,0.310,0.310,0.310,854,2
0.300,0.300,0.300,0.250,0.250,0.250,0.300,0.300,0.300,0.270,0.270,0.270,630,1
0.300,0.300,0.300,0.250,0.250,0.250,0.300,0.300,0.300,0.340,0.340,0.340,274,2
0.300,0.300,0.300,0.300,0.300,0.300,0.260,0.260,0.260,0.300,0.300,0.300,211,2
0.300,0.300,0.300,0.300,0.300,0.300,0.300,0.300,0.300,0.300,0.300,0.300,875,1
0.300,0.300,0.300,0.300,0.300,0.300,0.300,0.300,0.300,0.260,0.260,0.260,508,1
0.250,0.250,0.250,0.300,0.300,0.300,0.340,0.340,0.340,0.300,0.300,0.300,10,1
0.300,0.300,0.300,0.300,0.300,0.300,0.280,0.280,0.280,0.300,0.300,0.300,543,2
0.350,0.350,0.350,0.300,0.300,0.300,0.340,0.340,0.340,0.300,0.300,0.300,626,1
0.300,0.300,0.300,0.300,0.300,0.300,0.300,0.300,0.300,0.320,0.320,0.320,514,2
0.300,0.300,0.300,0.300,0.300,0.300,0.270,0.270,0.270,0.300,0.300,0.300,14,2
0.250,0.250,0.250,0.300,0.300,0.300,0.280,0.280,0.280,0.300,0.300,0.300,730,2
0.300,0.300,0.300,0.300,0.300,0.300,0.290,0.290,0.290,0.300,0.300,0.300,577,2
0.300,0.300,0.300,0.300,0.300,0.300,0.350,0.350,0.350,0.300,0.300,0.300,649,1
0.300,0.300,0.300,0.300,0.300,0.300,0.340,0.340,0.340,0.300,0.300,0.300,747,1
0.300,0.300,0.300,0.300,0.300,0.300,0.300,0.300,0.300,0.320,0.320,0.320,415,2
0.300,0.300,0.300,0.300,0.300,0.300,0.300,0.300,0.300,0.310,0.310,0.310,942,2
0.350,0.350,0.350,0.300,0.300,0.300,0.340,0.340,0.340,0.300,0.300,0.300,890,1
0.300,0.300,0.300,0.300,0.300,0.300,0.310,0.310,0.310,0.300,0.300,0.300,645,1
0.300,0.300,0.300,0.350,0.350,0.350,0.300,0.300,0.300,0.250,0.250,0.250,188,1
0.300,0.300,0.300,0.300,0.300,0.300,0.350,0.350,0.350,0.300,0.300,0.300,88,1
0.250,0.250,0.250,0.300,0.300,0.300,0.250,0.250,0.250,0.300,0.300,0.300,199,2
0.300,0.300,0.300,0.300,0.300,0.300,0.290,0.290,0.290,0.300,0.300,0.300,478,2
0.300,0.300,0.300,0.300,0.300,0.300,0.300,0.300,0.300,0.250,0.250,0.250,144,1
0.300,0.300,0.300,0.350,0.350,0.350,0.300,0.300,0.300,0.300,0.300,0.300,886,2
0.300,0.300,0.300,0.250,0.250,0.250,0.300,0.300,0.300,0.280,0.280,0.280,367,1
0.300,0.300,0.300,0.300,0.300,0.300,0.260,0.260,0.260,0.300,0.300,0.300,46,2
0.300,0.300,0.300,0.300,0.300,0.300,0.260,0.260,0.260,0.300,0.300,0.300,145,2
0.300,0.300,0.300,0.250,0.250,0.250,0.300,0.300,0.300,0.300,0.300,0.300,666,2
0.300,0.300,0.300,0.300,0.300,0.300,0.250,0.250,0.250,0.300,0.300,0.300,12,2
0.350,0.350,0.350,0.300,0.300,0.300,0.320,0.320,0.320,0.300,0.300,0.300,327,1
0.350,0.350,0.350,0.300,0.300,0.300,0.250,0.250,0.250,0.300,0.300,0.300,584,2
0.300,0.300,0.300,0.350,0.350,0.350,0.300,0.300,0.300,0.270,0.270,0.270,949,1
0.300,0.300,0.300,0.250,0.250,0.250,0.300,0.300,0.300,0.340,0.340,0.340,406,2
0.250,0.250,0.250,0.300,0.300,0.300,0.250,0.250,0.250,0.300,0.300,0.300,727,2
0.300,0.300,0.300,0.350,0.350,0.350,0.300,0.300,0.300,0.280,0.280,0.280,587,1
0.300,0.300,0.300,0.250,0.250,0.250,0.300,0.300,0.300,0.310,0.310,0.310,469,2
0.300,0.300,0.300,0.300,0.300,0.300,0.300,0.300,0.300,0.330,0.330,0.330,86,2
0.300,0.300,0.300,0.350,0.350,0.350,0.300,0.300,0.300,0.300,0.300,0.300,61,2
0.300,0.300,0.300,0.250,0.250,0.250,0.300,0.300,0.300,0.330,0.330,0.330,603,2
0.300,0.300,0.300,0.250,0.250,0.250,0.300,0.300,0.300,0.320,0.320,0.320,503,2
0.300,0.300,0.300,0.350,0.350,0.350,0.300,0.300,0.300,0.300,0.300,0.300,226,2
0.250,0.250,0.250,0.300,0.300,0.300,0.260,0.260,0.260,0.300,0.300,0.300,398,2
0.250,0.250,0.250,0.300,0.300,0.300,0.300,0.300,0.300,0.300,0.300,0.300,633,1
0.300,0.300,0.300,0.300,0.300,0.300,0.250,0.250,0.250,0.300,0.300,0.300,936,2
0.250,0.250,0.250,0.300,0.300,0.300,0.310,0.310,0.310,0.300,0.300,0.300,271,1
0.350,0.350,0.350,0.300,0.300,0.300,0.320,0.320,0.320,0.300,0.300,0.300,987,1
0.300,0.300,0.300,0.300,0.300,0.300,0.280,0.280,0.280,0.300,0.300,0.300,873,2
0.250,0.250,0.250,0.300,0.300,0.300,0.250,0.250,0.250,0.300,0.300,0.300,925,2
0.300,0.300,0.300,0.350,0.350,0.350,0.300,0.300,0.300,0.280,0.280,0.280,818,1
0.300,0.300,0.300,0.350,0.350,0.350,0.300,0.300,0.300,0.340,0.340,0.340,461,2
0.300,0.300,0.300,0.250,0.250,0.250,0.300,0.300,0.300,0.350,0.350,0.350,209,2
0.300,0.300,0.300,0.350,0.350,0.350,0.300,0.300,0.300,0.340,0.340,0.340,98,2
0.300,0.300,0.300,0.350,0.350,0.350,0.300,0.300,0.300,0.250,0.250,0.250,848,1
0.350,0.350,0.350,0.300,0.300,0.300,0.300,0.300,0.300,0.300,0.300,0.300,358,1
0.300,0.300,0.300,0.250,0.250,0.250,0.300,0.300,0.300,0.280,0.280,0.280,235,1
0.250,0.250,0.250,0.300,0.300,0.300,0.300,0.300,0.300,0.300,0.300,0.300,765,1
0.350,0.350,0.350,0.300,0.300,0.300,0.330,0.330,0.330,0.300,0.300,0.300,493,1
0.350,0.350,0.350,0.300,0.300,0.300,0.310,0.310,0.310,0.300,0.300,0.300,62,1
0.350,0.350,0.350,0.300,0.300,0.300,0.340,0.340,0.340,0.300,0.300,0.300,560,1
0.300,0.300,0.300,0.300,0.300,0.300,0.300,0.300,0.300,0.250,0.250,0.250,804,1
0.300,0.300,0.300,0.250,0.250,0.250,0.300,0.300,0.300,0.330,0.330,0.330,108,2
0.300,0.300,0.300,0.350,0.350,0.350,0.300,0.300,0.300,0.260,0.260,0.260,420,1
0.300,0.300,0.300,0.250,0.250,0.250,0.300,0.300,0.300,0.280,0.280,0.280,796,1
0.300,0.300,0.300,0.300,0.300,0.300,0.300,0.300,0.300,0.250,0.250,0.250,507,1
0.300,0.300,0.300,0.350,0.350,0.350,0.300,0.300,0.300,0.260,0.260,0.260,453,1
0.300,0.300,0.300,0.350,0.350,0.350,0.300,0.300,0.300,0.270,0.270,0.270,25,1
0.300,0.300,0.300,0.350,0.350,0.350,0.300,0.300,0.300,0.330,0.330,0.330,295,2
0.300,0.300,0.300,0.250,0.250,0.250,0.300,0.300,0.300,0.350,0.350,0.350,572,2
0.300,0.300,0.300,0.300,0.300,0.300,0.300,0.300,0.300,0.310,0.310,0.310,249,2
0.300,0.300,0.300,0.300,0.300,0.300,0.300,0.300,0.300,0.330,0.330,0.330,416,2
0.350,0.350,0.350,0.300,0.300,0.300,0.270,0.270,0.270,0.300,0.300,0.300,751,2
0.250,0.250,0.250,0.300,0.300,0.300,0.280,0.280,0.280,0.300,0.300,0.300,895,2
0.350,0.350,0.350,0.300,0.300,0.300,0.350,0.350,0.350,0.300,0.300,0.300,495,1
0.300,0.300,0.300,0.300,0.300,0.300,0.310,0.310,0.310,0.300,0.300,0.300,711,1
0.300,0.300,0.300,0.300,0.300,0.300,0.270,0.270,0.270,0.300,0.300,0.300,80,2
0.300,0.300,0.300,0.300,0.300,0.300,0.310,0.310,0.310,0.300,0.300,0.300,150,1
0.300,0.300,0.300,0.300,0.300,0.300,0.340,0.340,0.340,0.300,0.300,0.300,681,1
0.300,0.300,0.300,0.300,0.300,0.300,0.340,0.340,0.340,0.300,0.300,0.300,846,1
0.300,0.300,0.300,0.300,0.300,0.300,0.300,0.300,0.300,0.300,0.300,0.300,182,1
0.300,0.300,0.300,0.300,0.300,0.300,0.300,0.300,0.300,0.340,0.340,0.340,912,2
0.350,0.350,0.350,0.300,0.300,0.300,0.320,0.320,0.320,0.300,0.300,0.300,591,1
0.250,0.250,0.250,0.300,0.300,0.300,0.270,0.270,0.270,0.300,0.300,0.300,3,2
0.300,0.300,0.300,0.250,0.250,0.250,0.300,0.300,0.300,0.320,0.320,0.320,866,2
0.250,0.250,0.250,0.300,0.300,0.300,0.280,0.280,0.280,0.300,0.300,0.300,70,2
0.300,0.300,0.300,0.350,0.350,0.350,0.300,0.300,0.300,0.250,0.250,0.250,386,1
0.300,0.300,0.300,0.300,0.300,0.300,0.280,0.280,0.280,0.300,0.300,0.300,708,2
0.250,0.250,0.250,0.300,0.300,0.300,0.340,0.340,0.340,0.300,0.300,0.300,670,1
0.300,0.300,0.300,0.300,0.300,0.300,0.300,0.300,0.300,0.290,0.290,0.290,907,1
0.300,0.300,0.300,0.300,0.300,0.300,0.300,0.300,0.300,0.320,0.320,0.320,85,2
0.250,0.250,0.250,0.300,0.300,0.300,0.280,0.280,0.280,0.300,0.300,0.300,763,2
0.250,0.250,0.250,0.300,0.300,0.300,0.250,0.250,0.250,0.300,0.300,0.300,793,2
0.350,0.350,0.350,0.300,0.300,0.300,0.270,0.270,0.270,0.300,0.300,0.300,421,2
0.300,0.300,0.300,0.250,0.250,0.250,0.300,0.300,0.300,0.310,0.310,0.310,931,2
0.350,0.350,0.350,0.300,0.300,0.300,0.270,0.270,0.270,0.300,0.300,0.300,124,2
0.250,0.250,0.250,0.300,0.300,0.300,0.340,0.340,0.340,0.300,0.300,0.300,835,1
0.300,0.300,0.300,0.300,0.300,0.300,0.260,0.260,0.260,0.300,0.300,0.300,178,2
0.300,0.300,0.300,0.250,0.250,0.250,0.300,0.300,0.300,0.320,0.320,0.320,569,2
0.250,0.250,0.250,0.300,0.300,0.300,0.260,0.260,0.260,0.300,0.300,0.300,299,2
