0.350,0.350,0.350,0.300,0.300,0.300,0.320,0.320,0.320,0.300,0.300,0.300,855,1
0.300,0.300,0.300,0.350,0.350,0.350,0.300,0.300,0.300,0.250,0.250,0.250,518,1
0.350,0.350,0.350,0.300,0.300,0.300,0.300,0.300,0.300,0.300,0.300,0.300,556,1
0.300,0.300,0.300,0.300,0.300,0.300,0.300,0.300,0.300,0.270,0.270,0.270,80,1
0.350,0.350,0.350,0.300,0.300,0.300,0.310,0.310,0.310,0.300,0.300,0.300,920,1
0.300,0.300,0.300,0.300,0.300,0.300,0.310,0.310,0.310,0.300,0.300,0.300,414,1
0.300,0.300,0.300,0.300,0.300,0.300,0.250,0.250,0.250,0.300,0.300,0.300,177,2
0.350,0.350,0.350,0.300,0.300,0.300,0.310,0.310,0.310,0.300,0.300,0.300,689,1
0.250,0.250,0.250,0.300,0.300,0.300,0.330,0.330,0.330,0.300,0.300,0.300,768,1
0.250,0.250,0.250,0.300,0.300,0.300,0.260,0.260,0.260,0.300,0.300,0.300,299,2
0.300,0.300,0.300,0.300,0.300,0.300,0.300,0.300,0.300,0.320,0.320,0.320,481,2
0.300,0.300,0.300,0.250,0.250,0.250,0.300,0.300,0.300,0.350,0.350,0.350,407,2
0.300,0.300,0.300,0.300,0.300,0.300,0.300,0.300,0.300,0.300,0.300,0.300,248,2
0.300,0.300,0.300,0.300,0.300,0.300,0.300,0.300,0.300,0.300,0.300,0.300,908,2
0.250,0.250,0.250,0.300,0.300,0.300,0.330,0.330,0.330,0.300,0.300,0.300,504,1
0.300,0.300,0.300,0.350,0.350,0.350,0.300,0.300,0.300,0.280,0.280,0.280,323,1
0.300,0.300,0.300,0.300,0.300,0.300,0.300,0.300,0.300,0.280,0.280,0.280,675,1
0.300,0.300,0.300,0.250,0.250,0.250,0.300,0.300,0.300,0.330,0.330,0.330,603,2
0.250,0.250,0.250,0.300,0.300,0.300,0.310,0.310,0.310,0.300,0.300,0.300,964,1
0.300,0.300,0.300,0.300,0.300,0.300,0.300,0.300,0.300,0.340,0.340,0.340,450,2
0.300,0.300,0.300,0.350,0.350,0.350,0.300,0.300,0.300,0.310,0.310,0.310,227,2
0.300,0.300,0.300,0.300,0.300,0.300,0.270,0.270,0.270,0.300,0.300,0.300,938,2
0.300,0.300,0.300,0.300,0.300,0.300,0.270,0.270,0.270,0.300,0.300,0.300,740,2
0.300,0.300,0.300,0.250,0.250,0.250,0.300,0.300,0.300,0.310,0.310,0.310,73,2
0.250,0.250,0.250,0.300,0.300,0.300,0.350,0.350,0.350,0.300,0.300,0.300,77,1
0.300,0.300,0.300,0.300,0.300,0.300,0.330,0.330,0.330,0.300,0.300,0.300,53,1
0.300,0.300,0.300,0.250,0.250,0.250,0.300,0.300,0.300,0.340,0.340,0.340,109,2
0.250,0.250,0.250,0.300,0.300,0.300,0.280,0.280,0.280,0.300,0.300,0.300,136,2
0.300,0.300,0.300,0.300,0.300,0.300,0.300,0.300,0.300,0.300,0.300,0.300,281,1
0.300,0.300,0.300,0.300,0.300,0.300,0.340,0.340,0.340,0.300,0.300,0.300,945,1
0.300,0.300,0.300,0.250,0.250,0.250,0.300,0.300,0.300,0.320,0.320,0.320,206,2
0.300,0.300,0.300,0.300,0.300,0.300,0.310,0.310,0.310,0.300,0.300,0.300,678,1
0.350,0.350,0.350,0.300,0.300,0.300,0.250,0.250,0.250,0.300,0.300,0.300,650,2
0.300,0.300,0.300,0.300,0.300,0.300,0.300,0.300,0.300,0.260,0.260,0.260,640,1
0.250,0.250,0.250,0.300,0.300,0.300,0.320,0.320,0.320,0.300,0.300,0.300,74,1
0.300,0.300,0.300,0.250,0.250,0.250,0.300,0.300,0.300,0.270,0.270,0.270,861,1
0.350,0.350,0.350,0.300,0.300,0.300,0.310,0.310,0.310,0.300,0.300,0.300,29,1
0.300,0.300,0.300,0.300,0.300,0.300,0.280,0.280,0.280,0.300,0.300,0.300,312,2
0.300,0.300,0.300,0.250,0.250,0.250,0.300,0.300,0.300,0.340,0.340,0.340,10,2
0.300,0.300,0.300,0.300,0.300,0.300,0.300,0.300,0.300,0.280,0.280,0.280,444,1
0.300,0.300,0.300,0.300,0.300,0.300,0.350,0.350,0.350,0.300,0.300,0.300,781,1
0.300,0.300,0.300,0.300,0.300,0.300,0.300,0.300,0.300,0.310,0.310,0.310,381,2
0.300,0.300,0.300,0.300,0.300,0.300,0.290,0.290,0.290,0.300,0.300,0.300,412,2
0.300,0.300,0.300,0.300,0.300,0.300,0.320,0.320,0.320,0.300,0.300,0.300,415,1
0.350,0.350,0.350,0.300,0.300,0.300,0.260,0.260,0.260,0.300,0.300,0.300,981,2
0.350,0.350,0.350,0.300,0.300,0.300,0.260,0.260,0.260,0.300,0.300,0.300,57,2
0.350,0.350,0.350,0.300,0.300,0.300,0.350,0.350,0.350,0.300,0.300,0.300,528,1
0.300,0.300,0.300,0.350,0.350,0.350,0.300,0.300,0.300,0.270,0.270,0.270,124,1
0.250,0.250,0.250,0.300,0.300,0.300,0.270,0.270,0.270,0.300,0.300,0.300,234,2
0.250,0.250,0.250,0.300,0.300,0.300,0.250,0.250,0.250,0.300,0.300,0.300,727,2
0.250,0.250,0.250,0.300,0.300,0.300,0.350,0.350,0.350,0.300,0.300,0.300,506,1
0.300,0.300,0.300,0.350,0.350,0.350,0.300,0.300,0.300,0.310,0.310,0.310,821,2
0.300,0.300,0.300,0.300,0.300,0.300,0.300,0.300,0.300,0.340,0.340,0.340,747,2
0.300,0.300,0.300,0.300,0.300,0.300,0.300,0.300,0.300,0.300,0.300,0.300,710,1
0.300,0.300,0.300,0.300,0.300,0.300,0.290,0.290,0.290,0.300,0.300,0.300,280,2
0.350,0.350,0.350,0.300,0.300,0.300,0.310,0.310,0.310,0.300,0.300,0.300,524,1
0.300,0.300,0.300,0.300,0.300,0.300,0.300,0.300,0.300,0.250,0.250,0.250,507,1
0.300,0.300,0.300,0.300,0.300,0.300,0.300,0.300,0.300,0.320,0.320,0.320,745,2
0.300,0.300,0.300,0.250,0.250,0.250,0.300,0.300,0.300,0.280,0.280,0.280,697,1
0.300,0.300,0.300,0.250,0.250,0.250,0.300,0.300,0.300,0.280,0.280,0.280,664,1
0.300,0.300,0.300,0.250,0.250,0.250,0.300,0.300,0.300,0.250,0.250,0.250,100,1
0.300,0.300,0.300,0.250,0.250,0.250,0.300,0.300,0.300,0.320,0.320,0.320,833,2
0.250,0.250,0.250,0.300,0.300,0.300,0.250,0.250,0.250,0.300,0.300,0.300,529,2
0.300,0.300,0.300,0.250,0.250,0.250,0.300,0.300,0.300,0.280,0.280,0.280,466,1
0.300,0.300,0.300,0.300,0.300,0.300,0.320,0.320,0.320,0.300,0.300,0.300,85,1
0.250,0.250,0.250,0.300,0.300,0.300,0.350,0.350,0.350,0.300,0.300,0.300,869,1
0.250,0.250,0.250,0.300,0.300,0.300,0.260,0.260,0.260,0.300,0.300,0.300,860,2
0.300,0.300,0.300,0.250,0.250,0.250,0.300,0.300,0.300,0.270,0.270,0.270,135,1
0.350,0.350,0.350,0.300,0.300,0.300,0.310,0.310,0.310,0.300,0.300,0.300,359,1
0.350,0.350,0.350,0.300,0.300,0.300,0.250,0.250,0.250,0.300,0.300,0.300,23,2
0.300,0.300,0.300,0.250,0.250,0.250,0.300,0.300,0.300,0.320,0.320,0.320,899,2
0.300,0.300,0.300,0.300,0.300,0.300,0.300,0.300,0.300,0.320,0.320,0.320,580,2
0.350,0.350,0.350,0.300,0.300,0.300,0.260,0.260,0.260,0.300,0.300,0.300,882,2
0.350,0.350,0.350,0.300,0.300,0.300,0.250,0.250,0.250,0.300,0.300,0.300,881,2
0.300,0.300,0.300,0.300,0.300,0.300,0.250,0.250,0.250,0.300,0.300,0.300,705,2
0.300,0.300,0.300,0.300,0.300,0.300,0.250,0.250,0.250,0.300,0.300,0.300,111,2
0.350,0.350,0.350,0.300,0.300,0.300,0.310,0.310,0.310,0.300,0.300,0.300,887,1
0.300,0.300,0.300,0.300,0.300,0.300,0.300,0.300,0.300,0.350,0.350,0.350,682,2
0.300,0.300,0.300,0.350,0.350,0.350,0.300,0.300,0.300,0.250,0.250,0.250,848,1
0.250,0.250,0.250,0.300,0.300,0.300,0.340,0.340,0.340,0.300,0.300,0.300,175,1
0.300,0.300,0.300,0.350,0.350,0.350,0.300,0.300,0.300,0.330,0.330,0.330,691,2
0.300,0.300,0.300,0.350,0.350,0.350,0.300,0.300,0.300,0.330,0.330,0.330,361,2
0.300,0.300,0.300,0.300,0.300,0.300,0.340,0.340,0.340,0.300,0.300,0.300,186,1
0.300,0.300,0.300,0.250,0.250,0.250,0.300,0.300,0.300,0.250,0.250,0.250,760,1
0.300,0.300,0.300,0.350,0.350,0.350,0.300,0.300,0.300,0.300,0.300,0.300,688,2
0.300,0.300,0.300,0.350,0.350,0.350,0.300,0.300,0.300,0.330,0.330,0.330,97,2
0.300,0.300,0.300,0.300,0.300,0.300,0.300,0.300,0.300,0.260,0.260,0.260,211,1
0.300,0.300,0.300,0.300,0.300,0.300,0.310,0.310,0.310,0.300,0.300,0.300,447,1
0.250,0.250,0.250,0.300,0.300,0.300,0.270,0.270,0.270,0.300,0.300,0.300,333,2
0.300,0.300,0.300,0.250,0.250,0.250,0.300,0.300,0.300,0.330,0.330,0.330,108,2
0.300,0.300,0.300,0.250,0.250,0.250,0.300,0.300,0.300,0.250,0.250,0.250,298,1
0.300,0.300,0.300,0.300,0.300,0.300,0.330,0.330,0.330,0.300,0.300,0.300,515,1
0.250,0.250,0.250,0.300,0.300,0.300,0.270,0.270,0.270,0.300,0.300,0.300,498,2
0.300,0.300,0.300,0.300,0.300,0.300,0.290,0.290,0.290,0.300,0.300,0.300,709,2
0.300,0.300,0.300,0.350,0.350,0.350,0.300,0.300,0.300,0.330,0.330,0.330,856,2
0.300,0.300,0.300,0.300,0.300,0.300,0.300,0.300,0.300,0.250,0.250,0.250,903,1
0.300,0.300,0.300,0.300,0.300,0.300,0.260,0.260,0.260,0.300,0.300,0.300,739,2
0.300,0.300,0.300,0.300,0.300,0.300,0.300,0.300,0.300,0.310,0.310,0.310,909,2
0.300,0.300,0.300,0.300,0.300,0.300,0.300,0.300,0.300,0.320,0.320,0.320,877,2
0.300,0.300,0.300,0.250,0.250,0.250,0.300,0.300,0.300,0.290,0.290,0.290,104,1
0.250,0.250,0.250,0.300,0.300,0.300,0.250,0.250,0.250,0.300,0.300,0.300,166,2
0.300,0.300,0.300,0.250,0.250,0.250,0.300,0.300,0.300,0.310,0.310,0.310,370,2
0.300,0.300,0.300,0.250,0.250,0.250,0.300,0.300,0.300,0.340,0.340,0.340,76,2
0.350,0.350,0.350,0.300,0.300,0.300,0.320,0.320,0.320,0.300,0.300,0.300,525,1
0.250,0.250,0.250,0.300,0.300,0.300,0.270,0.270,0.270,0.300,0.300,0.300,465,2
0.300,0.300,0.300,0.300,0.300,0.300,0.270,0.270,0.270,0.300,0.300,0.300,971,2
0.350,0.350,0.350,0.300,0.300,0.300,0.290,0.290,0.290,0.300,0.300,0.300,654,2
0.350,0.350,0.350,0.300,0.300,0.300,0.330,0.330,0.330,0.300,0.300,0.300,229,1
0.300,0.300,0.300,0.300,0.300,0.300,0.300,0.300,0.300,0.350,0.350,0.350,814,2
0.350,0.350,0.350,0.300,0.300,0.300,0.330,0.330,0.330,0.300,0.300,0.300,196,1
0.300,0.300,0.300,0.350,0.350,0.350,0.300,0.300,0.300,0.350,0.350,0.350,990,2
0.300,0.300,0.300,0.250,0.250,0.250,0.300,0.300,0.300,0.280,0.280,0.280,334,1
0.300,0.300,0.300,0.300,0.300,0.300,0.300,0.300,0.300,0.290,0.290,0.290,82,1
0.350,0.350,0.350,0.300,0.300,0.300,0.270,0.270,0.270,0.300,0.300,0.300,619,2
0.300,0.300,0.300,0.300,0.300,0.300,0.300,0.300,0.300,0.270,0.270,0.270,476,1
0.350,0.350,0.350,0.300,0.300,0.300,0.280,0.280,0.280,0.300,0.300,0.300,224,2
0.300,0.300,0.300,0.250,0.250,0.250,0.300,0.300,0.300,0.350,0.350,0.350,968,2
0.300,0.300,0.300,0.300,0.300,0.300,0.300,0.300,0.300,0.290,0.290,0.290,973,1
0.300,0.300,0.300,0.300,0.300,0.300,0.300,0.300,0.300,0.280,0.280,0.280,840,1
0.300,0.300,0.300,0.250,0.250,0.250,0.300,0.300,0.300,0.310,0.310,0.310,469,2
0.350,0.350,0.350,0.300,0.300,0.300,0.290,0.290,0.290,0.300,0.300,0.300,885,2
0.300,0.300,0.300,0.350,0.350,0.350,0.300,0.300,0.300,0.300,0.300,0.300,94,2
0.300,0.300,0.300,0.300,0.300,0.300,0.300,0.300,0.300,0.270,0.270,0.270,839,1
0.300,0.300,0.300,0.300,0.300,0.300,0.300,0.300,0.300,0.350,0.350,0.350,517,2
0.350,0.350,0.350,0.300,0.300,0.300,0.290,0.290,0.290,0.300,0.300,0.300,984,2
0.350,0.350,0.350,0.300,0.300,0.300,0.300,0.300,0.300,0.300,0.300,0.300,259,1
0.300,0.300,0.300,0.300,0.300,0.300,0.300,0.300,0.300,0.340,0.340,0.340,318,2
0.250,0.250,0.250,0.300,0.300,0.300,0.270,0.270,0.270,0.300,0.300,0.300,201,2
0.250,0.250,0.250,0.300,0.300,0.300,0.290,0.290,0.290,0.300,0.300,0.300,830,2
0.350,0.350,0.350,0.300,0.300,0.300,0.350,0.350,0.350,0.300,0.300,0.300,891,1
0.300,0.300,0.300,0.350,0.350,0.350,0.300,0.300,0.300,0.280,0.280,0.280,455,1
0.300,0.300,0.300,0.300,0.300,0.300,0.300,0.300,0.300,0.350,0.350,0.350,385,2
0.300,0.300,0.300,0.300,0.300,0.300,0.300,0.300,0.300,0.300,0.300,0.300,182,2
0.300,0.300,0.300,0.250,0.250,0.250,0.300,0.300,0.300,0.330,0.330,0.330,9,2
0.350,0.350,0.350,0.300,0.300,0.300,0.250,0.250,0.250,0.300,0.300,0.300,716,2
0.350,0.350,0.350,0.300,0.300,0.300,0.330,0.330,0.330,0.300,0.300,0.300,988,1
0.300,0.300,0.300,0.350,0.350,0.350,0.300,0.300,0.300,0.250,0.250,0.250,584,1
0.300,0.300,0.300,0.250,0.250,0.250,0.300,0.300,0.300,0.250,0.250,0.250,793,1
0.350,0.350,0.350,0.300,0.300,0.300,0.260,0.260,0.260,0.300,0.300,0.300,651,2
0.300,0.300,0.300,0.300,0.300,0.300,0.300,0.300,0.300,0.280,0.280,0.280,213,1
0.300,0.300,0.300,0.300,0.300,0.300,0.310,0.310,0.310,0.300,0.300,0.300,876,1
0.300,0.300,0.300,0.300,0.300,0.300,0.300,0.300,0.300,0.320,0.320,0.320,976,2
0.250,0.250,0.250,0.300,0.300,0.300,0.310,0.310,0.310,0.300,0.300,0.300,40,1
0.250,0.250,0.250,0.300,0.300,0.300,0.310,0.310,0.310,0.300,0.300,0.300,304,1
0.350,0.350,0.350,0.300,0.300,0.300,0.310,0.310,0.310,0.300,0.300,0.300,62,1
0.300,0.300,0.300,0.250,0.250,0.250,0.300,0.300,0.300,0.340,0.340,0.340,241,2
0.300,0.300,0.300,0.350,0.350,0.350,0.300,0.300,0.300,0.320,0.320,0.320,492,2
0.250,0.250,0.250,0.300,0.300,0.300,0.350,0.350,0.350,0.300,0.300,0.300,539,1
0.350,0.350,0.350,0.300,0.300,0.300,0.250,0.250,0.250,0.300,0.300,0.300,617,2
0.300,0.300,0.300,0.300,0.300,0.300,0.300,0.300,0.300,0.300,0.300,0.300,380,2
0.350,0.350,0.350,0.300,0.300,0.300,0.250,0.250,0.250,0.300,0.300,0.300,188,2
0.350,0.350,0.350,0.300,0.300,0.300,0.250,0.250,0.250,0.300,0.300,0.300,815,2
0.350,0.350,0.350,0.300,0.300,0.300,0.320,0.320,0.320,0.300,0.300,0.300,591,1
0.300,0.300,0.300,0.250,0.250,0.250,0.300,0.300,0.300,0.290,0.290,0.290,962,1
0.300,0.300,0.300,0.250,0.250,0.250,0.300,0.300,0.300,0.250,0.250,0.250,265,1
0.300,0.300,0.300,0.300,0.300,0.300,0.260,0.260,0.260,0.300,0.300,0.300,376,2
0.250,0.250,0.250,0.300,0.300,0.300,0.270,0.270,0.270,0.300,0.300,0.300,399,2
0.300,0.300,0.300,0.350,0.350,0.350,0.300,0.300,0.300,0.250,0.250,0.250,452,1
0.250,0.250,0.250,0.300,0.300,0.300,0.290,0.290,0.290,0.300,0.300,0.300,566,2
0.300,0.300,0.300,0.300,0.300,0.300,0.340,0.340,0.340,0.300,0.300,0.300,153,1
0.300,0.300,0.300,0.300,0.300,0.300,0.300,0.300,0.300,0.320,0.320,0.320,448,2
0.300,0.300,0.300,0.250,0.250,0.250,0.300,0.300,0.300,0.350,0.350,0.350,473,2
0.250,0.250,0.250,0.300,0.300,0.300,0.260,0.260,0.260,0.300,0.300,0.300,926,2
0.300,0.300,0.300,0.350,0.350,0.350,0.300,0.300,0.300,0.260,0.260,0.260,321,1
0.250,0.250,0.250,0.300,0.300,0.300,0.350,0.350,0.350,0.300,0.300,0.300,143,1
0.250,0.250,0.250,0.300,0.300,0.300,0.330,0.330,0.330,0.300,0.300,0.300,801,1
0.300,0.300,0.300,0.350,0.350,0.350,0.300,0.300,0.300,0.280,0.280,0.280,752,1
0.300,0.300,0.300,0.300,0.300,0.300,0.350,0.350,0.350,0.300,0.300,0.300,715,1
0.300,0.300,0.300,0.300,0.300,0.300,0.270,0.270,0.270,0.300,0.300,0.300,377,2
0.300,0.300,0.300,0.300,0.300,0.300,0.350,0.350,0.350,0.300,0.300,0.300,649,1
0.350,0.350,0.350,0.300,0.300,0.300,0.260,0.260,0.260,0.300,0.300,0.300,288,2
0.300,0.300,0.300,0.300,0.300,0.300,0.350,0.350,0.350,0.300,0.300,0.300,253,1
0.350,0.350,0.350,0.300,0.300,0.300,0.340,0.340,0.340,0.300,0.300,0.300,362,1
0.300,0.300,0.300,0.350,0.350,0.350,0.300,0.300,0.300,0.350,0.350,0.350,627,2
0.350,0.350,0.350,0.300,0.300,0.300,0.350,0.350,0.350,0.300,0.300,0.300,462,1
0.350,0.350,0.350,0.300,0.300,0.300,0.350,0.350,0.350,0.300,0.300,0.300,726,1
0.350,0.350,0.350,0.300,0.300,0.300,0.310,0.310,0.310,0.300,0.300,0.300,194,1
0.300,0.300,0.300,0.350,0.350,0.350,0.300,0.300,0.300,0.290,0.290,0.290,126,1
0.300,0.300,0.300,0.350,0.350,0.350,0.300,0.300,0.300,0.280,0.280,0.280,653,1
0.350,0.350,0.350,0.300,0.300,0.300,0.320,0.320,0.320,0.300,0.300,0.300,756,1
0.300,0.300,0.300,0.350,0.350,0.350,0.300,0.300,0.300,0.280,0.280,0.280,26,1
0.300,0.300,0.300,0.300,0.300,0.300,0.300,0.300,0.300,0.300,0.300,0.300,974,2
0.350,0.350,0.350,0.300,0.300,0.300,0.330,0.330,0.330,0.300,0.300,0.300,262,1
0.300,0.300,0.300,0.250,0.250,0.250,0.300,0.300,0.300,0.310,0.310,0.310,172,2
0.300,0.300,0.300,0.350,0.350,0.350,0.300,0.300,0.300,0.320,0.320,0.320,30,2
0.350,0.350,0.350,0.300,0.300,0.300,0.330,0.330,0.330,0.300,0.300,0.300,295,1
0.300,0.300,0.300,0.350,0.350,0.350,0.300,0.300,0.300,0.280,0.280,0.280,356,1
0.300,0.300,0.300,0.250,0.250,0.250,0.300,0.300,0.300,0.260,0.260,0.260,464,1
0.300,0.300,0.300,0.250,0.250,0.250,0.300,0.300,0.300,0.270,0.270,0.270,69,1
0.300,0.300,0.300,0.250,0.250,0.250,0.300,0.300,0.300,0.320,0.320,0.320,569,2
0.300,0.300,0.300,0.300,0.300,0.300,0.250,0.250,0.250,0.300,0.300,0.300,606,2
0.250,0.250,0.250,0.300,0.300,0.300,0.340,0.340,0.340,0.300,0.300,0.300,406,1
0.300,0.300,0.300,0.250,0.250,0.250,0.300,0.300,0.300,0.290,0.290,0.290,731,1
0.350,0.350,0.350,0.300,0.300,0.300,0.330,0.330,0.330,0.300,0.300,0.300,889,1
0.300,0.300,0.300,0.300,0.300,0.300,0.290,0.290,0.290,0.300,0.300,0.300,940,2
0.300,0.300,0.300,0.350,0.350,0.350,0.300,0.300,0.300,0.300,0.300,0.300,457,2
0.300,0.300,0.300,0.250,0.250,0.250,0.300,0.300,0.300,0.340,0.340,0.340,637,2
0.300,0.300,0.300,0.350,0.350,0.350,0.300,0.300,0.300,0.260,0.260,0.260,519,1
0.250,0.250,0.250,0.300,0.300,0.300,0.300,0.300,0.300,0.300,0.300,0.300,534,1
0.350,0.350,0.350,0.300,0.300,0.300,0.310,0.310,0.310,0.300,0.300,0.300,623,1
0.300,0.300,0.300,0.300,0.300,0.300,0.280,0.280,0.280,0.300,0.300,0.300,279,2
0.300,0.300,0.300,0.350,0.350,0.350,0.300,0.300,0.300,0.300,0.300,0.300,589,2
0.300,0.300,0.300,0.250,0.250,0.250,0.300,0.300,0.300,0.310,0.310,0.310,535,2
0.300,0.300,0.300,0.300,0.300,0.300,0.300,0.300,0.300,0.310,0.310,0.310,18,2
0.300,0.300,0.300,0.350,0.350,0.350,0.300,0.300,0.300,0.320,0.320,0.320,624,2
0.300,0.300,0.300,0.300,0.300,0.300,0.310,0.310,0.310,0.300,0.300,0.300,579,1
0.250,0.250,0.250,0.300,0.300,0.300,0.270,0.270,0.270,0.300,0.300,0.300,729,2
0.350,0.350,0.350,0.300,0.300,0.300,0.310,0.310,0.310,0.300,0.300,0.300,326,1
0.300,0.300,0.300,0.300,0.300,0.300,0.300,0.300,0.300,0.270,0.270,0.270,443,1
0.300,0.300,0.300,0.300,0.300,0.300,0.300,0.300,0.300,0.280,0.280,0.280,609,1
0.350,0.350,0.350,0.300,0.300,0.300,0.320,0.320,0.320,0.300,0.300,0.300,888,1
0.300,0.300,0.300,0.250,0.250,0.250,0.300,0.300,0.300,0.250,0.250,0.250,1,1
0.250,0.250,0.250,0.300,0.300,0.300,0.280,0.280,0.280,0.300,0.300,0.300,796,2
0.300,0.300,0.300,0.300,0.300,0.300,0.300,0.300,0.300,0.300,0.300,0.300,314,2
0.350,0.350,0.350,0.300,0.300,0.300,0.310,0.310,0.310,0.300,0.300,0.300,656,1
0.350,0.350,0.350,0.300,0.300,0.300,0.340,0.340,0.340,0.300,0.300,0.300,725,1
0.300,0.300,0.300,0.350,0.350,0.350,0.300,0.300,0.300,0.350,0.350,0.350,132,2
0.300,0.300,0.300,0.300,0.300,0.300,0.270,0.270,0.270,0.300,0.300,0.300,674,2
0.300,0.300,0.300,0.250,0.250,0.250,0.300,0.300,0.300,0.290,0.290,0.290,236,1
0.250,0.250,0.250,0.300,0.300,0.300,0.350,0.350,0.350,0.300,0.300,0.300,110,1
0.250,0.250,0.250,0.300,0.300,0.300,0.300,0.300,0.300,0.300,0.300,0.300,798,1
0.300,0.300,0.300,0.300,0.300,0.300,0.340,0.340,0.340,0.300,0.300,0.300,120,1
0.250,0.250,0.250,0.300,0.300,0.300,0.320,0.320,0.320,0.300,0.300,0.300,239,1
0.300,0.300,0.300,0.300,0.300,0.300,0.300,0.300,0.300,0.330,0.330,0.330,482,2
0.350,0.350,0.350,0.300,0.300,0.300,0.320,0.320,0.320,0.300,0.300,0.300,228,1
0.300,0.300,0.300,0.300,0.300,0.300,0.320,0.320,0.320,0.300,0.300,0.300,349,1
0.300,0.300,0.300,0.300,0.300,0.300,0.250,0.250,0.250,0.300,0.300,0.300,144,2
0.300,0.300,0.300,0.300,0.300,0.300,0.300,0.300,0.300,0.300,0.300,0.300,215,2
0.350,0.350,0.350,0.300,0.300,0.300,0.280,0.280,0.280,0.300,0.300,0.300,59,2
0.250,0.250,0.250,0.300,0.300,0.300,0.300,0.300,0.300,0.300,0.300,0.300,369,1
0.250,0.250,0.250,0.300,0.300,0.300,0.250,0.250,0.250,0.300,0.300,0.300,331,2
0.350,0.350,0.350,0.300,0.300,0.300,0.250,0.250,0.250,0.300,0.300,0.300,419,2
0.300,0.300,0.300,0.300,0.300,0.300,0.300,0.300,0.300,0.340,0.340,0.340,714,2
0.300,0.300,0.300,0.350,0.350,0.350,0.300,0.300,0.300,0.350,0.350,0.350,33,2
0.300,0.300,0.300,0.300,0.300,0.300,0.300,0.300,0.300,0.280,0.280,0.280,576,1
0.300,0.300,0.300,0.250,0.250,0.250,0.300,0.300,0.300,0.310,0.310,0.310,139,2
0.300,0.300,0.300,0.300,0.300,0.300,0.300,0.300,0.300,0.320,0.320,0.320,547,2
0.300,0.300,0.300,0.350,0.350,0.350,0.300,0.300,0.300,0.270,0.270,0.270,553,1
0.250,0.250,0.250,0.300,0.300,0.300,0.300,0.300,0.300,0.300,0.300,0.300,600,1
0.300,0.300,0.300,0.350,0.350,0.350,0.300,0.300,0.300,0.250,0.250,0.250,287,1
0.250,0.250,0.250,0.300,0.300,0.300,0.310,0.310,0.310,0.300,0.300,0.300,700,1
0.300,0.300,0.300,0.350,0.350,0.350,0.300,0.300,0.300,0.310,0.310,0.310,788,2
0.350,0.350,0.350,0.300,0.300,0.300,0.330,0.330,0.330,0.300,0.300,0.300,64,1
0.350,0.350,0.350,0.300,0.300,0.300,0.310,0.310,0.310,0.300,0.300,0.300,392,1
0.300,0.300,0.300,0.350,0.350,0.350,0.300,0.300,0.300,0.270,0.270,0.270,751,1
0.300,0.300,0.300,0.250,0.250,0.250,0.300,0.300,0.300,0.280,0.280,0.280,433,1
0.300,0.300,0.300,0.300,0.300,0.300,0.300,0.300,0.300,0.280,0.280,0.280,114,1
0.350,0.350,0.350,0.300,0.300,0.300,0.340,0.340,0.340,0.300,0.300,0.300,461,1
0.300,0.300,0.300,0.300,0.300,0.300,0.250,0.250,0.250,0.300,0.300,0.300,573,2
0.250,0.250,0.250,0.300,0.300,0.300,0.320,0.320,0.320,0.300,0.300,0.300,503,1
0.250,0.250,0.250,0.300,0.300,0.300,0.320,0.320,0.320,0.300,0.300,0.300,107,1
0.300,0.300,0.300,0.300,0.300,0.300,0.300,0.300,0.300,0.250,0.250,0.250,45,1
0.250,0.250,0.250,0.300,0.300,0.300,0.260,0.260,0.260,0.300,0.300,0.300,761,2
0.300,0.300,0.300,0.300,0.300,0.300,0.340,0.340,0.340,0.300,0.300,0.300,417,1
0.250,0.250,0.250,0.300,0.300,0.300,0.270,0.270,0.270,0.300,0.300,0.300,267,2
0.300,0.300,0.300,0.250,0.250,0.250,0.300,0.300,0.300,0.330,0.330,0.330,834,2
0.250,0.250,0.250,0.300,0.300,0.300,0.350,0.350,0.350,0.300,0.300,0.300,341,1
0.300,0.300,0.300,0.300,0.300,0.300,0.280,0.280,0.280,0.300,0.300,0.300,906,2
0.300,0.300,0.300,0.300,0.300,0.300,0.300,0.300,0.300,0.300,0.300,0.300,17,2
0.250,0.250,0.250,0.300,0.300,0.300,0.320,0.320,0.320,0.300,0.300,0.300,932,1
0.300,0.300,0.300,0.350,0.350,0.350,0.300,0.300,0.300,0.280,0.280,0.280,389,1
0.350,0.350,0.350,0.300,0.300,0.300,0.350,0.350,0.350,0.300,0.300,0.300,561,1
0.300,0.300,0.300,0.300,0.300,0.300,0.340,0.340,0.340,0.300,0.300,0.300,648,1
0.250,0.250,0.250,0.300,0.300,0.300,0.250,0.250,0.250,0.300,0.300,0.300,859,2
0.350,0.350,0.350,0.300,0.300,0.300,0.270,0.270,0.270,0.300,0.300,0.300,322,2
0.300,0.300,0.300,0.350,0.350,0.350,0.300,0.300,0.300,0.310,0.310,0.310,95,2
0.300,0.300,0.300,0.300,0.300,0.300,0.270,0.270,0.270,0.300,0.300,0.300,344,2
0.300,0.300,0.300,0.250,0.250,0.250,0.300,0.300,0.300,0.250,0.250,0.250,661,1
0.300,0.300,0.300,0.300,0.300,0.300,0.300,0.300,0.300,0.310,0.310,0.310,150,2
0.300,0.300,0.300,0.350,0.350,0.350,0.300,0.300,0.300,0.260,0.260,0.260,618,1
0.300,0.300,0.300,0.250,0.250,0.250,0.300,0.300,0.300,0.310,0.310,0.310,832,2
0.250,0.250,0.250,0.300,0.300,0.300,0.270,0.270,0.270,0.300,0.300,0.300,663,2
0.300,0.300,0.300,0.300,0.300,0.300,0.300,0.300,0.300,0.300,0.300,0.300,479,2
0.300,0.300,0.300,0.350,0.350,0.350,0.300,0.300,0.300,0.350,0.350,0.350,759,2
0.300,0.300,0.300,0.300,0.300,0.300,0.300,0.300,0.300,0.290,0.290,0.290,214,1
0.300,0.300,0.300,0.300,0.300,0.300,0.300,0.300,0.300,0.270,0.270,0.270,608,1
0.300,0.300,0.300,0.250,0.250,0.250,0.300,0.300,0.300,0.310,0.310,0.310,799,2
0.300,0.300,0.300,0.250,0.250,0.250,0.300,0.300,0.300,0.270,0.270,0.270,828,1
0.300,0.300,0.300,0.300,0.300,0.300,0.300,0.300,0.300,0.270,0.270,0.270,509,1
0.250,0.250,0.250,0.300,0.300,0.300,0.310,0.310,0.310,0.300,0.300,0.300,601,1
0.300,0.300,0.300,0.250,0.250,0.250,0.300,0.300,0.300,0.290,0.290,0.290,137,1
0.350,0.350,0.350,0.300,0.300,0.300,0.290,0.290,0.290,0.300,0.300,0.300,27,2
0.300,0.300,0.300,0.300,0.300,0.300,0.300,0.300,0.300,0.320,0.320,0.320,19,2
0.350,0.350,0.350,0.300,0.300,0.300,0.320,0.320,0.320,0.300,0.300,0.300,327,1
0.300,0.300,0.300,0.350,0.350,0.350,0.300,0.300,0.300,0.300,0.300,0.300,391,2
0.300,0.300,0.300,0.300,0.300,0.300,0.300,0.300,0.300,0.270,0.270,0.270,773,1
0.300,0.300,0.300,0.300,0.300,0.300,0.330,0.330,0.330,0.300,0.300,0.300,152,1
0.300,0.300,0.300,0.300,0.300,0.300,0.270,0.270,0.270,0.300,0.300,0.300,806,2
0.300,0.300,0.300,0.250,0.250,0.250,0.300,0.300,0.300,0.270,0.270,0.270,300,1
0.250,0.250,0.250,0.300,0.300,0.300,0.300,0.300,0.300,0.300,0.300,0.300,468,1
0.300,0.300,0.300,0.300,0.300,0.300,0.320,0.320,0.320,0.300,0.300,0.300,382,1
0.300,0.300,0.300,0.350,0.350,0.350,0.300,0.300,0.300,0.350,0.350,0.350,99,2
0.300,0.300,0.300,0.300,0.300,0.300,0.300,0.300,0.300,0.250,0.250,0.250,936,1
0.350,0.350,0.350,0.300,0.300,0.300,0.270,0.270,0.270,0.300,0.300,0.300,25,2
0.350,0.350,0.350,0.300,0.300,0.300,0.270,0.270,0.270,0.300,0.300,0.300,256,2
0.300,0.300,0.300,0.350,0.350,0.350,0.300,0.300,0.300,0.290,0.290,0.290,225,1
0.300,0.300,0.300,0.250,0.250,0.250,0.300,0.300,0.300,0.290,0.290,0.290,401,1
0.300,0.300,0.300,0.300,0.300,0.300,0.300,0.300,0.300,0.280,0.280,0.280,411,1
0.300,0.300,0.300,0.350,0.350,0.350,0.300,0.300,0.300,0.270,0.270,0.270,652,1
0.300,0.300,0.300,0.250,0.250,0.250,0.300,0.300,0.300,0.280,0.280,0.280,37,1
0.300,0.300,0.300,0.300,0.300,0.300,0.300,0.300,0.300,0.310,0.310,0.310,546,2
0.300,0.300,0.300,0.300,0.300,0.300,0.300,0.300,0.300,0.290,0.290,0.290,511,1
0.300,0.300,0.300,0.300,0.300,0.300,0.300,0.300,0.300,0.260,0.260,0.260,46,1
0.350,0.350,0.350,0.300,0.300,0.300,0.270,0.270,0.270,0.300,0.300,0.300,58,2
0.250,0.250,0.250,0.300,0.300,0.300,0.250,0.250,0.250,0.300,0.300,0.300,133,2
0.350,0.350,0.350,0.300,0.300,0.300,0.280,0.280,0.280,0.300,0.300,0.300,158,2
0.250,0.250,0.250,0.300,0.300,0.300,0.340,0.340,0.340,0.300,0.300,0.300,571,1
0.300,0.300,0.300,0.300,0.300,0.300,0.290,0.290,0.290,0.300,0.300,0.300,148,2
0.350,0.350,0.350,0.300,0.300,0.300,0.340,0.340,0.340,0.300,0.300,0.300,890,1
0.300,0.300,0.300,0.250,0.250,0.250,0.300,0.300,0.300,0.260,0.260,0.260,662,1
0.300,0.300,0.300,0.350,0.350,0.350,0.300,0.300,0.300,0.320,0.320,0.320,129,2
0.350,0.350,0.350,0.300,0.300,0.300,0.290,0.290,0.290,0.300,0.300,0.300,753,2
0.300,0.300,0.300,0.300,0.300,0.300,0.300,0.300,0.300,0.350,0.350,0.350,913,2
0.350,0.350,0.350,0.300,0.300,0.300,0.310,0.310,0.310,0.300,0.300,0.300,425,1
0.300,0.300,0.300,0.350,0.350,0.350,0.300,0.300,0.300,0.350,0.350,0.350,825,2
0.250,0.250,0.250,0.300,0.300,0.300,0.290,0.290,0.290,0.300,0.300,0.300,269,2
0.300,0.300,0.300,0.300,0.300,0.300,0.300,0.300,0.300,0.260,0.260,0.260,838,1
0.300,0.300,0.300,0.300,0.300,0.300,0.300,0.300,0.300,0.300,0.300,0.300,875,1
0.250,0.250,0.250,0.300,0.300,0.300,0.280,0.280,0.280,0.300,0.300,0.300,301,2
0.300,0.300,0.300,0.250,0.250,0.250,0.300,0.300,0.300,0.320,0.320,0.320,866,2
0.300,0.300,0.300,0.300,0.300,0.300,0.300,0.300,0.300,0.310,0.310,0.310,480,2
0.300,0.300,0.300,0.250,0.250,0.250,0.300,0.300,0.300,0.320,0.320,0.320,965,2
0.350,0.350,0.350,0.300,0.300,0.300,0.280,0.280,0.280,0.300,0.300,0.300,851,2
0.250,0.250,0.250,0.300,0.300,0.300,0.320,0.320,0.320,0.300,0.300,0.300,668,1
0.300,0.300,0.300,0.300,0.300,0.300,0.290,0.290,0.290,0.300,0.300,0.300,346,2
0.350,0.350,0.350,0.300,0.300,0.300,0.250,0.250,0.250,0.300,0.300,0.300,221,2
0.250,0.250,0.250,0.300,0.300,0.300,0.350,0.350,0.350,0.300,0.300,0.300,440,1
0.300,0.300,0.300,0.250,0.250,0.250,0.300,0.300,0.300,0.320,0.320,0.320,305,2
0.350,0.350,0.350,0.300,0.300,0.300,0.330,0.330,0.330,0.300,0.300,0.300,955,1
0.300,0.300,0.300,0.300,0.300,0.300,0.250,0.250,0.250,0.300,0.300,0.300,408,2
0.350,0.350,0.350,0.300,0.300,0.300,0.340,0.340,0.340,0.300,0.300,0.300,923,1
0.300,0.300,0.300,0.300,0.300,0.300,0.300,0.300,0.300,0.320,0.320,0.320,118,2
0.350,0.350,0.350,0.300,0.300,0.300,0.310,0.310,0.310,0.300,0.300,0.300,953,1
0.350,0.350,0.350,0.300,0.300,0.300,0.320,0.320,0.320,0.300,0.300,0.300,921,1
0.300,0.300,0.300,0.350,0.350,0.350,0.300,0.300,0.300,0.300,0.300,0.300,853,2
0.300,0.300,0.300,0.300,0.300,0.300,0.310,0.310,0.310,0.300,0.300,0.300,744,1
0.250,0.250,0.250,0.300,0.300,0.300,0.340,0.340,0.340,0.300,0.300,0.300,769,1
0.300,0.300,0.300,0.300,0.300,0.300,0.300,0.300,0.300,0.350,0.350,0.350,451,2
0.300,0.300,0.300,0.300,0.300,0.300,0.320,0.320,0.320,0.300,0.300,0.300,316,1
0.300,0.300,0.300,0.300,0.300,0.300,0.300,0.300,0.300,0.260,0.260,0.260,508,1
0.250,0.250,0.250,0.300,0.300,0.300,0.250,0.250,0.250,0.300,0.300,0.300,199,2
0.350,0.350,0.350,0.300,0.300,0.300,0.300,0.300,0.300,0.300,0.300,0.300,226,1
0.250,0.250,0.250,0.300,0.300,0.300,0.310,0.310,0.310,0.300,0.300,0.300,271,1
0.300,0.300,0.300,0.300,0.300,0.300,0.340,0.340,0.340,0.300,0.300,0.300,21,1
0.300,0.300,0.300,0.350,0.350,0.350,0.300,0.300,0.300,0.330,0.330,0.330,823,2
0.300,0.300,0.300,0.300,0.300,0.300,0.300,0.300,0.300,0.270,0.270,0.270,14,1
0.300,0.300,0.300,0.300,0.300,0.300,0.300,0.300,0.300,0.350,0.350,0.350,847,2
0.300,0.300,0.300,0.250,0.250,0.250,0.300,0.300,0.300,0.290,0.290,0.290,632,1
0.300,0.300,0.300,0.300,0.300,0.300,0.270,0.270,0.270,0.300,0.300,0.300,905,2
0.300,0.300,0.300,0.300,0.300,0.300,0.330,0.330,0.330,0.300,0.300,0.300,779,1
0.350,0.350,0.350,0.300,0.300,0.300,0.330,0.330,0.330,0.300,0.300,0.300,790,1
0.250,0.250,0.250,0.300,0.300,0.300,0.320,0.320,0.320,0.300,0.300,0.300,272,1
0.300,0.300,0.300,0.250,0.250,0.250,0.300,0.300,0.300,0.250,0.250,0.250,826,1
0.300,0.300,0.300,0.350,0.350,0.350,0.300,0.300,0.300,0.320,0.320,0.320,723,2
0.250,0.250,0.250,0.300,0.300,0.300,0.340,0.340,0.340,0.300,0.300,0.300,934,1
0.300,0.300,0.300,0.300,0.300,0.300,0.300,0.300,0.300,0.260,0.260,0.260,673,1
0.300,0.300,0.300,0.350,0.350,0.350,0.300,0.300,0.300,0.350,0.350,0.350,231,2
0.350,0.350,0.350,0.300,0.300,0.300,0.350,0.350,0.350,0.300,0.300,0.300,330,1
0.300,0.300,0.300,0.250,0.250,0.250,0.300,0.300,0.300,0.260,0.260,0.260,101,1
0.300,0.300,0.300,0.300,0.300,0.300,0.300,0.300,0.300,0.300,0.300,0.300,941,2
0.300,0.300,0.300,0.300,0.300,0.300,0.300,0.300,0.300,0.280,0.280,0.280,246,1
0.300,0.300,0.300,0.300,0.300,0.300,0.300,0.300,0.300,0.260,0.260,0.260,871,1
0.300,0.300,0.300,0.250,0.250,0.250,0.300,0.300,0.300,0.320,0.320,0.320,140,2
0.300,0.300,0.300,0.350,0.350,0.350,0.300,0.300,0.300,0.350,0.350,0.350,693,2
0.300,0.300,0.300,0.300,0.300,0.300,0.280,0.280,0.280,0.300,0.300,0.300,708,2
0.250,0.250,0.250,0.300,0.300,0.300,0.270,0.270,0.270,0.300,0.300,0.300,366,2
0.300,0.300,0.300,0.300,0.300,0.300,0.330,0.330,0.330,0.300,0.300,0.300,284,1
0.300,0.300,0.300,0.250,0.250,0.250,0.300,0.300,0.300,0.270,0.270,0.270,3,1
0.250,0.250,0.250,0.300,0.300,0.300,0.290,0.290,0.290,0.300,0.300,0.300,467,2
0.300,0.300,0.300,0.300,0.300,0.300,0.300,0.300,0.300,0.260,0.260,0.260,13,1
0.350,0.350,0.350,0.300,0.300,0.300,0.250,0.250,0.250,0.300,0.300,0.300,782,2
0.300,0.300,0.300,0.300,0.300,0.300,0.310,0.310,0.310,0.300,0.300,0.300,117,1
0.300,0.300,0.300,0.300,0.300,0.300,0.300,0.300,0.300,0.330,0.330,0.330,119,2
0.300,0.300,0.300,0.300,0.300,0.300,0.270,0.270,0.270,0.300,0.300,0.300,245,2
0.250,0.250,0.250,0.300,0.300,0.300,0.340,0.340,0.340,0.300,0.300,0.300,505,1
0.300,0.300,0.300,0.250,0.250,0.250,0.300,0.300,0.300,0.310,0.310,0.310,766,2
0.300,0.300,0.300,0.350,0.350,0.350,0.300,0.300,0.300,0.340,0.340,0.340,197,2
0.300,0.300,0.300,0.300,0.300,0.300,0.330,0.330,0.330,0.300,0.300,0.300,581,1
0.300,0.300,0.300,0.300,0.300,0.300,0.290,0.290,0.290,0.300,0.300,0.300,181,2
0.250,0.250,0.250,0.300,0.300,0.300,0.340,0.340,0.340,0.300,0.300,0.300,604,1
0.250,0.250,0.250,0.300,0.300,0.300,0.320,0.320,0.320,0.300,0.300,0.300,173,1
0.250,0.250,0.250,0.300,0.300,0.300,0.290,0.290,0.290,0.300,0.300,0.300,368,2
0.300,0.300,0.300,0.250,0.250,0.250,0.300,0.300,0.300,0.260,0.260,0.260,134,1
0.250,0.250,0.250,0.300,0.300,0.300,0.250,0.250,0.250,0.300,0.300,0.300,925,2
0.250,0.250,0.250,0.300,0.300,0.300,0.280,0.280,0.280,0.300,0.300,0.300,367,2
0.300,0.300,0.300,0.350,0.350,0.350,0.300,0.300,0.300,0.270,0.270,0.270,784,1
0.250,0.250,0.250,0.300,0.300,0.300,0.270,0.270,0.270,0.300,0.300,0.300,795,2
0.300,0.300,0.300,0.250,0.250,0.250,0.300,0.300,0.300,0.300,0.300,0.300,435,2
0.250,0.250,0.250,0.300,0.300,0.300,0.250,0.250,0.250,0.300,0.300,0.300,34,2
0.300,0.300,0.300,0.300,0.300,0.300,0.300,0.300,0.300,0.260,0.260,0.260,574,1
0.300,0.300,0.300,0.350,0.350,0.350,0.300,0.300,0.300,0.270,0.270,0.270,949,1
0.350,0.350,0.350,0.300,0.300,0.300,0.250,0.250,0.250,0.300,0.300,0.300,749,2
0.300,0.300,0.300,0.350,0.350,0.350,0.300,0.300,0.300,0.350,0.350,0.350,198,2
0.300,0.300,0.300,0.350,0.350,0.350,0.300,0.300,0.300,0.350,0.350,0.350,495,2
0.300,0.300,0.300,0.300,0.300,0.300,0.290,0.290,0.290,0.300,0.300,0.300,478,2
0.350,0.350,0.350,0.300,0.300,0.300,0.290,0.290,0.290,0.300,0.300,0.300,423,2
0.300,0.300,0.300,0.300,0.300,0.300,0.300,0.300,0.300,0.330,0.330,0.330,20,2
0.300,0.300,0.300,0.300,0.300,0.300,0.290,0.290,0.290,0.300,0.300,0.300,577,2
0.300,0.300,0.300,0.350,0.350,0.350,0.300,0.300,0.300,0.300,0.300,0.300,325,2
0.300,0.300,0.300,0.250,0.250,0.250,0.300,0.300,0.300,0.290,0.290,0.290,698,1
0.250,0.250,0.250,0.300,0.300,0.300,0.340,0.340,0.340,0.300,0.300,0.300,967,1
0.350,0.350,0.350,0.300,0.300,0.300,0.290,0.290,0.290,0.300,0.300,0.300,555,2
0.300,0.300,0.300,0.300,0.300,0.300,0.340,0.340,0.340,0.300,0.300,0.300,54,1
0.300,0.300,0.300,0.300,0.300,0.300,0.290,0.290,0.290,0.300,0.300,0.300,742,2
0.300,0.300,0.300,0.250,0.250,0.250,0.300,0.300,0.300,0.300,0.300,0.300,930,2
0.300,0.300,0.300,0.300,0.300,0.300,0.350,0.350,0.350,0.300,0.300,0.300,418,1
0.250,0.250,0.250,0.300,0.300,0.300,0.320,0.320,0.320,0.300,0.300,0.300,338,1
0.250,0.250,0.250,0.300,0.300,0.300,0.310,0.310,0.310,0.300,0.300,0.300,337,1
0.300,0.300,0.300,0.300,0.300,0.300,0.290,0.290,0.290,0.300,0.300,0.300,775,2
0.300,0.300,0.300,0.300,0.300,0.300,0.300,0.300,0.300,0.300,0.300,0.300,611,1
0.300,0.300,0.300,0.300,0.300,0.300,0.300,0.300,0.300,0.350,0.350,0.350,946,2
0.300,0.300,0.300,0.250,0.250,0.250,0.300,0.300,0.300,0.320,0.320,0.320,635,2
0.350,0.350,0.350,0.300,0.300,0.300,0.280,0.280,0.280,0.300,0.300,0.300,785,2
0.250,0.250,0.250,0.300,0.300,0.300,0.280,0.280,0.280,0.300,0.300,0.300,202,2
0.300,0.300,0.300,0.300,0.300,0.300,0.340,0.340,0.340,0.300,0.300,0.300,615,1
0.300,0.300,0.300,0.300,0.300,0.300,0.350,0.350,0.350,0.300,0.300,0.300,880,1
0.250,0.250,0.250,0.300,0.300,0.300,0.270,0.270,0.270,0.300,0.300,0.300,168,2
0.300,0.300,0.300,0.300,0.300,0.300,0.280,0.280,0.280,0.300,0.300,0.300,477,2
0.300,0.300,0.300,0.250,0.250,0.250,0.300,0.300,0.300,0.290,0.290,0.290,599,1
0.300,0.300,0.300,0.300,0.300,0.300,0.300,0.300,0.300,0.340,0.340,0.340,582,2
0.350,0.350,0.350,0.300,0.300,0.300,0.340,0.340,0.340,0.300,0.300,0.300,263,1
0.250,0.250,0.250,0.300,0.300,0.300,0.320,0.320,0.320,0.300,0.300,0.300,8,1
0.350,0.350,0.350,0.300,0.300,0.300,0.300,0.300,0.300,0.300,0.300,0.300,721,1
0.250,0.250,0.250,0.300,0.300,0.300,0.260,0.260,0.260,0.300,0.300,0.300,497,2
0.300,0.300,0.300,0.250,0.250,0.250,0.300,0.300,0.300,0.260,0.260,0.260,200,1
0.300,0.300,0.300,0.350,0.350,0.350,0.300,0.300,0.300,0.340,0.340,0.340,758,2
0.250,0.250,0.250,0.300,0.300,0.300,0.300,0.300,0.300,0.300,0.300,0.300,6,1
0.300,0.300,0.300,0.350,0.350,0.350,0.300,0.300,0.300,0.250,0.250,0.250,914,1
0.300,0.300,0.300,0.300,0.300,0.300,0.280,0.280,0.280,0.300,0.300,0.300,81,2
0.300,0.300,0.300,0.300,0.300,0.300,0.330,0.330,0.330,0.300,0.300,0.300,878,1
0.350,0.350,0.350,0.300,0.300,0.300,0.350,0.350,0.350,0.300,0.300,0.300,792,1
0.300,0.300,0.300,0.300,0.300,0.300,0.310,0.310,0.310,0.300,0.300,0.300,612,1
0.300,0.300,0.300,0.250,0.250,0.250,0.300,0.300,0.300,0.350,0.350,0.350,737,2
0.250,0.250,0.250,0.300,0.300,0.300,0.350,0.350,0.350,0.300,0.300,0.300,308,1
0.350,0.350,0.350,0.300,0.300,0.300,0.250,0.250,0.250,0.300,0.300,0.300,551,2
0.300,0.300,0.300,0.300,0.300,0.300,0.300,0.300,0.300,0.250,0.250,0.250,78,1
0.350,0.350,0.350,0.300,0.300,0.300,0.300,0.300,0.300,0.300,0.300,0.300,523,1
0.350,0.350,0.350,0.300,0.300,0.300,0.280,0.280,0.280,0.300,0.300,0.300,191,2
0.350,0.350,0.350,0.300,0.300,0.300,0.260,0.260,0.260,0.300,0.300,0.300,156,2
0.250,0.250,0.250,0.300,0.300,0.300,0.270,0.270,0.270,0.300,0.300,0.300,927,2
0.350,0.350,0.350,0.300,0.300,0.300,0.280,0.280,0.280,0.300,0.300,0.300,125,2
0.350,0.350,0.350,0.300,0.300,0.300,0.260,0.260,0.260,0.300,0.300,0.300,585,2
0.350,0.350,0.350,0.300,0.300,0.300,0.290,0.290,0.290,0.300,0.300,0.300,522,2
0.250,0.250,0.250,0.300,0.300,0.300,0.250,0.250,0.250,0.300,0.300,0.300,958,2
0.250,0.250,0.250,0.300,0.300,0.300,0.340,0.340,0.340,0.300,0.300,0.300,472,1
0.250,0.250,0.250,0.300,0.300,0.300,0.270,0.270,0.270,0.300,0.300,0.300,696,2
0.300,0.300,0.300,0.250,0.250,0.250,0.300,0.300,0.300,0.340,0.340,0.340,703,2
0.300,0.300,0.300,0.300,0.300,0.300,0.300,0.300,0.300,0.320,0.320,0.320,646,2
0.300,0.300,0.300,0.300,0.300,0.300,0.300,0.300,0.300,0.300,0.300,0.300,446,2
0.300,0.300,0.300,0.350,0.350,0.350,0.300,0.300,0.300,0.280,0.280,0.280,917,1
0.300,0.300,0.300,0.300,0.300,0.300,0.300,0.300,0.300,0.300,0.300,0.300,842,2
0.250,0.250,0.250,0.300,0.300,0.300,0.330,0.330,0.330,0.300,0.300,0.300,372,1
0.300,0.300,0.300,0.300,0.300,0.300,0.300,0.300,0.300,0.340,0.340,0.340,351,2
0.300,0.300,0.300,0.250,0.250,0.250,0.300,0.300,0.300,0.330,0.330,0.330,174,2
0.350,0.350,0.350,0.300,0.300,0.300,0.320,0.320,0.320,0.300,0.300,0.300,162,1
0.300,0.300,0.300,0.250,0.250,0.250,0.300,0.300,0.300,0.260,0.260,0.260,794,1
0.250,0.250,0.250,0.300,0.300,0.300,0.280,0.280,0.280,0.300,0.300,0.300,598,2
0.300,0.300,0.300,0.350,0.350,0.350,0.300,0.300,0.300,0.270,0.270,0.270,586,1
0.350,0.350,0.350,0.300,0.300,0.300,0.290,0.290,0.290,0.300,0.300,0.300,192,2
0.300,0.300,0.300,0.250,0.250,0.250,0.300,0.300,0.300,0.330,0.330,0.330,75,2
0.350,0.350,0.350,0.300,0.300,0.300,0.280,0.280,0.280,0.300,0.300,0.300,290,2
0.300,0.300,0.300,0.300,0.300,0.300,0.350,0.350,0.350,0.300,0.300,0.300,286,1
0.300,0.300,0.300,0.250,0.250,0.250,0.300,0.300,0.300,0.260,0.260,0.260,431,1
0.300,0.300,0.300,0.350,0.350,0.350,0.300,0.300,0.300,0.340,0.340,0.340,857,2
0.300,0.300,0.300,0.300,0.300,0.300,0.300,0.300,0.300,0.280,0.280,0.280,972,1
0.350,0.350,0.350,0.300,0.300,0.300,0.280,0.280,0.280,0.300,0.300,0.300,884,2
0.250,0.250,0.250,0.300,0.300,0.300,0.310,0.310,0.310,0.300,0.300,0.300,238,1
0.350,0.350,0.350,0.300,0.300,0.300,0.250,0.250,0.250,0.300,0.300,0.300,683,2
0.300,0.300,0.300,0.350,0.350,0.350,0.300,0.300,0.300,0.320,0.320,0.320,195,2
0.300,0.300,0.300,0.300,0.300,0.300,0.300,0.300,0.300,0.250,0.250,0.250,804,1
0.350,0.350,0.350,0.300,0.300,0.300,0.290,0.290,0.290,0.300,0.300,0.300,159,2
0.300,0.300,0.300,0.350,0.350,0.350,0.300,0.300,0.300,0.340,0.340,0.340,230,2
0.250,0.250,0.250,0.300,0.300,0.300,0.270,0.270,0.270,0.300,0.300,0.300,960,2
0.300,0.300,0.300,0.300,0.300,0.300,0.290,0.290,0.290,0.300,0.300,0.300,247,2
0.300,0.300,0.300,0.350,0.350,0.350,0.300,0.300,0.300,0.350,0.350,0.350,660,2
0.300,0.300,0.300,0.250,0.250,0.250,0.300,0.300,0.300,0.300,0.300,0.300,402,2
0.300,0.300,0.300,0.250,0.250,0.250,0.300,0.300,0.300,0.340,0.340,0.340,307,2
0.250,0.250,0.250,0.300,0.300,0.300,0.260,0.260,0.260,0.300,0.300,0.300,629,2
0.300,0.300,0.300,0.350,0.350,0.350,0.300,0.300,0.300,0.330,0.330,0.330,493,2
0.300,0.300,0.300,0.300,0.300,0.300,0.330,0.330,0.330,0.300,0.300,0.300,383,1
0.300,0.300,0.300,0.300,0.300,0.300,0.350,0.350,0.350,0.300,0.300,0.300,88,1
0.300,0.300,0.300,0.300,0.300,0.300,0.260,0.260,0.260,0.300,0.300,0.300,178,2
0.300,0.300,0.300,0.300,0.300,0.300,0.300,0.300,0.300,0.290,0.290,0.290,874,1
0.300,0.300,0.300,0.300,0.300,0.300,0.300,0.300,0.300,0.340,0.340,0.340,516,2
0.300,0.300,0.300,0.250,0.250,0.250,0.300,0.300,0.300,0.350,0.350,0.350,704,2
0.300,0.300,0.300,0.250,0.250,0.250,0.300,0.300,0.300,0.350,0.350,0.350,209,2
0.350,0.350,0.350,0.300,0.300,0.300,0.320,0.320,0.320,0.300,0.300,0.300,558,1
0.300,0.300,0.300,0.350,0.350,0.350,0.300,0.300,0.300,0.310,0.310,0.310,722,2
0.300,0.300,0.300,0.300,0.300,0.300,0.300,0.300,0.300,0.280,0.280,0.280,15,1
0.300,0.300,0.300,0.300,0.300,0.300,0.260,0.260,0.260,0.300,0.300,0.300,310,2
0.300,0.300,0.300,0.300,0.300,0.300,0.300,0.300,0.300,0.300,0.300,0.300,347,1
0.300,0.300,0.300,0.250,0.250,0.250,0.300,0.300,0.300,0.300,0.300,0.300,39,2
0.250,0.250,0.250,0.300,0.300,0.300,0.270,0.270,0.270,0.300,0.300,0.300,894,2
0.300,0.300,0.300,0.350,0.350,0.350,0.300,0.300,0.300,0.260,0.260,0.260,948,1
0.300,0.300,0.300,0.300,0.300,0.300,0.300,0.300,0.300,0.280,0.280,0.280,939,1
0.250,0.250,0.250,0.300,0.300,0.300,0.260,0.260,0.260,0.300,0.300,0.300,167,2
0.250,0.250,0.250,0.300,0.300,0.300,0.310,0.310,0.310,0.300,0.300,0.300,568,1
0.300,0.300,0.300,0.300,0.300,0.300,0.330,0.330,0.330,0.300,0.300,0.300,548,1
0.350,0.350,0.350,0.300,0.300,0.300,0.340,0.340,0.340,0.300,0.300,0.300,98,1
0.300,0.300,0.300,0.350,0.350,0.350,0.300,0.300,0.300,0.290,0.290,0.290,258,1
0.300,0.300,0.300,0.350,0.350,0.350,0.300,0.300,0.300,0.290,0.290,0.290,456,1
0.300,0.300,0.300,0.350,0.350,0.350,0.300,0.300,0.300,0.330,0.330,0.330,31,2
0.300,0.300,0.300,0.250,0.250,0.250,0.300,0.300,0.300,0.330,0.330,0.330,570,2
0.300,0.300,0.300,0.350,0.350,0.350,0.300,0.300,0.300,0.350,0.350,0.350,66,2
0.300,0.300,0.300,0.250,0.250,0.250,0.300,0.300,0.300,0.290,0.290,0.290,203,1
0.250,0.250,0.250,0.300,0.300,0.300,0.320,0.320,0.320,0.300,0.300,0.300,767,1
0.300,0.300,0.300,0.300,0.300,0.300,0.320,0.320,0.320,0.300,0.300,0.300,151,1
0.300,0.300,0.300,0.350,0.350,0.350,0.300,0.300,0.300,0.270,0.270,0.270,190,1
0.250,0.250,0.250,0.300,0.300,0.300,0.310,0.310,0.310,0.300,0.300,0.300,634,1
0.250,0.250,0.250,0.300,0.300,0.300,0.280,0.280,0.280,0.300,0.300,0.300,268,2
0.250,0.250,0.250,0.300,0.300,0.300,0.320,0.320,0.320,0.300,0.300,0.300,701,1
0.300,0.300,0.300,0.250,0.250,0.250,0.300,0.300,0.300,0.330,0.330,0.330,405,2
0.350,0.350,0.350,0.300,0.300,0.300,0.310,0.310,0.310,0.300,0.300,0.300,590,1
0.350,0.350,0.350,0.300,0.300,0.300,0.270,0.270,0.270,0.300,0.300,0.300,421,2
0.250,0.250,0.250,0.300,0.300,0.300,0.280,0.280,0.280,0.300,0.300,0.300,862,2
0.350,0.350,0.350,0.300,0.300,0.300,0.280,0.280,0.280,0.300,0.300,0.300,92,2
0.300,0.300,0.300,0.300,0.300,0.300,0.280,0.280,0.280,0.300,0.300,0.300,807,2
0.300,0.300,0.300,0.250,0.250,0.250,0.300,0.300,0.300,0.260,0.260,0.260,695,1
0.300,0.300,0.300,0.250,0.250,0.250,0.300,0.300,0.300,0.350,0.350,0.350,836,2
0.350,0.350,0.350,0.300,0.300,0.300,0.300,0.300,0.300,0.300,0.300,0.300,754,1
0.350,0.350,0.350,0.300,0.300,0.300,0.260,0.260,0.260,0.300,0.300,0.300,354,2
0.300,0.300,0.300,0.250,0.250,0.250,0.300,0.300,0.300,0.340,0.340,0.340,43,2
0.250,0.250,0.250,0.300,0.300,0.300,0.260,0.260,0.260,0.300,0.300,0.300,563,2
0.250,0.250,0.250,0.300,0.300,0.300,0.250,0.250,0.250,0.300,0.300,0.300,496,2
0.250,0.250,0.250,0.300,0.300,0.300,0.310,0.310,0.310,0.300,0.300,0.300,106,1
0.300,0.300,0.300,0.300,0.300,0.300,0.300,0.300,0.300,0.300,0.300,0.300,116,1
0.300,0.300,0.300,0.300,0.300,0.300,0.260,0.260,0.260,0.300,0.300,0.300,79,2
0.250,0.250,0.250,0.300,0.300,0.300,0.260,0.260,0.260,0.300,0.300,0.300,2,2
0.300,0.300,0.300,0.250,0.250,0.250,0.300,0.300,0.300,0.300,0.300,0.300,897,2
0.300,0.300,0.300,0.300,0.300,0.300,0.300,0.300,0.300,0.340,0.340,0.340,219,2
0.350,0.350,0.350,0.300,0.300,0.300,0.310,0.310,0.310,0.300,0.300,0.300,491,1
0.300,0.300,0.300,0.250,0.250,0.250,0.300,0.300,0.300,0.250,0.250,0.250,232,1
0.250,0.250,0.250,0.300,0.300,0.300,0.270,0.270,0.270,0.300,0.300,0.300,597,2
0.250,0.250,0.250,0.300,0.300,0.300,0.270,0.270,0.270,0.300,0.300,0.300,630,2
0.300,0.300,0.300,0.250,0.250,0.250,0.300,0.300,0.300,0.320,0.320,0.320,470,2
0.350,0.350,0.350,0.300,0.300,0.300,0.300,0.300,0.300,0.300,0.300,0.300,61,1
0.250,0.250,0.250,0.300,0.300,0.300,0.280,0.280,0.280,0.300,0.300,0.300,70,2
0.300,0.300,0.300,0.350,0.350,0.350,0.300,0.300,0.300,0.260,0.260,0.260,222,1
0.250,0.250,0.250,0.300,0.300,0.300,0.290,0.290,0.290,0.300,0.300,0.300,5,2
0.300,0.300,0.300,0.300,0.300,0.300,0.300,0.300,0.300,0.350,0.350,0.350,220,2
0.300,0.300,0.300,0.250,0.250,0.250,0.300,0.300,0.300,0.250,0.250,0.250,397,1
0.250,0.250,0.250,0.300,0.300,0.300,0.280,0.280,0.280,0.300,0.300,0.300,4,2
0.300,0.300,0.300,0.300,0.300,0.300,0.320,0.320,0.320,0.300,0.300,0.300,283,1
0.300,0.300,0.300,0.300,0.300,0.300,0.250,0.250,0.250,0.300,0.300,0.300,540,2
0.300,0.300,0.300,0.300,0.300,0.300,0.300,0.300,0.300,0.290,0.290,0.290,841,1
0.300,0.300,0.300,0.300,0.300,0.300,0.300,0.300,0.300,0.340,0.340,0.340,978,2
0.250,0.250,0.250,0.300,0.300,0.300,0.350,0.350,0.350,0.300,0.300,0.300,11,1
0.250,0.250,0.250,0.300,0.300,0.300,0.290,0.290,0.290,0.300,0.300,0.300,335,2
0.350,0.350,0.350,0.300,0.300,0.300,0.260,0.260,0.260,0.300,0.300,0.300,255,2
0.300,0.300,0.300,0.250,0.250,0.250,0.300,0.300,0.300,0.310,0.310,0.310,403,2
0.300,0.300,0.300,0.300,0.300,0.300,0.300,0.300,0.300,0.280,0.280,0.280,774,1
0.300,0.300,0.300,0.350,0.350,0.350,0.300,0.300,0.300,0.270,0.270,0.270,91,1
0.300,0.300,0.300,0.300,0.300,0.300,0.340,0.340,0.340,0.300,0.300,0.300,549,1
0.300,0.300,0.300,0.300,0.300,0.300,0.330,0.330,0.330,0.300,0.300,0.300,812,1
0.300,0.300,0.300,0.350,0.350,0.350,0.300,0.300,0.300,0.260,0.260,0.260,453,1
0.300,0.300,0.300,0.250,0.250,0.250,0.300,0.300,0.300,0.280,0.280,0.280,829,1
0.350,0.350,0.350,0.300,0.300,0.300,0.290,0.290,0.290,0.300,0.300,0.300,687,2
0.300,0.300,0.300,0.350,0.350,0.350,0.300,0.300,0.300,0.330,0.330,0.330,625,2
0.350,0.350,0.350,0.300,0.300,0.300,0.330,0.330,0.330,0.300,0.300,0.300,394,1
0.350,0.350,0.350,0.300,0.300,0.300,0.320,0.320,0.320,0.300,0.300,0.300,294,1
0.300,0.300,0.300,0.300,0.300,0.300,0.280,0.280,0.280,0.300,0.300,0.300,642,2
0.300,0.300,0.300,0.350,0.350,0.350,0.300,0.300,0.300,0.330,0.330,0.330,526,2
0.300,0.300,0.300,0.250,0.250,0.250,0.300,0.300,0.300,0.350,0.350,0.350,374,2
0.300,0.300,0.300,0.250,0.250,0.250,0.300,0.300,0.300,0.350,0.350,0.350,935,2
0.300,0.300,0.300,0.300,0.300,0.300,0.300,0.300,0.300,0.320,0.320,0.320,679,2
0.300,0.300,0.300,0.250,0.250,0.250,0.300,0.300,0.300,0.270,0.270,0.270,36,1
0.300,0.300,0.300,0.350,0.350,0.350,0.300,0.300,0.300,0.260,0.260,0.260,123,1
0.300,0.300,0.300,0.300,0.300,0.300,0.300,0.300,0.300,0.260,0.260,0.260,475,1
0.300,0.300,0.300,0.300,0.300,0.300,0.300,0.300,0.300,0.350,0.350,0.350,583,2
0.350,0.350,0.350,0.300,0.300,0.300,0.290,0.290,0.290,0.300,0.300,0.300,489,2
0.350,0.350,0.350,0.300,0.300,0.300,0.290,0.290,0.290,0.300,0.300,0.300,390,2
0.250,0.250,0.250,0.300,0.300,0.300,0.330,0.330,0.330,0.300,0.300,0.300,900,1
0.300,0.300,0.300,0.350,0.350,0.350,0.300,0.300,0.300,0.250,0.250,0.250,254,1
0.300,0.300,0.300,0.350,0.350,0.350,0.300,0.300,0.300,0.350,0.350,0.350,264,2
0.300,0.300,0.300,0.300,0.300,0.300,0.320,0.320,0.320,0.300,0.300,0.300,712,1
0.300,0.300,0.300,0.250,0.250,0.250,0.300,0.300,0.300,0.340,0.340,0.340,736,2
0.300,0.300,0.300,0.350,0.350,0.350,0.300,0.300,0.300,0.320,0.320,0.320,987,2
0.300,0.300,0.300,0.250,0.250,0.250,0.300,0.300,0.300,0.340,0.340,0.340,802,2
0.300,0.300,0.300,0.350,0.350,0.350,0.300,0.300,0.300,0.280,0.280,0.280,587,1
0.300,0.300,0.300,0.300,0.300,0.300,0.300,0.300,0.300,0.340,0.340,0.340,681,2
0.300,0.300,0.300,0.300,0.300,0.300,0.330,0.330,0.330,0.300,0.300,0.300,449,1
0.300,0.300,0.300,0.300,0.300,0.300,0.350,0.350,0.350,0.300,0.300,0.300,484,1
0.300,0.300,0.300,0.250,0.250,0.250,0.300,0.300,0.300,0.280,0.280,0.280,499,1
0.250,0.250,0.250,0.300,0.300,0.300,0.270,0.270,0.270,0.300,0.300,0.300,102,2
0.300,0.300,0.300,0.300,0.300,0.300,0.320,0.320,0.320,0.300,0.300,0.300,943,1
0.300,0.300,0.300,0.350,0.350,0.350,0.300,0.300,0.300,0.260,0.260,0.260,849,1
0.350,0.350,0.350,0.300,0.300,0.300,0.280,0.280,0.280,0.300,0.300,0.300,983,2
0.300,0.300,0.300,0.250,0.250,0.250,0.300,0.300,0.300,0.290,0.290,0.290,665,1
0.300,0.300,0.300,0.350,0.350,0.350,0.300,0.300,0.300,0.340,0.340,0.340,791,2
0.250,0.250,0.250,0.300,0.300,0.300,0.350,0.350,0.350,0.300,0.300,0.300,242,1
0.300,0.300,0.300,0.300,0.300,0.300,0.300,0.300,0.300,0.280,0.280,0.280,510,1
0.250,0.250,0.250,0.300,0.300,0.300,0.280,0.280,0.280,0.300,0.300,0.300,565,2
0.350,0.350,0.350,0.300,0.300,0.300,0.280,0.280,0.280,0.300,0.300,0.300,719,2
0.350,0.350,0.350,0.300,0.300,0.300,0.330,0.330,0.330,0.300,0.300,0.300,922,1
0.300,0.300,0.300,0.300,0.300,0.300,0.300,0.300,0.300,0.300,0.300,0.300,743,2
0.300,0.300,0.300,0.350,0.350,0.350,0.300,0.300,0.300,0.260,0.260,0.260,915,1
0.300,0.300,0.300,0.250,0.250,0.250,0.300,0.300,0.300,0.330,0.330,0.330,42,2
0.300,0.300,0.300,0.350,0.350,0.350,0.300,0.300,0.300,0.310,0.310,0.310,755,2
0.300,0.300,0.300,0.350,0.350,0.350,0.300,0.300,0.300,0.330,0.330,0.330,163,2
0.300,0.300,0.300,0.300,0.300,0.300,0.300,0.300,0.300,0.260,0.260,0.260,409,1
0.300,0.300,0.300,0.350,0.350,0.350,0.300,0.300,0.300,0.340,0.340,0.340,560,2
0.300,0.300,0.300,0.350,0.350,0.350,0.300,0.300,0.300,0.340,0.340,0.340,65,2
0.300,0.300,0.300,0.350,0.350,0.350,0.300,0.300,0.300,0.260,0.260,0.260,189,1
0.300,0.300,0.300,0.300,0.300,0.300,0.300,0.300,0.300,0.270,0.270,0.270,575,1
0.300,0.300,0.300,0.300,0.300,0.300,0.280,0.280,0.280,0.300,0.300,0.300,543,2
0.300,0.300,0.300,0.250,0.250,0.250,0.300,0.300,0.300,0.330,0.330,0.330,933,2
0.300,0.300,0.300,0.350,0.350,0.350,0.300,0.300,0.300,0.320,0.320,0.320,690,2
0.300,0.300,0.300,0.300,0.300,0.300,0.250,0.250,0.250,0.300,0.300,0.300,474,2
0.250,0.250,0.250,0.300,0.300,0.300,0.300,0.300,0.300,0.300,0.300,0.300,270,1
0.300,0.300,0.300,0.300,0.300,0.300,0.300,0.300,0.300,0.270,0.270,0.270,47,1
0.300,0.300,0.300,0.300,0.300,0.300,0.310,0.310,0.310,0.300,0.300,0.300,216,1
0.350,0.350,0.350,0.300,0.300,0.300,0.320,0.320,0.320,0.300,0.300,0.300,96,1
0.300,0.300,0.300,0.250,0.250,0.250,0.300,0.300,0.300,0.330,0.330,0.330,966,2
0.300,0.300,0.300,0.350,0.350,0.350,0.300,0.300,0.300,0.280,0.280,0.280,521,1
0.300,0.300,0.300,0.300,0.300,0.300,0.300,0.300,0.300,0.340,0.340,0.340,846,2
0.250,0.250,0.250,0.300,0.300,0.300,0.270,0.270,0.270,0.300,0.300,0.300,432,2
0.300,0.300,0.300,0.250,0.250,0.250,0.300,0.300,0.300,0.280,0.280,0.280,895,1
0.300,0.300,0.300,0.250,0.250,0.250,0.300,0.300,0.300,0.350,0.350,0.350,176,2
0.300,0.300,0.300,0.300,0.300,0.300,0.300,0.300,0.300,0.310,0.310,0.310,942,2
0.300,0.300,0.300,0.350,0.350,0.350,0.300,0.300,0.300,0.300,0.300,0.300,787,2
0.300,0.300,0.300,0.250,0.250,0.250,0.300,0.300,0.300,0.260,0.260,0.260,266,1
0.300,0.300,0.300,0.300,0.300,0.300,0.250,0.250,0.250,0.300,0.300,0.300,210,2
0.250,0.250,0.250,0.300,0.300,0.300,0.350,0.350,0.350,0.300,0.300,0.300,605,1
0.250,0.250,0.250,0.300,0.300,0.300,0.330,0.330,0.330,0.300,0.300,0.300,669,1
0.300,0.300,0.300,0.300,0.300,0.300,0.300,0.300,0.300,0.290,0.290,0.290,643,1
0.300,0.300,0.300,0.250,0.250,0.250,0.300,0.300,0.300,0.350,0.350,0.350,275,2
0.300,0.300,0.300,0.350,0.350,0.350,0.300,0.300,0.300,0.290,0.290,0.290,786,1
0.300,0.300,0.300,0.300,0.300,0.300,0.300,0.300,0.300,0.250,0.250,0.250,870,1
0.300,0.300,0.300,0.300,0.300,0.300,0.290,0.290,0.290,0.300,0.300,0.300,16,2
0.300,0.300,0.300,0.350,0.350,0.350,0.300,0.300,0.300,0.300,0.300,0.300,127,2
0.300,0.300,0.300,0.350,0.350,0.350,0.300,0.300,0.300,0.340,0.340,0.340,593,2
0.350,0.350,0.350,0.300,0.300,0.300,0.270,0.270,0.270,0.300,0.300,0.300,850,2
0.300,0.300,0.300,0.300,0.300,0.300,0.300,0.300,0.300,0.310,0.310,0.310,183,2
0.300,0.300,0.300,0.350,0.350,0.350,0.300,0.300,0.300,0.290,0.290,0.290,357,1
0.300,0.300,0.300,0.300,0.300,0.300,0.280,0.280,0.280,0.300,0.300,0.300,147,2
0.350,0.350,0.350,0.300,0.300,0.300,0.340,0.340,0.340,0.300,0.300,0.300,824,1
0.250,0.250,0.250,0.300,0.300,0.300,0.290,0.290,0.290,0.300,0.300,0.300,170,2
0.300,0.300,0.300,0.300,0.300,0.300,0.330,0.330,0.330,0.300,0.300,0.300,218,1
0.300,0.300,0.300,0.350,0.350,0.350,0.300,0.300,0.300,0.290,0.290,0.290,720,1
0.300,0.300,0.300,0.300,0.300,0.300,0.300,0.300,0.300,0.330,0.330,0.330,911,2
0.350,0.350,0.350,0.300,0.300,0.300,0.260,0.260,0.260,0.300,0.300,0.300,684,2
0.300,0.300,0.300,0.300,0.300,0.300,0.300,0.300,0.300,0.300,0.300,0.300,545,2
0.250,0.250,0.250,0.300,0.300,0.300,0.300,0.300,0.300,0.300,0.300,0.300,831,1
0.300,0.300,0.300,0.250,0.250,0.250,0.300,0.300,0.300,0.300,0.300,0.300,204,2
0.300,0.300,0.300,0.300,0.300,0.300,0.300,0.300,0.300,0.310,0.310,0.310,249,2
0.350,0.350,0.350,0.300,0.300,0.300,0.250,0.250,0.250,0.300,0.300,0.300,386,2
0.300,0.300,0.300,0.300,0.300,0.300,0.340,0.340,0.340,0.300,0.300,0.300,252,1
0.350,0.350,0.350,0.300,0.300,0.300,0.260,0.260,0.260,0.300,0.300,0.300,387,2
0.300,0.300,0.300,0.350,0.350,0.350,0.300,0.300,0.300,0.340,0.340,0.340,494,2
0.300,0.300,0.300,0.300,0.300,0.300,0.350,0.350,0.350,0.300,0.300,0.300,979,1
0.300,0.300,0.300,0.250,0.250,0.250,0.300,0.300,0.300,0.280,0.280,0.280,532,1
0.300,0.300,0.300,0.300,0.300,0.300,0.300,0.300,0.300,0.260,0.260,0.260,904,1
0.350,0.350,0.350,0.300,0.300,0.300,0.290,0.290,0.290,0.300,0.300,0.300,918,2
0.300,0.300,0.300,0.300,0.300,0.300,0.300,0.300,0.300,0.300,0.300,0.300,50,2
0.350,0.350,0.350,0.300,0.300,0.300,0.320,0.320,0.320,0.300,0.300,0.300,261,1
0.250,0.250,0.250,0.300,0.300,0.300,0.340,0.340,0.340,0.300,0.300,0.300,835,1
0.300,0.300,0.300,0.350,0.350,0.350,0.300,0.300,0.300,0.270,0.270,0.270,883,1
0.300,0.300,0.300,0.250,0.250,0.250,0.300,0.300,0.300,0.300,0.300,0.300,171,2
0.300,0.300,0.300,0.350,0.350,0.350,0.300,0.300,0.300,0.340,0.340,0.340,527,2
0.350,0.350,0.350,0.300,0.300,0.300,0.280,0.280,0.280,0.300,0.300,0.300,257,2
0.250,0.250,0.250,0.300,0.300,0.300,0.280,0.280,0.280,0.300,0.300,0.300,928,2
0.300,0.300,0.300,0.300,0.300,0.300,0.280,0.280,0.280,0.300,0.300,0.300,378,2
0.300,0.300,0.300,0.300,0.300,0.300,0.250,0.250,0.250,0.300,0.300,0.300,375,2
0.350,0.350,0.350,0.300,0.300,0.300,0.330,0.330,0.330,0.300,0.300,0.300,130,1
0.300,0.300,0.300,0.250,0.250,0.250,0.300,0.300,0.300,0.350,0.350,0.350,803,2
0.300,0.300,0.300,0.250,0.250,0.250,0.300,0.300,0.300,0.320,0.320,0.320,734,2
0.300,0.300,0.300,0.300,0.300,0.300,0.260,0.260,0.260,0.300,0.300,0.300,805,2
0.250,0.250,0.250,0.300,0.300,0.300,0.260,0.260,0.260,0.300,0.300,0.300,365,2
0.350,0.350,0.350,0.300,0.300,0.300,0.250,0.250,0.250,0.300,0.300,0.300,320,2
0.300,0.300,0.300,0.350,0.350,0.350,0.300,0.300,0.300,0.340,0.340,0.340,659,2
0.350,0.350,0.350,0.300,0.300,0.300,0.250,0.250,0.250,0.300,0.300,0.300,89,2
0.300,0.300,0.300,0.300,0.300,0.300,0.350,0.350,0.350,0.300,0.300,0.300,154,1
0.300,0.300,0.300,0.300,0.300,0.300,0.270,0.270,0.270,0.300,0.300,0.300,113,2
0.250,0.250,0.250,0.300,0.300,0.300,0.330,0.330,0.330,0.300,0.300,0.300,702,1
0.350,0.350,0.350,0.300,0.300,0.300,0.270,0.270,0.270,0.300,0.300,0.300,982,2
0.250,0.250,0.250,0.300,0.300,0.300,0.330,0.330,0.330,0.300,0.300,0.300,867,1
0.300,0.300,0.300,0.300,0.300,0.300,0.260,0.260,0.260,0.300,0.300,0.300,970,2
0.250,0.250,0.250,0.300,0.300,0.300,0.280,0.280,0.280,0.300,0.300,0.300,961,2
0.300,0.300,0.300,0.250,0.250,0.250,0.300,0.300,0.300,0.290,0.290,0.290,797,1
0.300,0.300,0.300,0.250,0.250,0.250,0.300,0.300,0.300,0.290,0.290,0.290,38,1
0.300,0.300,0.300,0.250,0.250,0.250,0.300,0.300,0.300,0.330,0.330,0.330,735,2
0.300,0.300,0.300,0.350,0.350,0.350,0.300,0.300,0.300,0.260,0.260,0.260,90,1
0.300,0.300,0.300,0.250,0.250,0.250,0.300,0.300,0.300,0.320,0.320,0.320,602,2
0.350,0.350,0.350,0.300,0.300,0.300,0.270,0.270,0.270,0.300,0.300,0.300,487,2
0.300,0.300,0.300,0.300,0.300,0.300,0.300,0.300,0.300,0.290,0.290,0.290,445,1
0.350,0.350,0.350,0.300,0.300,0.300,0.320,0.320,0.320,0.300,0.300,0.300,789,1
0.300,0.300,0.300,0.300,0.300,0.300,0.330,0.330,0.330,0.300,0.300,0.300,614,1
0.300,0.300,0.300,0.300,0.300,0.300,0.290,0.290,0.290,0.300,0.300,0.300,907,2
0.300,0.300,0.300,0.300,0.300,0.300,0.250,0.250,0.250,0.300,0.300,0.300,309,2
0.300,0.300,0.300,0.250,0.250,0.250,0.300,0.300,0.300,0.290,0.290,0.290,929,1
0.300,0.300,0.300,0.250,0.250,0.250,0.300,0.300,0.300,0.310,0.310,0.310,7,2
0.350,0.350,0.350,0.300,0.300,0.300,0.310,0.310,0.310,0.300,0.300,0.300,986,1
0.300,0.300,0.300,0.300,0.300,0.300,0.300,0.300,0.300,0.250,0.250,0.250,738,1
0.250,0.250,0.250,0.300,0.300,0.300,0.290,0.290,0.290,0.300,0.300,0.300,500,2
0.350,0.350,0.350,0.300,0.300,0.300,0.290,0.290,0.290,0.300,0.300,0.300,819,2
0.250,0.250,0.250,0.300,0.300,0.300,0.330,0.330,0.330,0.300,0.300,0.300,471,1
0.300,0.300,0.300,0.300,0.300,0.300,0.310,0.310,0.310,0.300,0.300,0.300,84,1
0.300,0.300,0.300,0.350,0.350,0.350,0.300,0.300,0.300,0.310,0.310,0.310,260,2
0.250,0.250,0.250,0.300,0.300,0.300,0.250,0.250,0.250,0.300,0.300,0.300,694,2
0.250,0.250,0.250,0.300,0.300,0.300,0.270,0.270,0.270,0.300,0.300,0.300,762,2
0.300,0.300,0.300,0.350,0.350,0.350,0.300,0.300,0.300,0.320,0.320,0.320,459,2
0.300,0.300,0.300,0.300,0.300,0.300,0.270,0.270,0.270,0.300,0.300,0.300,707,2
0.350,0.350,0.350,0.300,0.300,0.300,0.260,0.260,0.260,0.300,0.300,0.300,420,2
0.350,0.350,0.350,0.300,0.300,0.300,0.310,0.310,0.310,0.300,0.300,0.300,458,1
0.300,0.300,0.300,0.300,0.300,0.300,0.310,0.310,0.310,0.300,0.300,0.300,348,1
0.250,0.250,0.250,0.300,0.300,0.300,0.290,0.290,0.290,0.300,0.300,0.300,764,2
0.300,0.300,0.300,0.300,0.300,0.300,0.300,0.300,0.300,0.300,0.300,0.300,776,2
0.300,0.300,0.300,0.300,0.300,0.300,0.330,0.330,0.330,0.300,0.300,0.300,251,1
0.300,0.300,0.300,0.250,0.250,0.250,0.300,0.300,0.300,0.260,0.260,0.260,332,1
0.250,0.250,0.250,0.300,0.300,0.300,0.310,0.310,0.310,0.300,0.300,0.300,733,1
0.300,0.300,0.300,0.250,0.250,0.250,0.300,0.300,0.300,0.300,0.300,0.300,765,2
0.300,0.300,0.300,0.250,0.250,0.250,0.300,0.300,0.300,0.340,0.340,0.340,901,2
0.300,0.300,0.300,0.350,0.350,0.350,0.300,0.300,0.300,0.270,0.270,0.270,157,1
0.300,0.300,0.300,0.350,0.350,0.350,0.300,0.300,0.300,0.300,0.300,0.300,820,2
0.300,0.300,0.300,0.300,0.300,0.300,0.250,0.250,0.250,0.300,0.300,0.300,639,2
0.300,0.300,0.300,0.350,0.350,0.350,0.300,0.300,0.300,0.250,0.250,0.250,980,1
0.350,0.350,0.350,0.300,0.300,0.300,0.340,0.340,0.340,0.300,0.300,0.300,989,1
0.350,0.350,0.350,0.300,0.300,0.300,0.320,0.320,0.320,0.300,0.300,0.300,426,1
0.300,0.300,0.300,0.250,0.250,0.250,0.300,0.300,0.300,0.340,0.340,0.340,208,2
0.300,0.300,0.300,0.250,0.250,0.250,0.300,0.300,0.300,0.340,0.340,0.340,670,2
0.250,0.250,0.250,0.300,0.300,0.300,0.280,0.280,0.280,0.300,0.300,0.300,730,2
0.300,0.300,0.300,0.250,0.250,0.250,0.300,0.300,0.300,0.260,0.260,0.260,596,1
0.300,0.300,0.300,0.300,0.300,0.300,0.300,0.300,0.300,0.330,0.330,0.330,416,2
0.250,0.250,0.250,0.300,0.300,0.300,0.290,0.290,0.290,0.300,0.300,0.300,533,2
0.300,0.300,0.300,0.300,0.300,0.300,0.300,0.300,0.300,0.300,0.300,0.300,512,1
0.350,0.350,0.350,0.300,0.300,0.300,0.330,0.330,0.330,0.300,0.300,0.300,658,1
0.350,0.350,0.350,0.300,0.300,0.300,0.290,0.290,0.290,0.300,0.300,0.300,588,2
0.300,0.300,0.300,0.350,0.350,0.350,0.300,0.300,0.300,0.250,0.250,0.250,353,1
0.350,0.350,0.350,0.300,0.300,0.300,0.330,0.330,0.330,0.300,0.300,0.300,460,1
0.350,0.350,0.350,0.300,0.300,0.300,0.270,0.270,0.270,0.300,0.300,0.300,355,2
0.300,0.300,0.300,0.350,0.350,0.350,0.300,0.300,0.300,0.270,0.270,0.270,817,1
0.300,0.300,0.300,0.250,0.250,0.250,0.300,0.300,0.300,0.250,0.250,0.250,67,1
0.350,0.350,0.350,0.300,0.300,0.300,0.290,0.290,0.290,0.300,0.300,0.300,621,2
0.350,0.350,0.350,0.300,0.300,0.300,0.250,0.250,0.250,0.300,0.300,0.300,947,2
0.350,0.350,0.350,0.300,0.300,0.300,0.320,0.320,0.320,0.300,0.300,0.300,393,1
0.300,0.300,0.300,0.350,0.350,0.350,0.300,0.300,0.300,0.270,0.270,0.270,388,1
0.350,0.350,0.350,0.300,0.300,0.300,0.340,0.340,0.340,0.300,0.300,0.300,32,1
0.350,0.350,0.350,0.300,0.300,0.300,0.300,0.300,0.300,0.300,0.300,0.300,985,1
0.350,0.350,0.350,0.300,0.300,0.300,0.260,0.260,0.260,0.300,0.300,0.300,486,2
0.350,0.350,0.350,0.300,0.300,0.300,0.340,0.340,0.340,0.300,0.300,0.300,956,1
0.350,0.350,0.350,0.300,0.300,0.300,0.290,0.290,0.290,0.300,0.300,0.300,324,2
0.300,0.300,0.300,0.350,0.350,0.350,0.300,0.300,0.300,0.270,0.270,0.270,520,1
0.250,0.250,0.250,0.300,0.300,0.300,0.310,0.310,0.310,0.300,0.300,0.300,667,1
0.250,0.250,0.250,0.300,0.300,0.300,0.250,0.250,0.250,0.300,0.300,0.300,430,2
0.300,0.300,0.300,0.300,0.300,0.300,0.300,0.300,0.300,0.260,0.260,0.260,541,1
0.300,0.300,0.300,0.350,0.350,0.350,0.300,0.300,0.300,0.250,0.250,0.250,155,1
0.350,0.350,0.350,0.300,0.300,0.300,0.280,0.280,0.280,0.300,0.300,0.300,620,2
0.250,0.250,0.250,0.300,0.300,0.300,0.260,0.260,0.260,0.300,0.300,0.300,530,2
0.300,0.300,0.300,0.350,0.350,0.350,0.300,0.300,0.300,0.300,0.300,0.300,919,2
0.300,0.300,0.300,0.350,0.350,0.350,0.300,0.300,0.300,0.280,0.280,0.280,554,1
0.300,0.300,0.300,0.300,0.300,0.300,0.330,0.330,0.330,0.300,0.300,0.300,350,1
0.250,0.250,0.250,0.300,0.300,0.300,0.300,0.300,0.300,0.300,0.300,0.300,963,1
0.250,0.250,0.250,0.300,0.300,0.300,0.350,0.350,0.350,0.300,0.300,0.300,44,1
0.300,0.300,0.300,0.350,0.350,0.350,0.300,0.300,0.300,0.270,0.270,0.270,916,1
0.300,0.300,0.300,0.250,0.250,0.250,0.300,0.300,0.300,0.290,0.290,0.290,434,1
0.300,0.300,0.300,0.300,0.300,0.300,0.300,0.300,0.300,0.340,0.340,0.340,384,2
0.300,0.300,0.300,0.300,0.300,0.300,0.330,0.330,0.330,0.300,0.300,0.300,746,1
0.300,0.300,0.300,0.250,0.250,0.250,0.300,0.300,0.300,0.330,0.330,0.330,141,2
0.300,0.300,0.300,0.350,0.350,0.350,0.300,0.300,0.300,0.270,0.270,0.270,685,1
0.250,0.250,0.250,0.300,0.300,0.300,0.280,0.280,0.280,0.300,0.300,0.300,400,2
0.300,0.300,0.300,0.300,0.300,0.300,0.310,0.310,0.310,0.300,0.300,0.300,777,1
0.300,0.300,0.300,0.300,0.300,0.300,0.300,0.300,0.300,0.270,0.270,0.270,311,1
0.300,0.300,0.300,0.250,0.250,0.250,0.300,0.300,0.300,0.280,0.280,0.280,103,1
0.300,0.300,0.300,0.300,0.300,0.300,0.250,0.250,0.250,0.300,0.300,0.300,12,2
0.350,0.350,0.350,0.300,0.300,0.300,0.280,0.280,0.280,0.300,0.300,0.300,950,2
0.250,0.250,0.250,0.300,0.300,0.300,0.280,0.280,0.280,0.300,0.300,0.300,235,2
0.300,0.300,0.300,0.300,0.300,0.300,0.300,0.300,0.300,0.300,0.300,0.300,578,2
0.300,0.300,0.300,0.250,0.250,0.250,0.300,0.300,0.300,0.300,0.300,0.300,633,2
0.300,0.300,0.300,0.250,0.250,0.250,0.300,0.300,0.300,0.340,0.340,0.340,340,2
0.300,0.300,0.300,0.350,0.350,0.350,0.300,0.300,0.300,0.290,0.290,0.290,852,1
0.350,0.350,0.350,0.300,0.300,0.300,0.310,0.310,0.310,0.300,0.300,0.300,854,1
0.300,0.300,0.300,0.300,0.300,0.300,0.330,0.330,0.330,0.300,0.300,0.300,317,1
0.300,0.300,0.300,0.350,0.350,0.350,0.300,0.300,0.300,0.340,0.340,0.340,428,2
0.300,0.300,0.300,0.300,0.300,0.300,0.300,0.300,0.300,0.330,0.330,0.330,713,2
0.300,0.300,0.300,0.300,0.300,0.300,0.260,0.260,0.260,0.300,0.300,0.300,772,2
0.300,0.300,0.300,0.350,0.350,0.350,0.300,0.300,0.300,0.320,0.320,0.320,954,2
0.300,0.300,0.300,0.350,0.350,0.350,0.300,0.300,0.300,0.350,0.350,0.350,594,2
0.300,0.300,0.300,0.350,0.350,0.350,0.300,0.300,0.300,0.280,0.280,0.280,686,1
0.350,0.350,0.350,0.300,0.300,0.300,0.320,0.320,0.320,0.300,0.300,0.300,360,1
0.300,0.300,0.300,0.300,0.300,0.300,0.260,0.260,0.260,0.300,0.300,0.300,442,2
0.300,0.300,0.300,0.250,0.250,0.250,0.300,0.300,0.300,0.350,0.350,0.350,902,2
0.300,0.300,0.300,0.250,0.250,0.250,0.300,0.300,0.300,0.300,0.300,0.300,732,2
0.300,0.300,0.300,0.300,0.300,0.300,0.300,0.300,0.300,0.300,0.300,0.300,809,1
0.300,0.300,0.300,0.300,0.300,0.300,0.300,0.300,0.300,0.270,0.270,0.270,542,1
0.350,0.350,0.350,0.300,0.300,0.300,0.280,0.280,0.280,0.300,0.300,0.300,422,2
0.300,0.300,0.300,0.300,0.300,0.300,0.300,0.300,0.300,0.300,0.300,0.300,83,1
0.300,0.300,0.300,0.300,0.300,0.300,0.300,0.300,0.300,0.330,0.330,0.330,647,2
0.300,0.300,0.300,0.250,0.250,0.250,0.300,0.300,0.300,0.300,0.300,0.300,303,2
0.250,0.250,0.250,0.300,0.300,0.300,0.310,0.310,0.310,0.300,0.300,0.300,502,1
0.350,0.350,0.350,0.300,0.300,0.300,0.350,0.350,0.350,0.300,0.300,0.300,924,1
0.300,0.300,0.300,0.300,0.300,0.300,0.290,0.290,0.290,0.300,0.300,0.300,610,2
0.300,0.300,0.300,0.300,0.300,0.300,0.300,0.300,0.300,0.350,0.350,0.350,748,2
0.300,0.300,0.300,0.300,0.300,0.300,0.300,0.300,0.300,0.330,0.330,0.330,86,2
0.300,0.300,0.300,0.350,0.350,0.350,0.300,0.300,0.300,0.280,0.280,0.280,488,1
0.250,0.250,0.250,0.300,0.300,0.300,0.310,0.310,0.310,0.300,0.300,0.300,436,1
0.250,0.250,0.250,0.300,0.300,0.300,0.340,0.340,0.340,0.300,0.300,0.300,274,1
0.300,0.300,0.300,0.300,0.300,0.300,0.300,0.300,0.300,0.310,0.310,0.310,513,2
0.300,0.300,0.300,0.300,0.300,0.300,0.300,0.300,0.300,0.300,0.300,0.300,677,2
0.300,0.300,0.300,0.300,0.300,0.300,0.260,0.260,0.260,0.300,0.300,0.300,706,2
0.350,0.350,0.350,0.300,0.300,0.300,0.280,0.280,0.280,0.300,0.300,0.300,818,2
0.300,0.300,0.300,0.300,0.300,0.300,0.350,0.350,0.350,0.300,0.300,0.300,187,1
0.300,0.300,0.300,0.300,0.300,0.300,0.270,0.270,0.270,0.300,0.300,0.300,212,2
0.300,0.300,0.300,0.300,0.300,0.300,0.300,0.300,0.300,0.310,0.310,0.310,51,2
0.350,0.350,0.350,0.300,0.300,0.300,0.300,0.300,0.300,0.300,0.300,0.300,886,1
0.300,0.300,0.300,0.250,0.250,0.250,0.300,0.300,0.300,0.250,0.250,0.250,364,1
0.250,0.250,0.250,0.300,0.300,0.300,0.280,0.280,0.280,0.300,0.300,0.300,631,2
0.350,0.350,0.350,0.300,0.300,0.300,0.250,0.250,0.250,0.300,0.300,0.300,56,2
0.300,0.300,0.300,0.300,0.300,0.300,0.270,0.270,0.270,0.300,0.300,0.300,146,2
0.350,0.350,0.350,0.300,0.300,0.300,0.350,0.350,0.350,0.300,0.300,0.300,429,1
0.300,0.300,0.300,0.300,0.300,0.300,0.350,0.350,0.350,0.300,0.300,0.300,550,1
0.300,0.300,0.300,0.300,0.300,0.300,0.300,0.300,0.300,0.340,0.340,0.340,813,2
0.300,0.300,0.300,0.250,0.250,0.250,0.300,0.300,0.300,0.300,0.300,0.300,237,2
0.350,0.350,0.350,0.300,0.300,0.300,0.340,0.340,0.340,0.300,0.300,0.300,164,1
0.300,0.300,0.300,0.350,0.350,0.350,0.300,0.300,0.300,0.250,0.250,0.250,485,1
0.300,0.300,0.300,0.300,0.300,0.300,0.300,0.300,0.300,0.280,0.280,0.280,345,1
0.300,0.300,0.300,0.250,0.250,0.250,0.300,0.300,0.300,0.340,0.340,0.340,439,2
0.250,0.250,0.250,0.300,0.300,0.300,0.280,0.280,0.280,0.300,0.300,0.300,169,2
0.250,0.250,0.250,0.300,0.300,0.300,0.250,0.250,0.250,0.300,0.300,0.300,892,2
0.300,0.300,0.300,0.300,0.300,0.300,0.300,0.300,0.300,0.320,0.320,0.320,910,2
0.300,0.300,0.300,0.250,0.250,0.250,0.300,0.300,0.300,0.310,0.310,0.310,865,2
0.350,0.350,0.350,0.300,0.300,0.300,0.340,0.340,0.340,0.300,0.300,0.300,692,1
0.300,0.300,0.300,0.300,0.300,0.300,0.300,0.300,0.300,0.350,0.350,0.350,121,2
0.350,0.350,0.350,0.300,0.300,0.300,0.320,0.320,0.320,0.300,0.300,0.300,822,1
0.300,0.300,0.300,0.300,0.300,0.300,0.320,0.320,0.320,0.300,0.300,0.300,613,1
0.350,0.350,0.350,0.300,0.300,0.300,0.320,0.320,0.320,0.300,0.300,0.300,63,1
0.300,0.300,0.300,0.300,0.300,0.300,0.250,0.250,0.250,0.300,0.300,0.300,837,2
0.250,0.250,0.250,0.300,0.300,0.300,0.310,0.310,0.310,0.300,0.300,0.300,931,1
0.300,0.300,0.300,0.350,0.350,0.350,0.300,0.300,0.300,0.330,0.330,0.330,724,2
0.300,0.300,0.300,0.350,0.350,0.350,0.300,0.300,0.300,0.300,0.300,0.300,160,2
0.300,0.300,0.300,0.300,0.300,0.300,0.300,0.300,0.300,0.340,0.340,0.340,87,2
0.300,0.300,0.300,0.300,0.300,0.300,0.270,0.270,0.270,0.300,0.300,0.300,278,2
0.300,0.300,0.300,0.300,0.300,0.300,0.300,0.300,0.300,0.320,0.320,0.320,52,2
0.250,0.250,0.250,0.300,0.300,0.300,0.330,0.330,0.330,0.300,0.300,0.300,306,1
0.350,0.350,0.350,0.300,0.300,0.300,0.300,0.300,0.300,0.300,0.300,0.300,952,1
0.300,0.300,0.300,0.350,0.350,0.350,0.300,0.300,0.300,0.290,0.290,0.290,951,1
0.300,0.300,0.300,0.300,0.300,0.300,0.300,0.300,0.300,0.290,0.290,0.290,808,1
0.250,0.250,0.250,0.300,0.300,0.300,0.320,0.320,0.320,0.300,0.300,0.300,536,1
0.300,0.300,0.300,0.350,0.350,0.350,0.300,0.300,0.300,0.340,0.340,0.340,131,2
0.300,0.300,0.300,0.350,0.350,0.350,0.300,0.300,0.300,0.300,0.300,0.300,622,2
0.300,0.300,0.300,0.250,0.250,0.250,0.300,0.300,0.300,0.270,0.270,0.270,564,1
0.350,0.350,0.350,0.300,0.300,0.300,0.300,0.300,0.300,0.300,0.300,0.300,655,1
0.300,0.300,0.300,0.300,0.300,0.300,0.300,0.300,0.300,0.270,0.270,0.270,872,1
0.300,0.300,0.300,0.300,0.300,0.300,0.350,0.350,0.350,0.300,0.300,0.300,55,1
0.250,0.250,0.250,0.300,0.300,0.300,0.290,0.290,0.290,0.300,0.300,0.300,896,2
0.300,0.300,0.300,0.300,0.300,0.300,0.330,0.330,0.330,0.300,0.300,0.300,977,1
0.300,0.300,0.300,0.300,0.300,0.300,0.250,0.250,0.250,0.300,0.300,0.300,771,2
0.300,0.300,0.300,0.300,0.300,0.300,0.310,0.310,0.310,0.300,0.300,0.300,645,1
0.350,0.350,0.350,0.300,0.300,0.300,0.310,0.310,0.310,0.300,0.300,0.300,161,1
0.350,0.350,0.350,0.300,0.300,0.300,0.260,0.260,0.260,0.300,0.300,0.300,552,2
0.350,0.350,0.350,0.300,0.300,0.300,0.260,0.260,0.260,0.300,0.300,0.300,750,2
0.300,0.300,0.300,0.350,0.350,0.350,0.300,0.300,0.300,0.330,0.330,0.330,592,2
0.300,0.300,0.300,0.350,0.350,0.350,0.300,0.300,0.300,0.320,0.320,0.320,657,2
0.300,0.300,0.300,0.300,0.300,0.300,0.300,0.300,0.300,0.340,0.340,0.340,483,2
0.300,0.300,0.300,0.250,0.250,0.250,0.300,0.300,0.300,0.260,0.260,0.260,68,1
0.300,0.300,0.300,0.350,0.350,0.350,0.300,0.300,0.300,0.330,0.330,0.330,757,2
0.300,0.300,0.300,0.300,0.300,0.300,0.300,0.300,0.300,0.250,0.250,0.250,276,1
0.300,0.300,0.300,0.250,0.250,0.250,0.300,0.300,0.300,0.330,0.330,0.330,240,2
0.300,0.300,0.300,0.350,0.350,0.350,0.300,0.300,0.300,0.310,0.310,0.310,128,2
0.250,0.250,0.250,0.300,0.300,0.300,0.330,0.330,0.330,0.300,0.300,0.300,636,1
0.300,0.300,0.300,0.300,0.300,0.300,0.300,0.300,0.300,0.290,0.290,0.290,115,1
0.250,0.250,0.250,0.300,0.300,0.300,0.260,0.260,0.260,0.300,0.300,0.300,233,2
0.300,0.300,0.300,0.300,0.300,0.300,0.300,0.300,0.300,0.300,0.300,0.300,149,2
0.250,0.250,0.250,0.300,0.300,0.300,0.250,0.250,0.250,0.300,0.300,0.300,628,2
0.250,0.250,0.250,0.300,0.300,0.300,0.330,0.330,0.330,0.300,0.300,0.300,273,1
0.300,0.300,0.300,0.250,0.250,0.250,0.300,0.300,0.300,0.330,0.330,0.330,438,2
0.250,0.250,0.250,0.300,0.300,0.300,0.300,0.300,0.300,0.300,0.300,0.300,138,1
0.250,0.250,0.250,0.300,0.300,0.300,0.300,0.300,0.300,0.300,0.300,0.300,105,1
0.250,0.250,0.250,0.300,0.300,0.300,0.320,0.320,0.320,0.300,0.300,0.300,800,1
0.250,0.250,0.250,0.300,0.300,0.300,0.250,0.250,0.250,0.300,0.300,0.300,562,2
0.300,0.300,0.300,0.350,0.350,0.350,0.300,0.300,0.300,0.350,0.350,0.350,957,2
0.300,0.300,0.300,0.300,0.300,0.300,0.300,0.300,0.300,0.320,0.320,0.320,184,2
0.350,0.350,0.350,0.300,0.300,0.300,0.300,0.300,0.300,0.300,0.300,0.300,193,1
0.250,0.250,0.250,0.300,0.300,0.300,0.340,0.340,0.340,0.300,0.300,0.300,373,1
0.300,0.300,0.300,0.300,0.300,0.300,0.300,0.300,0.300,0.300,0.300,0.300,413,1
0.300,0.300,0.300,0.300,0.300,0.300,0.350,0.350,0.350,0.300,0.300,0.300,616,1
0.300,0.300,0.300,0.300,0.300,0.300,0.300,0.300,0.300,0.250,0.250,0.250,243,1
0.350,0.350,0.350,0.300,0.300,0.300,0.310,0.310,0.310,0.300,0.300,0.300,293,1
0.300,0.300,0.300,0.300,0.300,0.300,0.310,0.310,0.310,0.300,0.300,0.300,843,1
0.300,0.300,0.300,0.350,0.350,0.350,0.300,0.300,0.300,0.340,0.340,0.340,626,2
0.300,0.300,0.300,0.300,0.300,0.300,0.280,0.280,0.280,0.300,0.300,0.300,741,2
0.250,0.250,0.250,0.300,0.300,0.300,0.280,0.280,0.280,0.300,0.300,0.300,763,2
0.300,0.300,0.300,0.350,0.350,0.350,0.300,0.300,0.300,0.350,0.350,0.350,363,2
0.300,0.300,0.300,0.300,0.300,0.300,0.330,0.330,0.330,0.300,0.300,0.300,944,1
0.300,0.300,0.300,0.300,0.300,0.300,0.300,0.300,0.300,0.350,0.350,0.350,22,2
0.300,0.300,0.300,0.250,0.250,0.250,0.300,0.300,0.300,0.320,0.320,0.320,437,2
0.250,0.250,0.250,0.300,0.300,0.300,0.250,0.250,0.250,0.300,0.300,0.300,463,2
0.300,0.300,0.300,0.300,0.300,0.300,0.300,0.300,0.300,0.330,0.330,0.330,845,2
0.300,0.300,0.300,0.250,0.250,0.250,0.300,0.300,0.300,0.260,0.260,0.260,35,1
0.350,0.350,0.350,0.300,0.300,0.300,0.300,0.300,0.300,0.300,0.300,0.300,292,1
0.300,0.300,0.300,0.300,0.300,0.300,0.270,0.270,0.270,0.300,0.300,0.300,641,2
0.250,0.250,0.250,0.300,0.300,0.300,0.270,0.270,0.270,0.300,0.300,0.300,531,2
0.350,0.350,0.350,0.300,0.300,0.300,0.340,0.340,0.340,0.300,0.300,0.300,296,1
0.300,0.300,0.300,0.350,0.350,0.350,0.300,0.300,0.300,0.300,0.300,0.300,490,2
0.350,0.350,0.350,0.300,0.300,0.300,0.260,0.260,0.260,0.300,0.300,0.300,783,2
0.300,0.300,0.300,0.300,0.300,0.300,0.340,0.340,0.340,0.300,0.300,0.300,285,1
0.250,0.250,0.250,0.300,0.300,0.300,0.300,0.300,0.300,0.300,0.300,0.300,72,1
0.350,0.350,0.350,0.300,0.300,0.300,0.310,0.310,0.310,0.300,0.300,0.300,557,1
0.300,0.300,0.300,0.300,0.300,0.300,0.300,0.300,0.300,0.260,0.260,0.260,145,1
0.250,0.250,0.250,0.300,0.300,0.300,0.320,0.320,0.320,0.300,0.300,0.300,404,1
0.350,0.350,0.350,0.300,0.300,0.300,0.300,0.300,0.300,0.300,0.300,0.300,28,1
0.350,0.350,0.350,0.300,0.300,0.300,0.340,0.340,0.340,0.300,0.300,0.300,329,1
0.300,0.300,0.300,0.300,0.300,0.300,0.320,0.320,0.320,0.300,0.300,0.300,811,1
0.250,0.250,0.250,0.300,0.300,0.300,0.310,0.310,0.310,0.300,0.300,0.300,898,1
0.300,0.300,0.300,0.300,0.300,0.300,0.290,0.290,0.290,0.300,0.300,0.300,676,2
0.300,0.300,0.300,0.300,0.300,0.300,0.300,0.300,0.300,0.300,0.300,0.300,644,1
0.350,0.350,0.350,0.300,0.300,0.300,0.270,0.270,0.270,0.300,0.300,0.300,454,2
0.300,0.300,0.300,0.300,0.300,0.300,0.300,0.300,0.300,0.260,0.260,0.260,277,1
0.300,0.300,0.300,0.250,0.250,0.250,0.300,0.300,0.300,0.300,0.300,0.300,666,2
0.300,0.300,0.300,0.350,0.350,0.350,0.300,0.300,0.300,0.270,0.270,0.270,718,1
0.300,0.300,0.300,0.300,0.300,0.300,0.300,0.300,0.300,0.260,0.260,0.260,937,1
0.250,0.250,0.250,0.300,0.300,0.300,0.340,0.340,0.340,0.300,0.300,0.300,142,1
0.250,0.250,0.250,0.300,0.300,0.300,0.300,0.300,0.300,0.300,0.300,0.300,501,1
0.300,0.300,0.300,0.300,0.300,0.300,0.260,0.260,0.260,0.300,0.300,0.300,343,2
0.300,0.300,0.300,0.250,0.250,0.250,0.300,0.300,0.300,0.290,0.290,0.290,863,1
0.300,0.300,0.300,0.300,0.300,0.300,0.350,0.350,0.350,0.300,0.300,0.300,352,1
0.250,0.250,0.250,0.300,0.300,0.300,0.350,0.350,0.350,0.300,0.300,0.300,638,1
0.300,0.300,0.300,0.300,0.300,0.300,0.340,0.340,0.340,0.300,0.300,0.300,912,1
0.300,0.300,0.300,0.350,0.350,0.350,0.300,0.300,0.300,0.290,0.290,0.290,60,1
0.300,0.300,0.300,0.350,0.350,0.350,0.300,0.300,0.300,0.260,0.260,0.260,717,1
0.300,0.300,0.300,0.300,0.300,0.300,0.300,0.300,0.300,0.350,0.350,0.350,319,2
0.300,0.300,0.300,0.300,0.300,0.300,0.290,0.290,0.290,0.300,0.300,0.300,49,2
0.300,0.300,0.300,0.250,0.250,0.250,0.300,0.300,0.300,0.310,0.310,0.310,205,2
0.300,0.300,0.300,0.300,0.300,0.300,0.280,0.280,0.280,0.300,0.300,0.300,873,2
0.300,0.300,0.300,0.350,0.350,0.350,0.300,0.300,0.300,0.330,0.330,0.330,559,2
0.300,0.300,0.300,0.300,0.300,0.300,0.280,0.280,0.280,0.300,0.300,0.300,180,2
0.300,0.300,0.300,0.300,0.300,0.300,0.270,0.270,0.270,0.300,0.300,0.300,179,2
0.300,0.300,0.300,0.300,0.300,0.300,0.300,0.300,0.300,0.290,0.290,0.290,544,1
0.300,0.300,0.300,0.350,0.350,0.350,0.300,0.300,0.300,0.260,0.260,0.260,816,1
0.250,0.250,0.250,0.300,0.300,0.300,0.330,0.330,0.330,0.300,0.300,0.300,537,1
0.300,0.300,0.300,0.300,0.300,0.300,0.300,0.300,0.300,0.310,0.310,0.310,975,2
0.250,0.250,0.250,0.300,0.300,0.300,0.250,0.250,0.250,0.300,0.300,0.300,595,2
0.250,0.250,0.250,0.300,0.300,0.300,0.340,0.340,0.340,0.300,0.300,0.300,868,1
0.250,0.250,0.250,0.300,0.300,0.300,0.350,0.350,0.350,0.300,0.300,0.300,671,1
0.300,0.300,0.300,0.300,0.300,0.300,0.300,0.300,0.300,0.250,0.250,0.250,441,1
0.300,0.300,0.300,0.300,0.300,0.300,0.290,0.290,0.290,0.300,0.300,0.300,379,2
0.300,0.300,0.300,0.300,0.300,0.300,0.250,0.250,0.250,0.300,0.300,0.300,342,2
0.250,0.250,0.250,0.300,0.300,0.300,0.320,0.320,0.320,0.300,0.300,0.300,41,1
0.350,0.350,0.350,0.300,0.300,0.300,0.340,0.340,0.340,0.300,0.300,0.300,395,1
0.300,0.300,0.300,0.300,0.300,0.300,0.290,0.290,0.290,0.300,0.300,0.300,313,2
0.250,0.250,0.250,0.300,0.300,0.300,0.300,0.300,0.300,0.300,0.300,0.300,699,1
0.300,0.300,0.300,0.300,0.300,0.300,0.340,0.340,0.340,0.300,0.300,0.300,879,1
0.300,0.300,0.300,0.300,0.300,0.300,0.310,0.310,0.310,0.300,0.300,0.300,315,1
0.250,0.250,0.250,0.300,0.300,0.300,0.260,0.260,0.260,0.300,0.300,0.300,959,2
0.300,0.300,0.300,0.250,0.250,0.250,0.300,0.300,0.300,0.260,0.260,0.260,728,1
0.300,0.300,0.300,0.300,0.300,0.300,0.280,0.280,0.280,0.300,0.300,0.300,48,2
0.350,0.350,0.350,0.300,0.300,0.300,0.270,0.270,0.270,0.300,0.300,0.300,289,2
0.300,0.300,0.300,0.300,0.300,0.300,0.300,0.300,0.300,0.320,0.320,0.320,778,2
0.300,0.300,0.300,0.350,0.350,0.350,0.300,0.300,0.300,0.350,0.350,0.350,297,2
0.300,0.300,0.300,0.250,0.250,0.250,0.300,0.300,0.300,0.330,0.330,0.330,207,2
0.300,0.300,0.300,0.250,0.250,0.250,0.300,0.300,0.300,0.260,0.260,0.260,827,1
0.300,0.300,0.300,0.300,0.300,0.300,0.300,0.300,0.300,0.310,0.310,0.310,711,2
0.300,0.300,0.300,0.300,0.300,0.300,0.300,0.300,0.300,0.260,0.260,0.260,112,1
0.250,0.250,0.250,0.300,0.300,0.300,0.340,0.340,0.340,0.300,0.300,0.300,538,1
0.300,0.300,0.300,0.300,0.300,0.300,0.320,0.320,0.320,0.300,0.300,0.300,217,1
0.250,0.250,0.250,0.300,0.300,0.300,0.290,0.290,0.290,0.300,0.300,0.300,71,2
0.300,0.300,0.300,0.350,0.350,0.350,0.300,0.300,0.300,0.330,0.330,0.330,328,2
0.300,0.300,0.300,0.350,0.350,0.350,0.300,0.300,0.300,0.290,0.290,0.290,93,1
0.300,0.300,0.300,0.300,0.300,0.300,0.300,0.300,0.300,0.330,0.330,0.330,680,2
0.300,0.300,0.300,0.300,0.300,0.300,0.250,0.250,0.250,0.300,0.300,0.300,672,2
0.250,0.250,0.250,0.300,0.300,0.300,0.350,0.350,0.350,0.300,0.300,0.300,770,1
0.350,0.350,0.350,0.300,0.300,0.300,0.350,0.350,0.350,0.300,0.300,0.300,858,1
0.250,0.250,0.250,0.300,0.300,0.300,0.300,0.300,0.300,0.300,0.300,0.300,864,1
0.350,0.350,0.350,0.300,0.300,0.300,0.300,0.300,0.300,0.300,0.300,0.300,358,1
0.300,0.300,0.300,0.300,0.300,0.300,0.300,0.300,0.300,0.330,0.330,0.330,185,2
0.300,0.300,0.300,0.300,0.300,0.300,0.250,0.250,0.250,0.300,0.300,0.300,969,2
0.250,0.250,0.250,0.300,0.300,0.300,0.300,0.300,0.300,0.300,0.300,0.300,567,1
0.300,0.300,0.300,0.300,0.300,0.300,0.260,0.260,0.260,0.300,0.300,0.300,244,2
0.300,0.300,0.300,0.250,0.250,0.250,0.300,0.300,0.300,0.330,0.330,0.330,339,2
0.300,0.300,0.300,0.300,0.300,0.300,0.300,0.300,0.300,0.310,0.310,0.310,810,2
0.250,0.250,0.250,0.300,0.300,0.300,0.260,0.260,0.260,0.300,0.300,0.300,398,2
0.350,0.350,0.350,0.300,0.300,0.300,0.300,0.300,0.300,0.300,0.300,0.300,424,1
0.300,0.300,0.300,0.300,0.300,0.300,0.300,0.300,0.300,0.260,0.260,0.260,607,1
0.300,0.300,0.300,0.350,0.350,0.350,0.300,0.300,0.300,0.330,0.330,0.330,427,2
0.350,0.350,0.350,0.300,0.300,0.300,0.350,0.350,0.350,0.300,0.300,0.300,165,1
0.300,0.300,0.300,0.300,0.300,0.300,0.320,0.320,0.320,0.300,0.300,0.300,514,1
0.300,0.300,0.300,0.300,0.300,0.300,0.340,0.340,0.340,0.300,0.300,0.300,780,1
0.250,0.250,0.250,0.300,0.300,0.300,0.260,0.260,0.260,0.300,0.300,0.300,893,2
0.300,0.300,0.300,0.300,0.300,0.300,0.300,0.300,0.300,0.270,0.270,0.270,410,1
0.300,0.300,0.300,0.300,0.300,0.300,0.320,0.320,0.320,0.300,0.300,0.300,250,1
0.300,0.300,0.300,0.350,0.350,0.350,0.300,0.300,0.300,0.270,0.270,0.270,223,1
0.300,0.300,0.300,0.350,0.350,0.350,0.300,0.300,0.300,0.350,0.350,0.350,396,2
0.300,0.300,0.300,0.250,0.250,0.250,0.300,0.300,0.300,0.320,0.320,0.320,371,2
0.300,0.300,0.300,0.350,0.350,0.350,0.300,0.300,0.300,0.290,0.290,0.290,291,1
0.300,0.300,0.300,0.350,0.350,0.350,0.300,0.300,0.300,0.250,0.250,0.250,122,1
0.250,0.250,0.250,0.300,0.300,0.300,0.290,0.290,0.290,0.300,0.300,0.300,302,2
0.300,0.300,0.300,0.250,0.250,0.250,0.300,0.300,0.300,0.350,0.350,0.350,572,2
0.300,0.300,0.300,0.300,0.300,0.300,0.320,0.320,0.320,0.300,0.300,0.300,844,1
0.250,0.250,0.250,0.300,0.300,0.300,0.300,0.300,0.300,0.300,0.300,0.300,336,1
0.300,0.300,0.300,0.350,0.350,0.350,0.300,0.300,0.300,0.260,0.260,0.260,24,1
0.300,0.300,0.300,0.300,0.300,0.300,0.300,0.300,0.300,0.310,0.310,0.310,282,2
