0.300,0.300,0.300,0.300,0.300,0.300,0.350,0.350,0.350,0.300,0.300,0.300,154,1
0.250,0.250,0.250,0.300,0.300,0.300,0.250,0.250,0.250,0.300,0.300,0.300,595,2
0.300,0.300,0.300,0.350,0.350,0.350,0.300,0.300,0.300,0.340,0.340,0.340,197,2
0.300,0.300,0.300,0.250,0.250,0.250,0.300,0.300,0.300,0.260,0.260,0.260,662,1
0.250,0.250,0.250,0.300,0.300,0.300,0.280,0.280,0.280,0.300,0.300,0.300,433,2
0.250,0.250,0.250,0.300,0.300,0.300,0.270,0.270,0.270,0.300,0.300,0.300,927,2
0.300,0.300,0.300,0.250,0.250,0.250,0.300,0.300,0.300,0.280,0.280,0.280,4,1
0.300,0.300,0.300,0.350,0.350,0.350,0.300,0.300,0.300,0.290,0.290,0.290,225,1
0.300,0.300,0.300,0.300,0.300,0.300,0.340,0.340,0.340,0.300,0.300,0.300,351,1
0.350,0.350,0.350,0.300,0.300,0.300,0.270,0.270,0.270,0.300,0.300,0.300,553,2
0.250,0.250,0.250,0.300,0.300,0.300,0.250,0.250,0.250,0.300,0.300,0.300,1,2
0.300,0.300,0.300,0.300,0.300,0.300,0.300,0.300,0.300,0.340,0.340,0.340,252,2
0.350,0.350,0.350,0.300,0.300,0.300,0.310,0.310,0.310,0.300,0.300,0.300,194,1
0.350,0.350,0.350,0.300,0.300,0.300,0.340,0.340,0.340,0.300,0.300,0.300,461,1
0.300,0.300,0.300,0.350,0.350,0.350,0.300,0.300,0.300,0.330,0.330,0.330,691,2
0.300,0.300,0.300,0.300,0.300,0.300,0.300,0.300,0.300,0.350,0.350,0.350,616,2
0.300,0.300,0.300,0.300,0.300,0.300,0.300,0.300,0.300,0.250,0.250,0.250,606,1
0.300,0.300,0.300,0.300,0.300,0.300,0.350,0.350,0.350,0.300,0.300,0.300,682,1
0.250,0.250,0.250,0.300,0.300,0.300,0.260,0.260,0.260,0.300,0.300,0.300,728,2
0.350,0.350,0.350,0.300,0.300,0.300,0.340,0.340,0.340,0.300,0.300,0.300,527,1
0.350,0.350,0.350,0.300,0.300,0.300,0.350,0.350,0.350,0.300,0.300,0.300,726,1
0.300,0.300,0.300,0.250,0.250,0.250,0.300,0.300,0.300,0.250,0.250,0.250,892,1
0.300,0.300,0.300,0.350,0.350,0.350,0.300,0.300,0.300,0.270,0.270,0.270,223,1
0.300,0.300,0.300,0.300,0.300,0.300,0.300,0.300,0.300,0.320,0.320,0.320,184,2
0.300,0.300,0.300,0.300,0.300,0.300,0.300,0.300,0.300,0.330,0.330,0.330,746,2
0.300,0.300,0.300,0.300,0.300,0.300,0.270,0.270,0.270,0.300,0.300,0.300,344,2
0.300,0.300,0.300,0.250,0.250,0.250,0.300,0.300,0.300,0.300,0.300,0.300,732,2
0.250,0.250,0.250,0.300,0.300,0.300,0.350,0.350,0.350,0.300,0.300,0.300,143,1
0.250,0.250,0.250,0.300,0.300,0.300,0.290,0.290,0.290,0.300,0.300,0.300,896,2
0.300,0.300,0.300,0.250,0.250,0.250,0.300,0.300,0.300,0.280,0.280,0.280,70,1
0.300,0.300,0.300,0.350,0.350,0.350,0.300,0.300,0.300,0.300,0.300,0.300,721,2
0.300,0.300,0.300,0.300,0.300,0.300,0.300,0.300,0.300,0.300,0.300,0.300,281,2
0.300,0.300,0.300,0.300,0.300,0.300,0.300,0.300,0.300,0.330,0.330,0.330,515,2
0.300,0.300,0.300,0.250,0.250,0.250,0.300,0.300,0.300,0.330,0.330,0.330,42,2
0.300,0.300,0.300,0.300,0.300,0.300,0.300,0.300,0.300,0.250,0.250,0.250,738,1
0.300,0.300,0.300,0.300,0.300,0.300,0.300,0.300,0.300,0.330,0.330,0.330,581,2
0.300,0.300,0.300,0.300,0.300,0.300,0.300,0.300,0.300,0.270,0.270,0.270,113,1
0.350,0.350,0.350,0.300,0.300,0.300,0.320,0.320,0.320,0.300,0.300,0.300,789,1
0.300,0.300,0.300,0.300,0.300,0.300,0.300,0.300,0.300,0.250,0.250,0.250,78,1
0.350,0.350,0.350,0.300,0.300,0.300,0.350,0.350,0.350,0.300,0.300,0.300,396,1
0.250,0.250,0.250,0.300,0.300,0.300,0.260,0.260,0.260,0.300,0.300,0.300,464,2
0.350,0.350,0.350,0.300,0.300,0.300,0.320,0.320,0.320,0.300,0.300,0.300,855,1
0.350,0.350,0.350,0.300,0.300,0.300,0.320,0.320,0.320,0.300,0.300,0.300,657,1
0.300,0.300,0.300,0.300,0.300,0.300,0.300,0.300,0.300,0.290,0.290,0.290,643,1
0.300,0.300,0.300,0.350,0.350,0.350,0.300,0.300,0.300,0.340,0.340,0.340,230,2
0.250,0.250,0.250,0.300,0.300,0.300,0.330,0.330,0.330,0.300,0.300,0.300,933,1
0.300,0.300,0.300,0.350,0.350,0.350,0.300,0.300,0.300,0.330,0.330,0.330,493,2
0.350,0.350,0.350,0.300,0.300,0.300,0.310,0.310,0.310,0.300,0.300,0.300,293,1
0.300,0.300,0.300,0.350,0.350,0.350,0.300,0.300,0.300,0.270,0.270,0.270,487,1
0.300,0.300,0.300,0.250,0.250,0.250,0.300,0.300,0.300,0.260,0.260,0.260,101,1
0.300,0.300,0.300,0.300,0.300,0.300,0.310,0.310,0.310,0.300,0.300,0.300,183,1
0.300,0.300,0.300,0.350,0.350,0.350,0.300,0.300,0.300,0.270,0.270,0.270,58,1
0.300,0.300,0.300,0.300,0.300,0.300,0.300,0.300,0.300,0.280,0.280,0.280,147,1
0.250,0.250,0.250,0.300,0.300,0.300,0.260,0.260,0.260,0.300,0.300,0.300,563,2
0.300,0.300,0.300,0.350,0.350,0.350,0.300,0.300,0.300,0.300,0.300,0.300,886,2
0.300,0.300,0.300,0.300,0.300,0.300,0.300,0.300,0.300,0.270,0.270,0.270,476,1
0.300,0.300,0.300,0.300,0.300,0.300,0.280,0.280,0.280,0.300,0.300,0.300,15,2
0.300,0.300,0.300,0.250,0.250,0.250,0.300,0.300,0.300,0.330,0.330,0.330,75,2
0.300,0.300,0.300,0.300,0.300,0.300,0.270,0.270,0.270,0.300,0.300,0.300,278,2
0.300,0.300,0.300,0.300,0.300,0.300,0.270,0.270,0.270,0.300,0.300,0.300,905,2
0.250,0.250,0.250,0.300,0.300,0.300,0.250,0.250,0.250,0.300,0.300,0.300,925,2
0.300,0.300,0.300,0.350,0.350,0.350,0.300,0.300,0.300,0.300,0.300,0.300,358,2
0.350,0.350,0.350,0.300,0.300,0.300,0.320,0.320,0.320,0.300,0.300,0.300,129,1
0.300,0.300,0.300,0.250,0.250,0.250,0.300,0.300,0.300,0.270,0.270,0.270,201,1
0.250,0.250,0.250,0.300,0.300,0.300,0.350,0.350,0.350,0.300,0.300,0.300,638,1
0.300,0.300,0.300,0.300,0.300,0.300,0.300,0.300,0.300,0.250,0.250,0.250,375,1
0.300,0.300,0.300,0.250,0.250,0.250,0.300,0.300,0.300,0.350,0.350,0.350,308,2
0.300,0.300,0.300,0.250,0.250,0.250,0.300,0.300,0.300,0.250,0.250,0.250,793,1
0.250,0.250,0.250,0.300,0.300,0.300,0.280,0.280,0.280,0.300,0.300,0.300,664,2
0.350,0.350,0.350,0.300,0.300,0.300,0.270,0.270,0.270,0.300,0.300,0.300,685,2
0.250,0.250,0.250,0.300,0.300,0.300,0.250,0.250,0.250,0.300,0.300,0.300,430,2
0.300,0.300,0.300,0.250,0.250,0.250,0.300,0.300,0.300,0.350,0.350,0.350,374,2
0.300,0.300,0.300,0.300,0.300,0.300,0.290,0.290,0.290,0.300,0.300,0.300,775,2
0.300,0.300,0.300,0.300,0.300,0.300,0.260,0.260,0.260,0.300,0.300,0.300,475,2
0.300,0.300,0.300,0.300,0.300,0.300,0.300,0.300,0.300,0.300,0.300,0.300,512,1
0.300,0.300,0.300,0.350,0.350,0.350,0.300,0.300,0.300,0.340,0.340,0.340,164,2
0.300,0.300,0.300,0.300,0.300,0.300,0.260,0.260,0.260,0.300,0.300,0.300,310,2
0.300,0.300,0.300,0.350,0.350,0.350,0.300,0.300,0.300,0.320,0.320,0.320,558,2
0.300,0.300,0.300,0.350,0.350,0.350,0.300,0.300,0.300,0.330,0.330,0.330,658,2
0.250,0.250,0.250,0.300,0.300,0.300,0.340,0.340,0.340,0.300,0.300,0.300,472,1
0.300,0.300,0.300,0.300,0.300,0.300,0.310,0.310,0.310,0.300,0.300,0.300,84,1
0.250,0.250,0.250,0.300,0.300,0.300,0.250,0.250,0.250,0.300,0.300,0.300,859,2
0.250,0.250,0.250,0.300,0.300,0.300,0.340,0.340,0.340,0.300,0.300,0.300,670,1
0.300,0.300,0.300,0.300,0.300,0.300,0.300,0.300,0.300,0.310,0.310,0.310,480,2
0.300,0.300,0.300,0.250,0.250,0.250,0.300,0.300,0.300,0.350,0.350,0.350,737,2
0.300,0.300,0.300,0.300,0.300,0.300,0.300,0.300,0.300,0.270,0.270,0.270,146,1
0.250,0.250,0.250,0.300,0.300,0.300,0.330,0.330,0.330,0.300,0.300,0.300,108,1
0.300,0.300,0.300,0.250,0.250,0.250,0.300,0.300,0.300,0.260,0.260,0.260,695,1
0.250,0.250,0.250,0.300,0.300,0.300,0.300,0.300,0.300,0.300,0.300,0.300,105,1
0.300,0.300,0.300,0.300,0.300,0.300,0.300,0.300,0.300,0.280,0.280,0.280,345,1
0.300,0.300,0.300,0.350,0.350,0.350,0.300,0.300,0.300,0.250,0.250,0.250,617,1
0.350,0.350,0.350,0.300,0.300,0.300,0.290,0.290,0.290,0.300,0.300,0.300,126,2
0.300,0.300,0.300,0.250,0.250,0.250,0.300,0.300,0.300,0.330,0.330,0.330,702,2
0.350,0.350,0.350,0.300,0.300,0.300,0.310,0.310,0.310,0.300,0.300,0.300,986,1
0.250,0.250,0.250,0.300,0.300,0.300,0.250,0.250,0.250,0.300,0.300,0.300,166,2
0.300,0.300,0.300,0.350,0.350,0.350,0.300,0.300,0.300,0.310,0.310,0.310,326,2
0.300,0.300,0.300,0.350,0.350,0.350,0.300,0.300,0.300,0.300,0.300,0.300,28,2
0.300,0.300,0.300,0.350,0.350,0.350,0.300,0.300,0.300,0.320,0.320,0.320,360,2
0.300,0.300,0.300,0.300,0.300,0.300,0.280,0.280,0.280,0.300,0.300,0.300,840,2
0.300,0.300,0.300,0.250,0.250,0.250,0.300,0.300,0.300,0.320,0.320,0.320,536,2
0.300,0.300,0.300,0.300,0.300,0.300,0.270,0.270,0.270,0.300,0.300,0.300,443,2
0.300,0.300,0.300,0.350,0.350,0.350,0.300,0.300,0.300,0.300,0.300,0.300,193,2
0.300,0.300,0.300,0.350,0.350,0.350,0.300,0.300,0.300,0.250,0.250,0.250,89,1
0.350,0.350,0.350,0.300,0.300,0.300,0.300,0.300,0.300,0.300,0.300,0.300,688,1
0.350,0.350,0.350,0.300,0.300,0.300,0.260,0.260,0.260,0.300,0.300,0.300,585,2
0.300,0.300,0.300,0.300,0.300,0.300,0.290,0.290,0.290,0.300,0.300,0.300,808,2
0.300,0.300,0.300,0.300,0.300,0.300,0.260,0.260,0.260,0.300,0.300,0.300,871,2
0.300,0.300,0.300,0.250,0.250,0.250,0.300,0.300,0.300,0.350,0.350,0.350,209,2
0.250,0.250,0.250,0.300,0.300,0.300,0.260,0.260,0.260,0.300,0.300,0.300,827,2
0.250,0.250,0.250,0.300,0.300,0.300,0.270,0.270,0.270,0.300,0.300,0.300,36,2
0.250,0.250,0.250,0.300,0.300,0.300,0.290,0.290,0.290,0.300,0.300,0.300,401,2
0.300,0.300,0.300,0.300,0.300,0.300,0.310,0.310,0.310,0.300,0.300,0.300,975,1
0.350,0.350,0.350,0.300,0.300,0.300,0.300,0.300,0.300,0.300,0.300,0.300,226,1
0.250,0.250,0.250,0.300,0.300,0.300,0.250,0.250,0.250,0.300,0.300,0.300,34,2
0.300,0.300,0.300,0.300,0.300,0.300,0.260,0.260,0.260,0.300,0.300,0.300,937,2
0.250,0.250,0.250,0.300,0.300,0.300,0.320,0.320,0.320,0.300,0.300,0.300,371,1
0.250,0.250,0.250,0.300,0.300,0.300,0.340,0.340,0.340,0.300,0.300,0.300,868,1
0.300,0.300,0.300,0.300,0.300,0.300,0.300,0.300,0.300,0.310,0.310,0.310,51,2
0.350,0.350,0.350,0.300,0.300,0.300,0.270,0.270,0.270,0.300,0.300,0.300,421,2
0.250,0.250,0.250,0.300,0.300,0.300,0.310,0.310,0.310,0.300,0.300,0.300,634,1
0.350,0.350,0.350,0.300,0.300,0.300,0.300,0.300,0.300,0.300,0.300,0.300,787,1
0.350,0.350,0.350,0.300,0.300,0.300,0.310,0.310,0.310,0.300,0.300,0.300,227,1
0.300,0.300,0.300,0.250,0.250,0.250,0.300,0.300,0.300,0.300,0.300,0.300,567,2
0.250,0.250,0.250,0.300,0.300,0.300,0.320,0.320,0.320,0.300,0.300,0.300,899,1
0.300,0.300,0.300,0.250,0.250,0.250,0.300,0.300,0.300,0.300,0.300,0.300,963,2
0.300,0.300,0.300,0.250,0.250,0.250,0.300,0.300,0.300,0.300,0.300,0.300,798,2
0.300,0.300,0.300,0.250,0.250,0.250,0.300,0.300,0.300,0.340,0.340,0.340,340,2
0.250,0.250,0.250,0.300,0.300,0.300,0.250,0.250,0.250,0.300,0.300,0.300,364,2
0.250,0.250,0.250,0.300,0.300,0.300,0.270,0.270,0.270,0.300,0.300,0.300,564,2
0.300,0.300,0.300,0.350,0.350,0.350,0.300,0.300,0.300,0.330,0.330,0.330,724,2
0.300,0.300,0.300,0.300,0.300,0.300,0.320,0.320,0.320,0.300,0.300,0.300,844,1
0.350,0.350,0.350,0.300,0.300,0.300,0.300,0.300,0.300,0.300,0.300,0.300,490,1
0.350,0.350,0.350,0.300,0.300,0.300,0.260,0.260,0.260,0.300,0.300,0.300,420,2
0.300,0.300,0.300,0.300,0.300,0.300,0.300,0.300,0.300,0.350,0.350,0.350,946,2
0.300,0.300,0.300,0.250,0.250,0.250,0.300,0.300,0.300,0.250,0.250,0.250,628,1
0.300,0.300,0.300,0.250,0.250,0.250,0.300,0.300,0.300,0.310,0.310,0.310,898,2
0.300,0.300,0.300,0.350,0.350,0.350,0.300,0.300,0.300,0.280,0.280,0.280,752,1
0.300,0.300,0.300,0.350,0.350,0.350,0.300,0.300,0.300,0.350,0.350,0.350,759,2
0.300,0.300,0.300,0.350,0.350,0.350,0.300,0.300,0.300,0.350,0.350,0.350,858,2
0.300,0.300,0.300,0.300,0.300,0.300,0.300,0.300,0.300,0.260,0.260,0.260,673,1
0.350,0.350,0.350,0.300,0.300,0.300,0.320,0.320,0.320,0.300,0.300,0.300,261,1
0.300,0.300,0.300,0.350,0.350,0.350,0.300,0.300,0.300,0.250,0.250,0.250,749,1
0.300,0.300,0.300,0.250,0.250,0.250,0.300,0.300,0.300,0.330,0.330,0.330,801,2
0.300,0.300,0.300,0.300,0.300,0.300,0.300,0.300,0.300,0.290,0.290,0.290,313,1
0.300,0.300,0.300,0.300,0.300,0.300,0.300,0.300,0.300,0.290,0.290,0.290,247,1
0.350,0.350,0.350,0.300,0.300,0.300,0.320,0.320,0.320,0.300,0.300,0.300,822,1
0.300,0.300,0.300,0.300,0.300,0.300,0.310,0.310,0.310,0.300,0.300,0.300,843,1
0.300,0.300,0.300,0.300,0.300,0.300,0.300,0.300,0.300,0.300,0.300,0.300,149,2
0.350,0.350,0.350,0.300,0.300,0.300,0.300,0.300,0.300,0.300,0.300,0.300,622,1
0.350,0.350,0.350,0.300,0.300,0.300,0.270,0.270,0.270,0.300,0.300,0.300,949,2
0.300,0.300,0.300,0.250,0.250,0.250,0.300,0.300,0.300,0.330,0.330,0.330,306,2
0.300,0.300,0.300,0.350,0.350,0.350,0.300,0.300,0.300,0.330,0.330,0.330,262,2
0.350,0.350,0.350,0.300,0.300,0.300,0.250,0.250,0.250,0.300,0.300,0.300,221,2
0.300,0.300,0.300,0.350,0.350,0.350,0.300,0.300,0.300,0.320,0.320,0.320,195,2
0.300,0.300,0.300,0.300,0.300,0.300,0.300,0.300,0.300,0.250,0.250,0.250,639,1
0.300,0.300,0.300,0.300,0.300,0.300,0.300,0.300,0.300,0.310,0.310,0.310,942,2
0.300,0.300,0.300,0.300,0.300,0.300,0.340,0.340,0.340,0.300,0.300,0.300,714,1
0.300,0.300,0.300,0.300,0.300,0.300,0.250,0.250,0.250,0.300,0.300,0.300,177,2
0.300,0.300,0.300,0.300,0.300,0.300,0.320,0.320,0.320,0.300,0.300,0.300,316,1
0.350,0.350,0.350,0.300,0.300,0.300,0.280,0.280,0.280,0.300,0.300,0.300,620,2
0.300,0.300,0.300,0.300,0.300,0.300,0.300,0.300,0.300,0.280,0.280,0.280,708,1
0.300,0.300,0.300,0.250,0.250,0.250,0.300,0.300,0.300,0.340,0.340,0.340,571,2
0.250,0.250,0.250,0.300,0.300,0.300,0.270,0.270,0.270,0.300,0.300,0.300,135,2
0.300,0.300,0.300,0.300,0.300,0.300,0.300,0.300,0.300,0.340,0.340,0.340,483,2
0.300,0.300,0.300,0.300,0.300,0.300,0.310,0.310,0.310,0.300,0.300,0.300,546,1
0.300,0.300,0.300,0.300,0.300,0.300,0.250,0.250,0.250,0.300,0.300,0.300,540,2
0.300,0.300,0.300,0.250,0.250,0.250,0.300,0.300,0.300,0.320,0.320,0.320,800,2
0.300,0.300,0.300,0.350,0.350,0.350,0.300,0.300,0.300,0.260,0.260,0.260,552,1
0.300,0.300,0.300,0.350,0.350,0.350,0.300,0.300,0.300,0.330,0.330,0.330,592,2
0.350,0.350,0.350,0.300,0.300,0.300,0.350,0.350,0.350,0.300,0.300,0.300,132,1
0.300,0.300,0.300,0.350,0.350,0.350,0.300,0.300,0.300,0.300,0.300,0.300,292,2
0.300,0.300,0.300,0.350,0.350,0.350,0.300,0.300,0.300,0.280,0.280,0.280,851,1
0.300,0.300,0.300,0.250,0.250,0.250,0.300,0.300,0.300,0.350,0.350,0.350,506,2
0.350,0.350,0.350,0.300,0.300,0.300,0.260,0.260,0.260,0.300,0.300,0.300,816,2
0.250,0.250,0.250,0.300,0.300,0.300,0.280,0.280,0.280,0.300,0.300,0.300,697,2
0.300,0.300,0.300,0.350,0.350,0.350,0.300,0.300,0.300,0.290,0.290,0.290,588,1
0.300,0.300,0.300,0.300,0.300,0.300,0.300,0.300,0.300,0.300,0.300,0.300,248,2
0.250,0.250,0.250,0.300,0.300,0.300,0.280,0.280,0.280,0.300,0.300,0.300,466,2
0.300,0.300,0.300,0.250,0.250,0.250,0.300,0.300,0.300,0.340,0.340,0.340,736,2
0.300,0.300,0.300,0.300,0.300,0.300,0.340,0.340,0.340,0.300,0.300,0.300,384,1
0.300,0.300,0.300,0.300,0.300,0.300,0.310,0.310,0.310,0.300,0.300,0.300,447,1
0.300,0.300,0.300,0.300,0.300,0.300,0.300,0.300,0.300,0.330,0.330,0.330,878,2
0.300,0.300,0.300,0.350,0.350,0.350,0.300,0.300,0.300,0.340,0.340,0.340,725,2
0.300,0.300,0.300,0.250,0.250,0.250,0.300,0.300,0.300,0.270,0.270,0.270,234,1
0.300,0.300,0.300,0.250,0.250,0.250,0.300,0.300,0.300,0.310,0.310,0.310,205,2
0.300,0.300,0.300,0.250,0.250,0.250,0.300,0.300,0.300,0.340,0.340,0.340,307,2
0.300,0.300,0.300,0.300,0.300,0.300,0.260,0.260,0.260,0.300,0.300,0.300,13,2
0.300,0.300,0.300,0.250,0.250,0.250,0.300,0.300,0.300,0.270,0.270,0.270,333,1
0.350,0.350,0.350,0.300,0.300,0.300,0.270,0.270,0.270,0.300,0.300,0.300,289,2
0.300,0.300,0.300,0.350,0.350,0.350,0.300,0.300,0.300,0.270,0.270,0.270,751,1
0.300,0.300,0.300,0.300,0.300,0.300,0.300,0.300,0.300,0.340,0.340,0.340,87,2
0.250,0.250,0.250,0.300,0.300,0.300,0.300,0.300,0.300,0.300,0.300,0.300,435,1
0.250,0.250,0.250,0.300,0.300,0.300,0.270,0.270,0.270,0.300,0.300,0.300,300,2
0.300,0.300,0.300,0.300,0.300,0.300,0.340,0.340,0.340,0.300,0.300,0.300,549,1
0.300,0.300,0.300,0.350,0.350,0.350,0.300,0.300,0.300,0.350,0.350,0.350,165,2
0.350,0.350,0.350,0.300,0.300,0.300,0.330,0.330,0.330,0.300,0.300,0.300,427,1
0.300,0.300,0.300,0.350,0.350,0.350,0.300,0.300,0.300,0.250,0.250,0.250,287,1
0.300,0.300,0.300,0.300,0.300,0.300,0.250,0.250,0.250,0.300,0.300,0.300,573,2
0.300,0.300,0.300,0.300,0.300,0.300,0.300,0.300,0.300,0.270,0.270,0.270,410,1
0.300,0.300,0.300,0.250,0.250,0.250,0.300,0.300,0.300,0.260,0.260,0.260,332,1
0.300,0.300,0.300,0.350,0.350,0.350,0.300,0.300,0.300,0.330,0.330,0.330,163,2
0.300,0.300,0.300,0.300,0.300,0.300,0.300,0.300,0.300,0.330,0.330,0.330,350,2
0.250,0.250,0.250,0.300,0.300,0.300,0.340,0.340,0.340,0.300,0.300,0.300,175,1
0.300,0.300,0.300,0.300,0.300,0.300,0.300,0.300,0.300,0.260,0.260,0.260,574,1
0.350,0.350,0.350,0.300,0.300,0.300,0.280,0.280,0.280,0.300,0.300,0.300,224,2
0.300,0.300,0.300,0.250,0.250,0.250,0.300,0.300,0.300,0.350,0.350,0.350,341,2
0.300,0.300,0.300,0.350,0.350,0.350,0.300,0.300,0.300,0.280,0.280,0.280,125,1
0.300,0.300,0.300,0.250,0.250,0.250,0.300,0.300,0.300,0.250,0.250,0.250,133,1
0.250,0.250,0.250,0.300,0.300,0.300,0.280,0.280,0.280,0.300,0.300,0.300,103,2
0.300,0.300,0.300,0.300,0.300,0.300,0.350,0.350,0.350,0.300,0.300,0.300,220,1
0.300,0.300,0.300,0.300,0.300,0.300,0.300,0.300,0.300,0.290,0.290,0.290,214,1
0.350,0.350,0.350,0.300,0.300,0.300,0.340,0.340,0.340,0.300,0.300,0.300,560,1
0.300,0.300,0.300,0.300,0.300,0.300,0.250,0.250,0.250,0.300,0.300,0.300,309,2
0.250,0.250,0.250,0.300,0.300,0.300,0.290,0.290,0.290,0.300,0.300,0.300,533,2
0.300,0.300,0.300,0.300,0.300,0.300,0.300,0.300,0.300,0.340,0.340,0.340,780,2
0.300,0.300,0.300,0.250,0.250,0.250,0.300,0.300,0.300,0.260,0.260,0.260,68,1
0.300,0.300,0.300,0.350,0.350,0.350,0.300,0.300,0.300,0.350,0.350,0.350,990,2
0.350,0.350,0.350,0.300,0.300,0.300,0.250,0.250,0.250,0.300,0.300,0.300,452,2
0.350,0.350,0.350,0.300,0.300,0.300,0.350,0.350,0.350,0.300,0.300,0.300,594,1
0.350,0.350,0.350,0.300,0.300,0.300,0.330,0.330,0.330,0.300,0.300,0.300,625,1
0.300,0.300,0.300,0.250,0.250,0.250,0.300,0.300,0.300,0.330,0.330,0.330,966,2
0.300,0.300,0.300,0.300,0.300,0.300,0.280,0.280,0.280,0.300,0.300,0.300,675,2
0.300,0.300,0.300,0.250,0.250,0.250,0.300,0.300,0.300,0.270,0.270,0.270,69,1
0.300,0.300,0.300,0.300,0.300,0.300,0.320,0.320,0.320,0.300,0.300,0.300,283,1
0.300,0.300,0.300,0.250,0.250,0.250,0.300,0.300,0.300,0.250,0.250,0.250,265,1
0.300,0.300,0.300,0.350,0.350,0.350,0.300,0.300,0.300,0.270,0.270,0.270,784,1
0.300,0.300,0.300,0.350,0.350,0.350,0.300,0.300,0.300,0.280,0.280,0.280,389,1
0.350,0.350,0.350,0.300,0.300,0.300,0.320,0.320,0.320,0.300,0.300,0.300,591,1
0.300,0.300,0.300,0.350,0.350,0.350,0.300,0.300,0.300,0.260,0.260,0.260,321,1
0.300,0.300,0.300,0.350,0.350,0.350,0.300,0.300,0.300,0.330,0.330,0.330,97,2
0.250,0.250,0.250,0.300,0.300,0.300,0.320,0.320,0.320,0.300,0.300,0.300,470,1
0.350,0.350,0.350,0.300,0.300,0.300,0.250,0.250,0.250,0.300,0.300,0.300,815,2
0.300,0.300,0.300,0.300,0.300,0.300,0.250,0.250,0.250,0.300,0.300,0.300,210,2
0.300,0.300,0.300,0.350,0.350,0.350,0.300,0.300,0.300,0.280,0.280,0.280,983,1
0.350,0.350,0.350,0.300,0.300,0.300,0.290,0.290,0.290,0.300,0.300,0.300,291,2
0.350,0.350,0.350,0.300,0.300,0.300,0.300,0.300,0.300,0.300,0.300,0.300,325,1
0.300,0.300,0.300,0.300,0.300,0.300,0.330,0.330,0.330,0.300,0.300,0.300,119,1
0.300,0.300,0.300,0.350,0.350,0.350,0.300,0.300,0.300,0.290,0.290,0.290,93,1
0.300,0.300,0.300,0.300,0.300,0.300,0.300,0.300,0.300,0.290,0.290,0.290,676,1
0.300,0.300,0.300,0.250,0.250,0.250,0.300,0.300,0.300,0.310,0.310,0.310,964,2
0.300,0.300,0.300,0.350,0.350,0.350,0.300,0.300,0.300,0.260,0.260,0.260,90,1
0.250,0.250,0.250,0.300,0.300,0.300,0.280,0.280,0.280,0.300,0.300,0.300,961,2
0.300,0.300,0.300,0.250,0.250,0.250,0.300,0.300,0.300,0.330,0.330,0.330,537,2
0.350,0.350,0.350,0.300,0.300,0.300,0.290,0.290,0.290,0.300,0.300,0.300,621,2
0.250,0.250,0.250,0.300,0.300,0.300,0.290,0.290,0.290,0.300,0.300,0.300,632,2
0.300,0.300,0.300,0.250,0.250,0.250,0.300,0.300,0.300,0.310,0.310,0.310,106,2
0.300,0.300,0.300,0.350,0.350,0.350,0.300,0.300,0.300,0.250,0.250,0.250,122,1
0.300,0.300,0.300,0.300,0.300,0.300,0.350,0.350,0.350,0.300,0.300,0.300,286,1
0.300,0.300,0.300,0.350,0.350,0.350,0.300,0.300,0.300,0.280,0.280,0.280,884,1
0.300,0.300,0.300,0.300,0.300,0.300,0.320,0.320,0.320,0.300,0.300,0.300,349,1
0.350,0.350,0.350,0.300,0.300,0.300,0.320,0.320,0.320,0.300,0.300,0.300,96,1
0.300,0.300,0.300,0.250,0.250,0.250,0.300,0.300,0.300,0.260,0.260,0.260,530,1
0.300,0.300,0.300,0.250,0.250,0.250,0.300,0.300,0.300,0.340,0.340,0.340,10,2
0.250,0.250,0.250,0.300,0.300,0.300,0.280,0.280,0.280,0.300,0.300,0.300,136,2
0.300,0.300,0.300,0.350,0.350,0.350,0.300,0.300,0.300,0.350,0.350,0.350,957,2
0.300,0.300,0.300,0.300,0.300,0.300,0.300,0.300,0.300,0.300,0.300,0.300,116,2
0.350,0.350,0.350,0.300,0.300,0.300,0.270,0.270,0.270,0.300,0.300,0.300,718,2
0.300,0.300,0.300,0.300,0.300,0.300,0.300,0.300,0.300,0.280,0.280,0.280,81,1
0.300,0.300,0.300,0.300,0.300,0.300,0.300,0.300,0.300,0.330,0.330,0.330,911,2
0.300,0.300,0.300,0.350,0.350,0.350,0.300,0.300,0.300,0.340,0.340,0.340,395,2
0.300,0.300,0.300,0.300,0.300,0.300,0.300,0.300,0.300,0.270,0.270,0.270,707,1
0.250,0.250,0.250,0.300,0.300,0.300,0.310,0.310,0.310,0.300,0.300,0.300,73,1
0.250,0.250,0.250,0.300,0.300,0.300,0.350,0.350,0.350,0.300,0.300,0.300,110,1
0.300,0.300,0.300,0.300,0.300,0.300,0.300,0.300,0.300,0.350,0.350,0.350,517,2
0.300,0.300,0.300,0.300,0.300,0.300,0.310,0.310,0.310,0.300,0.300,0.300,282,1
0.350,0.350,0.350,0.300,0.300,0.300,0.290,0.290,0.290,0.300,0.300,0.300,324,2
0.300,0.300,0.300,0.250,0.250,0.250,0.300,0.300,0.300,0.340,0.340,0.340,373,2
0.350,0.350,0.350,0.300,0.300,0.300,0.290,0.290,0.290,0.300,0.300,0.300,984,2
0.300,0.300,0.300,0.250,0.250,0.250,0.300,0.300,0.300,0.320,0.320,0.320,8,2
0.350,0.350,0.350,0.300,0.300,0.300,0.290,0.290,0.290,0.300,0.300,0.300,27,2
0.300,0.300,0.300,0.250,0.250,0.250,0.300,0.300,0.300,0.350,0.350,0.350,704,2
0.300,0.300,0.300,0.250,0.250,0.250,0.300,0.300,0.300,0.300,0.300,0.300,39,2
0.350,0.350,0.350,0.300,0.300,0.300,0.300,0.300,0.300,0.300,0.300,0.300,94,1
0.350,0.350,0.350,0.300,0.300,0.300,0.340,0.340,0.340,0.300,0.300,0.300,890,1
0.350,0.350,0.350,0.300,0.300,0.300,0.250,0.250,0.250,0.300,0.300,0.300,254,2
0.300,0.300,0.300,0.350,0.350,0.350,0.300,0.300,0.300,0.280,0.280,0.280,818,1
0.300,0.300,0.300,0.250,0.250,0.250,0.300,0.300,0.300,0.350,0.350,0.350,176,2
0.250,0.250,0.250,0.300,0.300,0.300,0.310,0.310,0.310,0.300,0.300,0.300,238,1
0.300,0.300,0.300,0.300,0.300,0.300,0.300,0.300,0.300,0.350,0.350,0.350,649,2
0.300,0.300,0.300,0.300,0.300,0.300,0.300,0.300,0.300,0.290,0.290,0.290,379,1
0.300,0.300,0.300,0.250,0.250,0.250,0.300,0.300,0.300,0.350,0.350,0.350,407,2
0.300,0.300,0.300,0.300,0.300,0.300,0.300,0.300,0.300,0.280,0.280,0.280,279,1
0.250,0.250,0.250,0.300,0.300,0.300,0.270,0.270,0.270,0.300,0.300,0.300,795,2
0.300,0.300,0.300,0.300,0.300,0.300,0.260,0.260,0.260,0.300,0.300,0.300,541,2
0.300,0.300,0.300,0.300,0.300,0.300,0.300,0.300,0.300,0.340,0.340,0.340,450,2
0.300,0.300,0.300,0.300,0.300,0.300,0.250,0.250,0.250,0.300,0.300,0.300,903,2
0.300,0.300,0.300,0.300,0.300,0.300,0.300,0.300,0.300,0.340,0.340,0.340,615,2
0.250,0.250,0.250,0.300,0.300,0.300,0.350,0.350,0.350,0.300,0.300,0.300,836,1
0.250,0.250,0.250,0.300,0.300,0.300,0.250,0.250,0.250,0.300,0.300,0.300,232,2
0.300,0.300,0.300,0.300,0.300,0.300,0.320,0.320,0.320,0.300,0.300,0.300,415,1
0.350,0.350,0.350,0.300,0.300,0.300,0.330,0.330,0.330,0.300,0.300,0.300,559,1
0.300,0.300,0.300,0.350,0.350,0.350,0.300,0.300,0.300,0.250,0.250,0.250,518,1
0.300,0.300,0.300,0.250,0.250,0.250,0.300,0.300,0.300,0.350,0.350,0.350,935,2
0.300,0.300,0.300,0.350,0.350,0.350,0.300,0.300,0.300,0.290,0.290,0.290,786,1
0.300,0.300,0.300,0.300,0.300,0.300,0.300,0.300,0.300,0.290,0.290,0.290,445,1
0.350,0.350,0.350,0.300,0.300,0.300,0.290,0.290,0.290,0.300,0.300,0.300,951,2
0.300,0.300,0.300,0.300,0.300,0.300,0.340,0.340,0.340,0.300,0.300,0.300,648,1
0.300,0.300,0.300,0.250,0.250,0.250,0.300,0.300,0.300,0.300,0.300,0.300,204,2
0.250,0.250,0.250,0.300,0.300,0.300,0.260,0.260,0.260,0.300,0.300,0.300,266,2
0.300,0.300,0.300,0.300,0.300,0.300,0.300,0.300,0.300,0.280,0.280,0.280,246,1
0.350,0.350,0.350,0.300,0.300,0.300,0.270,0.270,0.270,0.300,0.300,0.300,520,2
0.300,0.300,0.300,0.350,0.350,0.350,0.300,0.300,0.300,0.330,0.330,0.330,394,2
0.300,0.300,0.300,0.250,0.250,0.250,0.300,0.300,0.300,0.270,0.270,0.270,432,1
0.300,0.300,0.300,0.300,0.300,0.300,0.250,0.250,0.250,0.300,0.300,0.300,342,2
0.300,0.300,0.300,0.300,0.300,0.300,0.300,0.300,0.300,0.350,0.350,0.350,55,2
0.300,0.300,0.300,0.300,0.300,0.300,0.300,0.300,0.300,0.300,0.300,0.300,974,1
0.300,0.300,0.300,0.300,0.300,0.300,0.300,0.300,0.300,0.320,0.320,0.320,580,2
0.300,0.300,0.300,0.300,0.300,0.300,0.260,0.260,0.260,0.300,0.300,0.300,607,2
0.300,0.300,0.300,0.250,0.250,0.250,0.300,0.300,0.300,0.280,0.280,0.280,235,1
0.300,0.300,0.300,0.300,0.300,0.300,0.300,0.300,0.300,0.300,0.300,0.300,776,1
0.300,0.300,0.300,0.300,0.300,0.300,0.300,0.300,0.300,0.340,0.340,0.340,285,2
0.350,0.350,0.350,0.300,0.300,0.300,0.270,0.270,0.270,0.300,0.300,0.300,157,2
0.350,0.350,0.350,0.300,0.300,0.300,0.250,0.250,0.250,0.300,0.300,0.300,419,2
0.300,0.300,0.300,0.300,0.300,0.300,0.300,0.300,0.300,0.290,0.290,0.290,511,1
0.350,0.350,0.350,0.300,0.300,0.300,0.350,0.350,0.350,0.300,0.300,0.300,231,1
0.300,0.300,0.300,0.300,0.300,0.300,0.300,0.300,0.300,0.350,0.350,0.350,583,2
0.300,0.300,0.300,0.350,0.350,0.350,0.300,0.300,0.300,0.310,0.310,0.310,29,2
0.300,0.300,0.300,0.250,0.250,0.250,0.300,0.300,0.300,0.350,0.350,0.350,77,2
0.250,0.250,0.250,0.300,0.300,0.300,0.280,0.280,0.280,0.300,0.300,0.300,268,2
0.300,0.300,0.300,0.300,0.300,0.300,0.300,0.300,0.300,0.310,0.310,0.310,678,2
0.350,0.350,0.350,0.300,0.300,0.300,0.280,0.280,0.280,0.300,0.300,0.300,488,2
0.250,0.250,0.250,0.300,0.300,0.300,0.310,0.310,0.310,0.300,0.300,0.300,7,1
0.350,0.350,0.350,0.300,0.300,0.300,0.280,0.280,0.280,0.300,0.300,0.300,686,2
0.300,0.300,0.300,0.350,0.350,0.350,0.300,0.300,0.300,0.280,0.280,0.280,191,1
0.300,0.300,0.300,0.300,0.300,0.300,0.290,0.290,0.290,0.300,0.300,0.300,181,2
0.250,0.250,0.250,0.300,0.300,0.300,0.330,0.330,0.330,0.300,0.300,0.300,768,1
0.300,0.300,0.300,0.300,0.300,0.300,0.320,0.320,0.320,0.300,0.300,0.300,811,1
0.300,0.300,0.300,0.300,0.300,0.300,0.300,0.300,0.300,0.260,0.260,0.260,211,1
0.350,0.350,0.350,0.300,0.300,0.300,0.290,0.290,0.290,0.300,0.300,0.300,60,2
0.300,0.300,0.300,0.300,0.300,0.300,0.290,0.290,0.290,0.300,0.300,0.300,841,2
0.300,0.300,0.300,0.300,0.300,0.300,0.300,0.300,0.300,0.290,0.290,0.290,907,1
0.300,0.300,0.300,0.300,0.300,0.300,0.300,0.300,0.300,0.330,0.330,0.330,944,2
0.300,0.300,0.300,0.300,0.300,0.300,0.310,0.310,0.310,0.300,0.300,0.300,645,1
0.300,0.300,0.300,0.300,0.300,0.300,0.330,0.330,0.330,0.300,0.300,0.300,845,1
0.300,0.300,0.300,0.350,0.350,0.350,0.300,0.300,0.300,0.320,0.320,0.320,624,2
0.250,0.250,0.250,0.300,0.300,0.300,0.320,0.320,0.320,0.300,0.300,0.300,338,1
0.300,0.300,0.300,0.300,0.300,0.300,0.300,0.300,0.300,0.250,0.250,0.250,936,1
0.300,0.300,0.300,0.350,0.350,0.350,0.300,0.300,0.300,0.270,0.270,0.270,388,1
0.300,0.300,0.300,0.350,0.350,0.350,0.300,0.300,0.300,0.310,0.310,0.310,656,2
0.300,0.300,0.300,0.300,0.300,0.300,0.300,0.300,0.300,0.300,0.300,0.300,17,2
0.300,0.300,0.300,0.350,0.350,0.350,0.300,0.300,0.300,0.300,0.300,0.300,919,2
0.300,0.300,0.300,0.250,0.250,0.250,0.300,0.300,0.300,0.290,0.290,0.290,962,1
0.300,0.300,0.300,0.300,0.300,0.300,0.300,0.300,0.300,0.300,0.300,0.300,50,2
0.300,0.300,0.300,0.300,0.300,0.300,0.300,0.300,0.300,0.350,0.350,0.350,484,2
0.300,0.300,0.300,0.350,0.350,0.350,0.300,0.300,0.300,0.300,0.300,0.300,127,2
0.300,0.300,0.300,0.350,0.350,0.350,0.300,0.300,0.300,0.310,0.310,0.310,359,2
0.300,0.300,0.300,0.300,0.300,0.300,0.270,0.270,0.270,0.300,0.300,0.300,14,2
0.250,0.250,0.250,0.300,0.300,0.300,0.300,0.300,0.300,0.300,0.300,0.300,864,1
0.300,0.300,0.300,0.300,0.300,0.300,0.320,0.320,0.320,0.300,0.300,0.300,943,1
0.250,0.250,0.250,0.300,0.300,0.300,0.270,0.270,0.270,0.300,0.300,0.300,696,2
0.300,0.300,0.300,0.300,0.300,0.300,0.300,0.300,0.300,0.300,0.300,0.300,908,2
0.300,0.300,0.300,0.350,0.350,0.350,0.300,0.300,0.300,0.280,0.280,0.280,950,1
0.300,0.300,0.300,0.250,0.250,0.250,0.300,0.300,0.300,0.300,0.300,0.300,468,2
0.300,0.300,0.300,0.300,0.300,0.300,0.300,0.300,0.300,0.300,0.300,0.300,611,2
0.250,0.250,0.250,0.300,0.300,0.300,0.270,0.270,0.270,0.300,0.300,0.300,894,2
0.300,0.300,0.300,0.300,0.300,0.300,0.280,0.280,0.280,0.300,0.300,0.300,114,2
0.300,0.300,0.300,0.300,0.300,0.300,0.280,0.280,0.280,0.300,0.300,0.300,477,2
0.300,0.300,0.300,0.300,0.300,0.300,0.330,0.330,0.330,0.300,0.300,0.300,152,1
0.300,0.300,0.300,0.350,0.350,0.350,0.300,0.300,0.300,0.290,0.290,0.290,258,1
0.350,0.350,0.350,0.300,0.300,0.300,0.300,0.300,0.300,0.300,0.300,0.300,523,1
0.300,0.300,0.300,0.250,0.250,0.250,0.300,0.300,0.300,0.290,0.290,0.290,104,1
0.250,0.250,0.250,0.300,0.300,0.300,0.260,0.260,0.260,0.300,0.300,0.300,893,2
0.300,0.300,0.300,0.250,0.250,0.250,0.300,0.300,0.300,0.300,0.300,0.300,369,2
0.250,0.250,0.250,0.300,0.300,0.300,0.310,0.310,0.310,0.300,0.300,0.300,865,1
0.300,0.300,0.300,0.350,0.350,0.350,0.300,0.300,0.300,0.290,0.290,0.290,885,1
0.300,0.300,0.300,0.300,0.300,0.300,0.300,0.300,0.300,0.350,0.350,0.350,814,2
0.300,0.300,0.300,0.350,0.350,0.350,0.300,0.300,0.300,0.260,0.260,0.260,123,1
0.300,0.300,0.300,0.350,0.350,0.350,0.300,0.300,0.300,0.340,0.340,0.340,791,2
0.300,0.300,0.300,0.250,0.250,0.250,0.300,0.300,0.300,0.350,0.350,0.350,275,2
0.300,0.300,0.300,0.250,0.250,0.250,0.300,0.300,0.300,0.320,0.320,0.320,668,2
0.300,0.300,0.300,0.350,0.350,0.350,0.300,0.300,0.300,0.300,0.300,0.300,61,2
0.300,0.300,0.300,0.300,0.300,0.300,0.270,0.270,0.270,0.300,0.300,0.300,608,2
0.300,0.300,0.300,0.300,0.300,0.300,0.300,0.300,0.300,0.330,0.330,0.330,86,2
0.350,0.350,0.350,0.300,0.300,0.300,0.310,0.310,0.310,0.300,0.300,0.300,392,1
0.300,0.300,0.300,0.300,0.300,0.300,0.300,0.300,0.300,0.280,0.280,0.280,741,1
0.300,0.300,0.300,0.250,0.250,0.250,0.300,0.300,0.300,0.330,0.330,0.330,339,2
0.350,0.350,0.350,0.300,0.300,0.300,0.280,0.280,0.280,0.300,0.300,0.300,554,2
0.300,0.300,0.300,0.300,0.300,0.300,0.300,0.300,0.300,0.280,0.280,0.280,48,1
0.250,0.250,0.250,0.300,0.300,0.300,0.250,0.250,0.250,0.300,0.300,0.300,100,2
0.350,0.350,0.350,0.300,0.300,0.300,0.290,0.290,0.290,0.300,0.300,0.300,522,2
0.300,0.300,0.300,0.250,0.250,0.250,0.300,0.300,0.300,0.330,0.330,0.330,372,2
0.250,0.250,0.250,0.300,0.300,0.300,0.290,0.290,0.290,0.300,0.300,0.300,5,2
0.300,0.300,0.300,0.350,0.350,0.350,0.300,0.300,0.300,0.320,0.320,0.320,492,2
0.300,0.300,0.300,0.300,0.300,0.300,0.340,0.340,0.340,0.300,0.300,0.300,978,1
0.300,0.300,0.300,0.300,0.300,0.300,0.300,0.300,0.300,0.270,0.270,0.270,971,1
0.300,0.300,0.300,0.300,0.300,0.300,0.290,0.290,0.290,0.300,0.300,0.300,709,2
0.300,0.300,0.300,0.250,0.250,0.250,0.300,0.300,0.300,0.330,0.330,0.330,471,2
0.350,0.350,0.350,0.300,0.300,0.300,0.280,0.280,0.280,0.300,0.300,0.300,785,2
0.300,0.300,0.300,0.300,0.300,0.300,0.310,0.310,0.310,0.300,0.300,0.300,612,1
0.250,0.250,0.250,0.300,0.300,0.300,0.310,0.310,0.310,0.300,0.300,0.300,667,1
0.300,0.300,0.300,0.350,0.350,0.350,0.300,0.300,0.300,0.270,0.270,0.270,982,1
0.250,0.250,0.250,0.300,0.300,0.300,0.260,0.260,0.260,0.300,0.300,0.300,299,2
0.300,0.300,0.300,0.300,0.300,0.300,0.300,0.300,0.300,0.300,0.300,0.300,182,2
0.250,0.250,0.250,0.300,0.300,0.300,0.340,0.340,0.340,0.300,0.300,0.300,934,1
0.300,0.300,0.300,0.350,0.350,0.350,0.300,0.300,0.300,0.330,0.330,0.330,229,2
0.300,0.300,0.300,0.300,0.300,0.300,0.300,0.300,0.300,0.300,0.300,0.300,380,1
0.300,0.300,0.300,0.300,0.300,0.300,0.350,0.350,0.350,0.300,0.300,0.300,121,1
0.300,0.300,0.300,0.250,0.250,0.250,0.300,0.300,0.300,0.290,0.290,0.290,335,1
0.300,0.300,0.300,0.300,0.300,0.300,0.300,0.300,0.300,0.300,0.300,0.300,215,2
0.250,0.250,0.250,0.300,0.300,0.300,0.300,0.300,0.300,0.300,0.300,0.300,765,1
0.350,0.350,0.350,0.300,0.300,0.300,0.310,0.310,0.310,0.300,0.300,0.300,524,1
0.300,0.300,0.300,0.300,0.300,0.300,0.260,0.260,0.260,0.300,0.300,0.300,244,2
0.300,0.300,0.300,0.300,0.300,0.300,0.270,0.270,0.270,0.300,0.300,0.300,674,2
0.300,0.300,0.300,0.300,0.300,0.300,0.330,0.330,0.330,0.300,0.300,0.300,812,1
0.300,0.300,0.300,0.300,0.300,0.300,0.310,0.310,0.310,0.300,0.300,0.300,579,1
0.300,0.300,0.300,0.250,0.250,0.250,0.300,0.300,0.300,0.260,0.260,0.260,2,1
0.300,0.300,0.300,0.300,0.300,0.300,0.350,0.350,0.350,0.300,0.300,0.300,187,1
0.300,0.300,0.300,0.300,0.300,0.300,0.350,0.350,0.350,0.300,0.300,0.300,715,1
0.250,0.250,0.250,0.300,0.300,0.300,0.350,0.350,0.350,0.300,0.300,0.300,44,1
0.300,0.300,0.300,0.350,0.350,0.350,0.300,0.300,0.300,0.270,0.270,0.270,652,1
0.300,0.300,0.300,0.300,0.300,0.300,0.300,0.300,0.300,0.300,0.300,0.300,743,2
0.300,0.300,0.300,0.300,0.300,0.300,0.350,0.350,0.350,0.300,0.300,0.300,385,1
0.300,0.300,0.300,0.300,0.300,0.300,0.320,0.320,0.320,0.300,0.300,0.300,778,1
0.300,0.300,0.300,0.300,0.300,0.300,0.270,0.270,0.270,0.300,0.300,0.300,80,2
0.350,0.350,0.350,0.300,0.300,0.300,0.320,0.320,0.320,0.300,0.300,0.300,393,1
0.300,0.300,0.300,0.300,0.300,0.300,0.280,0.280,0.280,0.300,0.300,0.300,576,2
0.300,0.300,0.300,0.250,0.250,0.250,0.300,0.300,0.300,0.320,0.320,0.320,41,2
0.250,0.250,0.250,0.300,0.300,0.300,0.280,0.280,0.280,0.300,0.300,0.300,763,2
0.250,0.250,0.250,0.300,0.300,0.300,0.330,0.330,0.330,0.300,0.300,0.300,867,1
0.300,0.300,0.300,0.300,0.300,0.300,0.300,0.300,0.300,0.280,0.280,0.280,972,1
0.300,0.300,0.300,0.250,0.250,0.250,0.300,0.300,0.300,0.340,0.340,0.340,241,2
0.300,0.300,0.300,0.300,0.300,0.300,0.300,0.300,0.300,0.280,0.280,0.280,510,1
0.300,0.300,0.300,0.350,0.350,0.350,0.300,0.300,0.300,0.250,0.250,0.250,23,1
0.300,0.300,0.300,0.350,0.350,0.350,0.300,0.300,0.300,0.350,0.350,0.350,528,2
0.300,0.300,0.300,0.350,0.350,0.350,0.300,0.300,0.300,0.250,0.250,0.250,947,1
0.250,0.250,0.250,0.300,0.300,0.300,0.260,0.260,0.260,0.300,0.300,0.300,926,2
0.300,0.300,0.300,0.300,0.300,0.300,0.300,0.300,0.300,0.320,0.320,0.320,118,2
0.300,0.300,0.300,0.300,0.300,0.300,0.300,0.300,0.300,0.290,0.290,0.290,115,1
0.300,0.300,0.300,0.300,0.300,0.300,0.340,0.340,0.340,0.300,0.300,0.300,747,1
0.350,0.350,0.350,0.300,0.300,0.300,0.250,0.250,0.250,0.300,0.300,0.300,716,2
0.250,0.250,0.250,0.300,0.300,0.300,0.340,0.340,0.340,0.300,0.300,0.300,76,1
0.300,0.300,0.300,0.250,0.250,0.250,0.300,0.300,0.300,0.320,0.320,0.320,74,2
0.250,0.250,0.250,0.300,0.300,0.300,0.290,0.290,0.290,0.300,0.300,0.300,203,2
0.300,0.300,0.300,0.300,0.300,0.300,0.300,0.300,0.300,0.290,0.290,0.290,874,1
0.300,0.300,0.300,0.350,0.350,0.350,0.300,0.300,0.300,0.250,0.250,0.250,980,1
0.300,0.300,0.300,0.300,0.300,0.300,0.300,0.300,0.300,0.310,0.310,0.310,381,2
0.300,0.300,0.300,0.350,0.350,0.350,0.300,0.300,0.300,0.280,0.280,0.280,257,1
0.250,0.250,0.250,0.300,0.300,0.300,0.300,0.300,0.300,0.300,0.300,0.300,171,1
0.300,0.300,0.300,0.350,0.350,0.350,0.300,0.300,0.300,0.340,0.340,0.340,758,2
0.300,0.300,0.300,0.300,0.300,0.300,0.300,0.300,0.300,0.350,0.350,0.350,319,2
0.300,0.300,0.300,0.350,0.350,0.350,0.300,0.300,0.300,0.350,0.350,0.350,660,2
0.350,0.350,0.350,0.300,0.300,0.300,0.340,0.340,0.340,0.300,0.300,0.300,131,1
0.300,0.300,0.300,0.300,0.300,0.300,0.300,0.300,0.300,0.330,0.330,0.330,53,2
0.350,0.350,0.350,0.300,0.300,0.300,0.260,0.260,0.260,0.300,0.300,0.300,717,2
0.300,0.300,0.300,0.300,0.300,0.300,0.300,0.300,0.300,0.260,0.260,0.260,970,1
0.350,0.350,0.350,0.300,0.300,0.300,0.330,0.330,0.330,0.300,0.300,0.300,526,1
0.300,0.300,0.300,0.350,0.350,0.350,0.300,0.300,0.300,0.270,0.270,0.270,190,1
0.300,0.300,0.300,0.350,0.350,0.350,0.300,0.300,0.300,0.290,0.290,0.290,819,1
0.350,0.350,0.350,0.300,0.300,0.300,0.310,0.310,0.310,0.300,0.300,0.300,62,1
0.350,0.350,0.350,0.300,0.300,0.300,0.250,0.250,0.250,0.300,0.300,0.300,155,2
0.250,0.250,0.250,0.300,0.300,0.300,0.350,0.350,0.350,0.300,0.300,0.300,539,1
0.250,0.250,0.250,0.300,0.300,0.300,0.280,0.280,0.280,0.300,0.300,0.300,631,2
0.300,0.300,0.300,0.250,0.250,0.250,0.300,0.300,0.300,0.280,0.280,0.280,928,1
0.300,0.300,0.300,0.300,0.300,0.300,0.280,0.280,0.280,0.300,0.300,0.300,444,2
0.300,0.300,0.300,0.300,0.300,0.300,0.330,0.330,0.330,0.300,0.300,0.300,449,1
0.300,0.300,0.300,0.250,0.250,0.250,0.300,0.300,0.300,0.300,0.300,0.300,237,2
0.250,0.250,0.250,0.300,0.300,0.300,0.320,0.320,0.320,0.300,0.300,0.300,701,1
0.300,0.300,0.300,0.350,0.350,0.350,0.300,0.300,0.300,0.330,0.330,0.330,823,2
0.300,0.300,0.300,0.300,0.300,0.300,0.300,0.300,0.300,0.330,0.330,0.330,713,2
0.300,0.300,0.300,0.350,0.350,0.350,0.300,0.300,0.300,0.250,0.250,0.250,56,1
0.300,0.300,0.300,0.250,0.250,0.250,0.300,0.300,0.300,0.260,0.260,0.260,497,1
0.300,0.300,0.300,0.300,0.300,0.300,0.300,0.300,0.300,0.260,0.260,0.260,376,1
0.300,0.300,0.300,0.300,0.300,0.300,0.330,0.330,0.330,0.300,0.300,0.300,185,1
0.250,0.250,0.250,0.300,0.300,0.300,0.290,0.290,0.290,0.300,0.300,0.300,566,2
0.350,0.350,0.350,0.300,0.300,0.300,0.270,0.270,0.270,0.300,0.300,0.300,322,2
0.300,0.300,0.300,0.300,0.300,0.300,0.300,0.300,0.300,0.330,0.330,0.330,20,2
0.300,0.300,0.300,0.250,0.250,0.250,0.300,0.300,0.300,0.340,0.340,0.340,109,2
0.350,0.350,0.350,0.300,0.300,0.300,0.310,0.310,0.310,0.300,0.300,0.300,689,1
0.250,0.250,0.250,0.300,0.300,0.300,0.330,0.330,0.330,0.300,0.300,0.300,834,1
0.300,0.300,0.300,0.350,0.350,0.350,0.300,0.300,0.300,0.340,0.340,0.340,362,2
0.300,0.300,0.300,0.300,0.300,0.300,0.340,0.340,0.340,0.300,0.300,0.300,318,1
0.300,0.300,0.300,0.350,0.350,0.350,0.300,0.300,0.300,0.300,0.300,0.300,457,2
0.300,0.300,0.300,0.350,0.350,0.350,0.300,0.300,0.300,0.340,0.340,0.340,494,2
0.300,0.300,0.300,0.350,0.350,0.350,0.300,0.300,0.300,0.300,0.300,0.300,952,2
0.350,0.350,0.350,0.300,0.300,0.300,0.250,0.250,0.250,0.300,0.300,0.300,848,2
0.300,0.300,0.300,0.350,0.350,0.350,0.300,0.300,0.300,0.330,0.330,0.330,757,2
0.250,0.250,0.250,0.300,0.300,0.300,0.250,0.250,0.250,0.300,0.300,0.300,694,2
0.250,0.250,0.250,0.300,0.300,0.300,0.300,0.300,0.300,0.300,0.300,0.300,270,1
0.350,0.350,0.350,0.300,0.300,0.300,0.330,0.330,0.330,0.300,0.300,0.300,856,1
0.250,0.250,0.250,0.300,0.300,0.300,0.320,0.320,0.320,0.300,0.300,0.300,206,1
0.350,0.350,0.350,0.300,0.300,0.300,0.270,0.270,0.270,0.300,0.300,0.300,124,2
0.350,0.350,0.350,0.300,0.300,0.300,0.300,0.300,0.300,0.300,0.300,0.300,556,1
0.300,0.300,0.300,0.250,0.250,0.250,0.300,0.300,0.300,0.330,0.330,0.330,735,2
0.300,0.300,0.300,0.250,0.250,0.250,0.300,0.300,0.300,0.290,0.290,0.290,137,1
0.350,0.350,0.350,0.300,0.300,0.300,0.320,0.320,0.320,0.300,0.300,0.300,690,1
0.350,0.350,0.350,0.300,0.300,0.300,0.290,0.290,0.290,0.300,0.300,0.300,555,2
0.350,0.350,0.350,0.300,0.300,0.300,0.280,0.280,0.280,0.300,0.300,0.300,653,2
0.300,0.300,0.300,0.250,0.250,0.250,0.300,0.300,0.300,0.330,0.330,0.330,438,2
0.300,0.300,0.300,0.300,0.300,0.300,0.280,0.280,0.280,0.300,0.300,0.300,642,2
0.300,0.300,0.300,0.300,0.300,0.300,0.300,0.300,0.300,0.260,0.260,0.260,508,1
0.300,0.300,0.300,0.300,0.300,0.300,0.340,0.340,0.340,0.300,0.300,0.300,813,1
0.300,0.300,0.300,0.250,0.250,0.250,0.300,0.300,0.300,0.310,0.310,0.310,436,2
0.300,0.300,0.300,0.300,0.300,0.300,0.290,0.290,0.290,0.300,0.300,0.300,610,2
0.250,0.250,0.250,0.300,0.300,0.300,0.350,0.350,0.350,0.300,0.300,0.300,671,1
0.300,0.300,0.300,0.300,0.300,0.300,0.300,0.300,0.300,0.250,0.250,0.250,276,1
0.300,0.300,0.300,0.250,0.250,0.250,0.300,0.300,0.300,0.260,0.260,0.260,200,1
0.300,0.300,0.300,0.250,0.250,0.250,0.300,0.300,0.300,0.330,0.330,0.330,504,2
0.300,0.300,0.300,0.350,0.350,0.350,0.300,0.300,0.300,0.250,0.250,0.250,683,1
0.300,0.300,0.300,0.250,0.250,0.250,0.300,0.300,0.300,0.310,0.310,0.310,139,2
0.300,0.300,0.300,0.300,0.300,0.300,0.270,0.270,0.270,0.300,0.300,0.300,542,2
0.300,0.300,0.300,0.350,0.350,0.350,0.300,0.300,0.300,0.350,0.350,0.350,66,2
0.300,0.300,0.300,0.350,0.350,0.350,0.300,0.300,0.300,0.260,0.260,0.260,255,1
0.300,0.300,0.300,0.250,0.250,0.250,0.300,0.300,0.300,0.320,0.320,0.320,272,2
0.250,0.250,0.250,0.300,0.300,0.300,0.260,0.260,0.260,0.300,0.300,0.300,134,2
0.300,0.300,0.300,0.300,0.300,0.300,0.320,0.320,0.320,0.300,0.300,0.300,877,1
0.300,0.300,0.300,0.300,0.300,0.300,0.250,0.250,0.250,0.300,0.300,0.300,507,2
0.300,0.300,0.300,0.250,0.250,0.250,0.300,0.300,0.300,0.290,0.290,0.290,236,1
0.300,0.300,0.300,0.350,0.350,0.350,0.300,0.300,0.300,0.300,0.300,0.300,589,2
0.250,0.250,0.250,0.300,0.300,0.300,0.310,0.310,0.310,0.300,0.300,0.300,469,1
0.300,0.300,0.300,0.250,0.250,0.250,0.300,0.300,0.300,0.330,0.330,0.330,141,2
0.250,0.250,0.250,0.300,0.300,0.300,0.320,0.320,0.320,0.300,0.300,0.300,140,1
0.250,0.250,0.250,0.300,0.300,0.300,0.270,0.270,0.270,0.300,0.300,0.300,465,2
0.300,0.300,0.300,0.350,0.350,0.350,0.300,0.300,0.300,0.260,0.260,0.260,651,1
0.250,0.250,0.250,0.300,0.300,0.300,0.280,0.280,0.280,0.300,0.300,0.300,829,2
0.300,0.300,0.300,0.350,0.350,0.350,0.300,0.300,0.300,0.250,0.250,0.250,188,1
0.250,0.250,0.250,0.300,0.300,0.300,0.270,0.270,0.270,0.300,0.300,0.300,630,2
0.300,0.300,0.300,0.300,0.300,0.300,0.300,0.300,0.300,0.270,0.270,0.270,47,1
0.300,0.300,0.300,0.250,0.250,0.250,0.300,0.300,0.300,0.340,0.340,0.340,769,2
0.300,0.300,0.300,0.250,0.250,0.250,0.300,0.300,0.300,0.300,0.300,0.300,666,2
0.300,0.300,0.300,0.350,0.350,0.350,0.300,0.300,0.300,0.350,0.350,0.350,429,2
0.300,0.300,0.300,0.300,0.300,0.300,0.300,0.300,0.300,0.320,0.320,0.320,910,2
0.300,0.300,0.300,0.350,0.350,0.350,0.300,0.300,0.300,0.340,0.340,0.340,659,2
0.300,0.300,0.300,0.250,0.250,0.250,0.300,0.300,0.300,0.310,0.310,0.310,832,2
0.350,0.350,0.350,0.300,0.300,0.300,0.290,0.290,0.290,0.300,0.300,0.300,753,2
0.300,0.300,0.300,0.250,0.250,0.250,0.300,0.300,0.300,0.300,0.300,0.300,72,2
0.300,0.300,0.300,0.300,0.300,0.300,0.300,0.300,0.300,0.310,0.310,0.310,711,2
0.300,0.300,0.300,0.300,0.300,0.300,0.310,0.310,0.310,0.300,0.300,0.300,348,1
0.250,0.250,0.250,0.300,0.300,0.300,0.340,0.340,0.340,0.300,0.300,0.300,835,1
0.300,0.300,0.300,0.350,0.350,0.350,0.300,0.300,0.300,0.280,0.280,0.280,158,1
0.300,0.300,0.300,0.250,0.250,0.250,0.300,0.300,0.300,0.340,0.340,0.340,637,2
0.300,0.300,0.300,0.350,0.350,0.350,0.300,0.300,0.300,0.350,0.350,0.350,792,2
0.300,0.300,0.300,0.350,0.350,0.350,0.300,0.300,0.300,0.260,0.260,0.260,24,1
0.300,0.300,0.300,0.300,0.300,0.300,0.300,0.300,0.300,0.330,0.330,0.330,680,2
0.300,0.300,0.300,0.300,0.300,0.300,0.300,0.300,0.300,0.310,0.310,0.310,315,2
0.350,0.350,0.350,0.300,0.300,0.300,0.320,0.320,0.320,0.300,0.300,0.300,888,1
0.300,0.300,0.300,0.350,0.350,0.350,0.300,0.300,0.300,0.310,0.310,0.310,887,2
0.300,0.300,0.300,0.300,0.300,0.300,0.300,0.300,0.300,0.250,0.250,0.250,12,1
0.350,0.350,0.350,0.300,0.300,0.300,0.280,0.280,0.280,0.300,0.300,0.300,521,2
0.300,0.300,0.300,0.250,0.250,0.250,0.300,0.300,0.300,0.280,0.280,0.280,400,1
0.350,0.350,0.350,0.300,0.300,0.300,0.280,0.280,0.280,0.300,0.300,0.300,356,2
0.250,0.250,0.250,0.300,0.300,0.300,0.280,0.280,0.280,0.300,0.300,0.300,334,2
0.250,0.250,0.250,0.300,0.300,0.300,0.250,0.250,0.250,0.300,0.300,0.300,661,2
0.300,0.300,0.300,0.300,0.300,0.300,0.300,0.300,0.300,0.330,0.330,0.330,779,2
0.300,0.300,0.300,0.350,0.350,0.350,0.300,0.300,0.300,0.320,0.320,0.320,954,2
0.300,0.300,0.300,0.350,0.350,0.350,0.300,0.300,0.300,0.260,0.260,0.260,354,1
0.300,0.300,0.300,0.350,0.350,0.350,0.300,0.300,0.300,0.300,0.300,0.300,655,2
0.300,0.300,0.300,0.350,0.350,0.350,0.300,0.300,0.300,0.290,0.290,0.290,918,1
0.300,0.300,0.300,0.300,0.300,0.300,0.300,0.300,0.300,0.320,0.320,0.320,250,2
0.300,0.300,0.300,0.250,0.250,0.250,0.300,0.300,0.300,0.330,0.330,0.330,570,2
0.250,0.250,0.250,0.300,0.300,0.300,0.290,0.290,0.290,0.300,0.300,0.300,368,2
0.300,0.300,0.300,0.350,0.350,0.350,0.300,0.300,0.300,0.350,0.350,0.350,891,2
0.300,0.300,0.300,0.300,0.300,0.300,0.300,0.300,0.300,0.270,0.270,0.270,773,1
0.350,0.350,0.350,0.300,0.300,0.300,0.350,0.350,0.350,0.300,0.300,0.300,99,1
0.300,0.300,0.300,0.250,0.250,0.250,0.300,0.300,0.300,0.310,0.310,0.310,733,2
0.300,0.300,0.300,0.350,0.350,0.350,0.300,0.300,0.300,0.250,0.250,0.250,782,1
0.300,0.300,0.300,0.300,0.300,0.300,0.300,0.300,0.300,0.280,0.280,0.280,609,1
0.300,0.300,0.300,0.350,0.350,0.350,0.300,0.300,0.300,0.310,0.310,0.310,722,2
0.300,0.300,0.300,0.350,0.350,0.350,0.300,0.300,0.300,0.320,0.320,0.320,525,2
0.250,0.250,0.250,0.300,0.300,0.300,0.320,0.320,0.320,0.300,0.300,0.300,305,1
0.300,0.300,0.300,0.350,0.350,0.350,0.300,0.300,0.300,0.310,0.310,0.310,821,2
0.300,0.300,0.300,0.300,0.300,0.300,0.250,0.250,0.250,0.300,0.300,0.300,870,2
0.300,0.300,0.300,0.250,0.250,0.250,0.300,0.300,0.300,0.320,0.320,0.320,734,2
0.250,0.250,0.250,0.300,0.300,0.300,0.300,0.300,0.300,0.300,0.300,0.300,930,1
0.300,0.300,0.300,0.300,0.300,0.300,0.300,0.300,0.300,0.310,0.310,0.310,909,2
0.300,0.300,0.300,0.300,0.300,0.300,0.300,0.300,0.300,0.300,0.300,0.300,941,1
0.300,0.300,0.300,0.350,0.350,0.350,0.300,0.300,0.300,0.260,0.260,0.260,519,1
0.300,0.300,0.300,0.300,0.300,0.300,0.310,0.310,0.310,0.300,0.300,0.300,18,1
0.300,0.300,0.300,0.300,0.300,0.300,0.300,0.300,0.300,0.300,0.300,0.300,479,2
0.350,0.350,0.350,0.300,0.300,0.300,0.250,0.250,0.250,0.300,0.300,0.300,551,2
0.300,0.300,0.300,0.300,0.300,0.300,0.300,0.300,0.300,0.250,0.250,0.250,408,1
0.350,0.350,0.350,0.300,0.300,0.300,0.260,0.260,0.260,0.300,0.300,0.300,783,2
0.300,0.300,0.300,0.350,0.350,0.350,0.300,0.300,0.300,0.250,0.250,0.250,320,1
0.300,0.300,0.300,0.300,0.300,0.300,0.300,0.300,0.300,0.320,0.320,0.320,448,2
0.300,0.300,0.300,0.300,0.300,0.300,0.300,0.300,0.300,0.300,0.300,0.300,842,1
0.300,0.300,0.300,0.350,0.350,0.350,0.300,0.300,0.300,0.260,0.260,0.260,453,1
0.300,0.300,0.300,0.300,0.300,0.300,0.300,0.300,0.300,0.320,0.320,0.320,217,2
0.250,0.250,0.250,0.300,0.300,0.300,0.310,0.310,0.310,0.300,0.300,0.300,931,1
0.300,0.300,0.300,0.350,0.350,0.350,0.300,0.300,0.300,0.350,0.350,0.350,198,2
0.250,0.250,0.250,0.300,0.300,0.300,0.330,0.330,0.330,0.300,0.300,0.300,636,1
0.300,0.300,0.300,0.250,0.250,0.250,0.300,0.300,0.300,0.350,0.350,0.350,440,2
0.300,0.300,0.300,0.300,0.300,0.300,0.340,0.340,0.340,0.300,0.300,0.300,681,1
0.350,0.350,0.350,0.300,0.300,0.300,0.310,0.310,0.310,0.300,0.300,0.300,623,1
0.300,0.300,0.300,0.300,0.300,0.300,0.300,0.300,0.300,0.300,0.300,0.300,314,2
0.300,0.300,0.300,0.250,0.250,0.250,0.300,0.300,0.300,0.320,0.320,0.320,965,2
0.300,0.300,0.300,0.250,0.250,0.250,0.300,0.300,0.300,0.280,0.280,0.280,895,1
0.300,0.300,0.300,0.300,0.300,0.300,0.300,0.300,0.300,0.280,0.280,0.280,180,1
0.300,0.300,0.300,0.350,0.350,0.350,0.300,0.300,0.300,0.290,0.290,0.290,357,1
0.350,0.350,0.350,0.300,0.300,0.300,0.350,0.350,0.350,0.300,0.300,0.300,297,1
0.300,0.300,0.300,0.350,0.350,0.350,0.300,0.300,0.300,0.350,0.350,0.350,627,2
0.250,0.250,0.250,0.300,0.300,0.300,0.280,0.280,0.280,0.300,0.300,0.300,202,2
0.300,0.300,0.300,0.350,0.350,0.350,0.300,0.300,0.300,0.350,0.350,0.350,825,2
0.300,0.300,0.300,0.250,0.250,0.250,0.300,0.300,0.300,0.260,0.260,0.260,629,1
0.350,0.350,0.350,0.300,0.300,0.300,0.340,0.340,0.340,0.300,0.300,0.300,296,1
0.250,0.250,0.250,0.300,0.300,0.300,0.290,0.290,0.290,0.300,0.300,0.300,599,2
0.300,0.300,0.300,0.350,0.350,0.350,0.300,0.300,0.300,0.260,0.260,0.260,849,1
0.300,0.300,0.300,0.300,0.300,0.300,0.250,0.250,0.250,0.300,0.300,0.300,441,2
0.350,0.350,0.350,0.300,0.300,0.300,0.280,0.280,0.280,0.300,0.300,0.300,26,2
0.300,0.300,0.300,0.250,0.250,0.250,0.300,0.300,0.300,0.280,0.280,0.280,565,1
0.300,0.300,0.300,0.250,0.250,0.250,0.300,0.300,0.300,0.310,0.310,0.310,304,2
0.250,0.250,0.250,0.300,0.300,0.300,0.300,0.300,0.300,0.300,0.300,0.300,402,1
0.300,0.300,0.300,0.300,0.300,0.300,0.350,0.350,0.350,0.300,0.300,0.300,847,1
0.300,0.300,0.300,0.250,0.250,0.250,0.300,0.300,0.300,0.270,0.270,0.270,102,1
0.300,0.300,0.300,0.300,0.300,0.300,0.320,0.320,0.320,0.300,0.300,0.300,613,1
0.250,0.250,0.250,0.300,0.300,0.300,0.330,0.330,0.330,0.300,0.300,0.300,669,1
0.250,0.250,0.250,0.300,0.300,0.300,0.300,0.300,0.300,0.300,0.300,0.300,831,1
0.300,0.300,0.300,0.300,0.300,0.300,0.300,0.300,0.300,0.270,0.270,0.270,377,1
0.350,0.350,0.350,0.300,0.300,0.300,0.280,0.280,0.280,0.300,0.300,0.300,719,2
0.300,0.300,0.300,0.350,0.350,0.350,0.300,0.300,0.300,0.330,0.330,0.330,295,2
0.300,0.300,0.300,0.300,0.300,0.300,0.300,0.300,0.300,0.270,0.270,0.270,509,1
0.350,0.350,0.350,0.300,0.300,0.300,0.260,0.260,0.260,0.300,0.300,0.300,618,2
0.300,0.300,0.300,0.300,0.300,0.300,0.320,0.320,0.320,0.300,0.300,0.300,646,1
0.300,0.300,0.300,0.350,0.350,0.350,0.300,0.300,0.300,0.340,0.340,0.340,593,2
0.300,0.300,0.300,0.350,0.350,0.350,0.300,0.300,0.300,0.320,0.320,0.320,987,2
0.250,0.250,0.250,0.300,0.300,0.300,0.260,0.260,0.260,0.300,0.300,0.300,959,2
0.300,0.300,0.300,0.300,0.300,0.300,0.300,0.300,0.300,0.260,0.260,0.260,739,1
0.250,0.250,0.250,0.300,0.300,0.300,0.290,0.290,0.290,0.300,0.300,0.300,863,2
0.300,0.300,0.300,0.250,0.250,0.250,0.300,0.300,0.300,0.320,0.320,0.320,932,2
0.300,0.300,0.300,0.300,0.300,0.300,0.330,0.330,0.330,0.300,0.300,0.300,416,1
0.300,0.300,0.300,0.350,0.350,0.350,0.300,0.300,0.300,0.270,0.270,0.270,25,1
0.300,0.300,0.300,0.350,0.350,0.350,0.300,0.300,0.300,0.330,0.330,0.330,889,2
0.300,0.300,0.300,0.350,0.350,0.350,0.300,0.300,0.300,0.300,0.300,0.300,754,2
0.350,0.350,0.350,0.300,0.300,0.300,0.320,0.320,0.320,0.300,0.300,0.300,723,1
0.300,0.300,0.300,0.300,0.300,0.300,0.310,0.310,0.310,0.300,0.300,0.300,513,1
0.300,0.300,0.300,0.300,0.300,0.300,0.300,0.300,0.300,0.300,0.300,0.300,875,1
0.300,0.300,0.300,0.300,0.300,0.300,0.300,0.300,0.300,0.350,0.350,0.350,22,2
0.300,0.300,0.300,0.250,0.250,0.250,0.300,0.300,0.300,0.310,0.310,0.310,799,2
0.300,0.300,0.300,0.250,0.250,0.250,0.300,0.300,0.300,0.280,0.280,0.280,37,1
0.300,0.300,0.300,0.250,0.250,0.250,0.300,0.300,0.300,0.290,0.290,0.290,170,1
0.350,0.350,0.350,0.300,0.300,0.300,0.310,0.310,0.310,0.300,0.300,0.300,755,1
0.300,0.300,0.300,0.300,0.300,0.300,0.300,0.300,0.300,0.300,0.300,0.300,347,2
0.300,0.300,0.300,0.300,0.300,0.300,0.320,0.320,0.320,0.300,0.300,0.300,679,1
0.300,0.300,0.300,0.300,0.300,0.300,0.270,0.270,0.270,0.300,0.300,0.300,872,2
0.300,0.300,0.300,0.300,0.300,0.300,0.300,0.300,0.300,0.340,0.340,0.340,945,2
0.300,0.300,0.300,0.300,0.300,0.300,0.300,0.300,0.300,0.340,0.340,0.340,417,2
0.250,0.250,0.250,0.300,0.300,0.300,0.280,0.280,0.280,0.300,0.300,0.300,169,2
0.300,0.300,0.300,0.300,0.300,0.300,0.350,0.350,0.350,0.300,0.300,0.300,352,1
0.250,0.250,0.250,0.300,0.300,0.300,0.290,0.290,0.290,0.300,0.300,0.300,929,2
0.350,0.350,0.350,0.300,0.300,0.300,0.270,0.270,0.270,0.300,0.300,0.300,586,2
0.300,0.300,0.300,0.250,0.250,0.250,0.300,0.300,0.300,0.260,0.260,0.260,167,1
0.300,0.300,0.300,0.250,0.250,0.250,0.300,0.300,0.300,0.350,0.350,0.350,902,2
0.250,0.250,0.250,0.300,0.300,0.300,0.330,0.330,0.330,0.300,0.300,0.300,603,1
0.250,0.250,0.250,0.300,0.300,0.300,0.330,0.330,0.330,0.300,0.300,0.300,9,1
0.250,0.250,0.250,0.300,0.300,0.300,0.290,0.290,0.290,0.300,0.300,0.300,764,2
0.350,0.350,0.350,0.300,0.300,0.300,0.310,0.310,0.310,0.300,0.300,0.300,788,1
0.300,0.300,0.300,0.300,0.300,0.300,0.310,0.310,0.310,0.300,0.300,0.300,744,1
0.300,0.300,0.300,0.350,0.350,0.350,0.300,0.300,0.300,0.330,0.330,0.330,130,2
0.300,0.300,0.300,0.350,0.350,0.350,0.300,0.300,0.300,0.350,0.350,0.350,33,2
0.250,0.250,0.250,0.300,0.300,0.300,0.280,0.280,0.280,0.300,0.300,0.300,796,2
0.300,0.300,0.300,0.250,0.250,0.250,0.300,0.300,0.300,0.250,0.250,0.250,562,1
0.350,0.350,0.350,0.300,0.300,0.300,0.330,0.330,0.330,0.300,0.300,0.300,64,1
0.300,0.300,0.300,0.300,0.300,0.300,0.300,0.300,0.300,0.250,0.250,0.250,804,1
0.250,0.250,0.250,0.300,0.300,0.300,0.290,0.290,0.290,0.300,0.300,0.300,665,2
0.250,0.250,0.250,0.300,0.300,0.300,0.310,0.310,0.310,0.300,0.300,0.300,601,1
0.300,0.300,0.300,0.250,0.250,0.250,0.300,0.300,0.300,0.300,0.300,0.300,534,2
0.300,0.300,0.300,0.350,0.350,0.350,0.300,0.300,0.300,0.330,0.330,0.330,988,2
0.300,0.300,0.300,0.300,0.300,0.300,0.300,0.300,0.300,0.250,0.250,0.250,111,1
0.250,0.250,0.250,0.300,0.300,0.300,0.310,0.310,0.310,0.300,0.300,0.300,370,1
0.300,0.300,0.300,0.350,0.350,0.350,0.300,0.300,0.300,0.310,0.310,0.310,458,2
0.300,0.300,0.300,0.300,0.300,0.300,0.300,0.300,0.300,0.300,0.300,0.300,677,2
0.250,0.250,0.250,0.300,0.300,0.300,0.260,0.260,0.260,0.300,0.300,0.300,398,2
0.300,0.300,0.300,0.300,0.300,0.300,0.290,0.290,0.290,0.300,0.300,0.300,82,2
0.300,0.300,0.300,0.300,0.300,0.300,0.300,0.300,0.300,0.310,0.310,0.310,117,2
0.300,0.300,0.300,0.300,0.300,0.300,0.300,0.300,0.300,0.330,0.330,0.330,482,2
0.300,0.300,0.300,0.300,0.300,0.300,0.300,0.300,0.300,0.350,0.350,0.350,418,2
0.350,0.350,0.350,0.300,0.300,0.300,0.270,0.270,0.270,0.300,0.300,0.300,916,2
0.300,0.300,0.300,0.300,0.300,0.300,0.300,0.300,0.300,0.280,0.280,0.280,411,1
0.300,0.300,0.300,0.250,0.250,0.250,0.300,0.300,0.300,0.330,0.330,0.330,900,2
0.250,0.250,0.250,0.300,0.300,0.300,0.340,0.340,0.340,0.300,0.300,0.300,43,1
0.300,0.300,0.300,0.250,0.250,0.250,0.300,0.300,0.300,0.340,0.340,0.340,142,2
0.350,0.350,0.350,0.300,0.300,0.300,0.260,0.260,0.260,0.300,0.300,0.300,222,2
0.350,0.350,0.350,0.300,0.300,0.300,0.270,0.270,0.270,0.300,0.300,0.300,850,2
0.300,0.300,0.300,0.300,0.300,0.300,0.300,0.300,0.300,0.300,0.300,0.300,578,1
0.300,0.300,0.300,0.300,0.300,0.300,0.300,0.300,0.300,0.300,0.300,0.300,83,1
0.300,0.300,0.300,0.300,0.300,0.300,0.300,0.300,0.300,0.290,0.290,0.290,973,1
0.300,0.300,0.300,0.350,0.350,0.350,0.300,0.300,0.300,0.270,0.270,0.270,355,1
0.300,0.300,0.300,0.300,0.300,0.300,0.320,0.320,0.320,0.300,0.300,0.300,514,1
0.300,0.300,0.300,0.300,0.300,0.300,0.300,0.300,0.300,0.330,0.330,0.330,548,2
0.300,0.300,0.300,0.350,0.350,0.350,0.300,0.300,0.300,0.260,0.260,0.260,981,1
0.250,0.250,0.250,0.300,0.300,0.300,0.340,0.340,0.340,0.300,0.300,0.300,439,1
0.250,0.250,0.250,0.300,0.300,0.300,0.310,0.310,0.310,0.300,0.300,0.300,568,1
0.250,0.250,0.250,0.300,0.300,0.300,0.320,0.320,0.320,0.300,0.300,0.300,437,1
0.300,0.300,0.300,0.300,0.300,0.300,0.280,0.280,0.280,0.300,0.300,0.300,774,2
0.300,0.300,0.300,0.250,0.250,0.250,0.300,0.300,0.300,0.300,0.300,0.300,897,2
0.300,0.300,0.300,0.300,0.300,0.300,0.250,0.250,0.250,0.300,0.300,0.300,474,2
0.250,0.250,0.250,0.300,0.300,0.300,0.300,0.300,0.300,0.300,0.300,0.300,303,1
0.300,0.300,0.300,0.250,0.250,0.250,0.300,0.300,0.300,0.280,0.280,0.280,367,1
0.300,0.300,0.300,0.300,0.300,0.300,0.350,0.350,0.350,0.300,0.300,0.300,88,1
0.300,0.300,0.300,0.250,0.250,0.250,0.300,0.300,0.300,0.250,0.250,0.250,826,1
0.300,0.300,0.300,0.250,0.250,0.250,0.300,0.300,0.300,0.260,0.260,0.260,35,1
0.300,0.300,0.300,0.250,0.250,0.250,0.300,0.300,0.300,0.300,0.300,0.300,6,2
0.300,0.300,0.300,0.300,0.300,0.300,0.300,0.300,0.300,0.330,0.330,0.330,284,2
0.350,0.350,0.350,0.300,0.300,0.300,0.270,0.270,0.270,0.300,0.300,0.300,817,2
0.300,0.300,0.300,0.350,0.350,0.350,0.300,0.300,0.300,0.350,0.350,0.350,693,2
0.300,0.300,0.300,0.300,0.300,0.300,0.330,0.330,0.330,0.300,0.300,0.300,383,1
0.300,0.300,0.300,0.300,0.300,0.300,0.300,0.300,0.300,0.330,0.330,0.330,251,2
0.350,0.350,0.350,0.300,0.300,0.300,0.350,0.350,0.350,0.300,0.300,0.300,330,1
0.300,0.300,0.300,0.300,0.300,0.300,0.300,0.300,0.300,0.260,0.260,0.260,706,1
0.300,0.300,0.300,0.300,0.300,0.300,0.330,0.330,0.330,0.300,0.300,0.300,218,1
0.300,0.300,0.300,0.250,0.250,0.250,0.300,0.300,0.300,0.290,0.290,0.290,71,1
0.250,0.250,0.250,0.300,0.300,0.300,0.290,0.290,0.290,0.300,0.300,0.300,467,2
0.300,0.300,0.300,0.300,0.300,0.300,0.340,0.340,0.340,0.300,0.300,0.300,879,1
0.300,0.300,0.300,0.350,0.350,0.350,0.300,0.300,0.300,0.260,0.260,0.260,948,1
0.300,0.300,0.300,0.300,0.300,0.300,0.340,0.340,0.340,0.300,0.300,0.300,846,1
0.300,0.300,0.300,0.350,0.350,0.350,0.300,0.300,0.300,0.320,0.320,0.320,30,2
0.250,0.250,0.250,0.300,0.300,0.300,0.350,0.350,0.350,0.300,0.300,0.300,473,1
0.350,0.350,0.350,0.300,0.300,0.300,0.340,0.340,0.340,0.300,0.300,0.300,65,1
0.300,0.300,0.300,0.250,0.250,0.250,0.300,0.300,0.300,0.310,0.310,0.310,271,2
0.300,0.300,0.300,0.350,0.350,0.350,0.300,0.300,0.300,0.320,0.320,0.320,756,2
0.250,0.250,0.250,0.300,0.300,0.300,0.290,0.290,0.290,0.300,0.300,0.300,500,2
0.250,0.250,0.250,0.300,0.300,0.300,0.340,0.340,0.340,0.300,0.300,0.300,274,1
0.300,0.300,0.300,0.300,0.300,0.300,0.300,0.300,0.300,0.260,0.260,0.260,442,1
0.300,0.300,0.300,0.350,0.350,0.350,0.300,0.300,0.300,0.280,0.280,0.280,422,1
0.300,0.300,0.300,0.250,0.250,0.250,0.300,0.300,0.300,0.290,0.290,0.290,731,1
0.250,0.250,0.250,0.300,0.300,0.300,0.270,0.270,0.270,0.300,0.300,0.300,663,2
0.300,0.300,0.300,0.250,0.250,0.250,0.300,0.300,0.300,0.330,0.330,0.330,207,2
0.250,0.250,0.250,0.300,0.300,0.300,0.250,0.250,0.250,0.300,0.300,0.300,760,2
0.300,0.300,0.300,0.300,0.300,0.300,0.270,0.270,0.270,0.300,0.300,0.300,245,2
0.300,0.300,0.300,0.250,0.250,0.250,0.300,0.300,0.300,0.320,0.320,0.320,833,2
0.350,0.350,0.350,0.300,0.300,0.300,0.330,0.330,0.330,0.300,0.300,0.300,328,1
0.300,0.300,0.300,0.350,0.350,0.350,0.300,0.300,0.300,0.260,0.260,0.260,57,1
0.300,0.300,0.300,0.300,0.300,0.300,0.290,0.290,0.290,0.300,0.300,0.300,940,2
0.300,0.300,0.300,0.250,0.250,0.250,0.300,0.300,0.300,0.280,0.280,0.280,730,1
0.300,0.300,0.300,0.300,0.300,0.300,0.300,0.300,0.300,0.280,0.280,0.280,213,1
0.250,0.250,0.250,0.300,0.300,0.300,0.350,0.350,0.350,0.300,0.300,0.300,869,1
0.300,0.300,0.300,0.300,0.300,0.300,0.300,0.300,0.300,0.250,0.250,0.250,243,1
0.250,0.250,0.250,0.300,0.300,0.300,0.270,0.270,0.270,0.300,0.300,0.300,366,2
0.300,0.300,0.300,0.300,0.300,0.300,0.300,0.300,0.300,0.250,0.250,0.250,837,1
0.350,0.350,0.350,0.300,0.300,0.300,0.310,0.310,0.310,0.300,0.300,0.300,491,1
0.250,0.250,0.250,0.300,0.300,0.300,0.320,0.320,0.320,0.300,0.300,0.300,635,1
0.300,0.300,0.300,0.300,0.300,0.300,0.350,0.350,0.350,0.300,0.300,0.300,253,1
0.300,0.300,0.300,0.250,0.250,0.250,0.300,0.300,0.300,0.250,0.250,0.250,463,1
0.300,0.300,0.300,0.350,0.350,0.350,0.300,0.300,0.300,0.340,0.340,0.340,692,2
0.250,0.250,0.250,0.300,0.300,0.300,0.300,0.300,0.300,0.300,0.300,0.300,633,1
0.350,0.350,0.350,0.300,0.300,0.300,0.320,0.320,0.320,0.300,0.300,0.300,63,1
0.300,0.300,0.300,0.250,0.250,0.250,0.300,0.300,0.300,0.320,0.320,0.320,569,2
0.300,0.300,0.300,0.250,0.250,0.250,0.300,0.300,0.300,0.280,0.280,0.280,532,1
0.300,0.300,0.300,0.300,0.300,0.300,0.260,0.260,0.260,0.300,0.300,0.300,46,2
0.250,0.250,0.250,0.300,0.300,0.300,0.350,0.350,0.350,0.300,0.300,0.300,572,1
0.250,0.250,0.250,0.300,0.300,0.300,0.310,0.310,0.310,0.300,0.300,0.300,403,1
0.300,0.300,0.300,0.300,0.300,0.300,0.290,0.290,0.290,0.300,0.300,0.300,742,2
0.350,0.350,0.350,0.300,0.300,0.300,0.330,0.330,0.330,0.300,0.300,0.300,196,1
0.350,0.350,0.350,0.300,0.300,0.300,0.260,0.260,0.260,0.300,0.300,0.300,486,2
0.250,0.250,0.250,0.300,0.300,0.300,0.270,0.270,0.270,0.300,0.300,0.300,861,2
0.300,0.300,0.300,0.350,0.350,0.350,0.300,0.300,0.300,0.250,0.250,0.250,485,1
0.300,0.300,0.300,0.350,0.350,0.350,0.300,0.300,0.300,0.310,0.310,0.310,260,2
0.300,0.300,0.300,0.300,0.300,0.300,0.300,0.300,0.300,0.330,0.330,0.330,647,2
0.300,0.300,0.300,0.350,0.350,0.350,0.300,0.300,0.300,0.290,0.290,0.290,159,1
0.350,0.350,0.350,0.300,0.300,0.300,0.300,0.300,0.300,0.300,0.300,0.300,985,1
0.300,0.300,0.300,0.300,0.300,0.300,0.300,0.300,0.300,0.320,0.320,0.320,976,2
0.300,0.300,0.300,0.300,0.300,0.300,0.300,0.300,0.300,0.340,0.340,0.340,219,2
0.300,0.300,0.300,0.300,0.300,0.300,0.310,0.310,0.310,0.300,0.300,0.300,777,1
0.350,0.350,0.350,0.300,0.300,0.300,0.260,0.260,0.260,0.300,0.300,0.300,189,2
0.250,0.250,0.250,0.300,0.300,0.300,0.250,0.250,0.250,0.300,0.300,0.300,958,2
0.300,0.300,0.300,0.300,0.300,0.300,0.300,0.300,0.300,0.260,0.260,0.260,145,1
0.250,0.250,0.250,0.300,0.300,0.300,0.330,0.330,0.330,0.300,0.300,0.300,240,1
0.300,0.300,0.300,0.250,0.250,0.250,0.300,0.300,0.300,0.250,0.250,0.250,67,1
0.300,0.300,0.300,0.300,0.300,0.300,0.300,0.300,0.300,0.290,0.290,0.290,49,1
0.350,0.350,0.350,0.300,0.300,0.300,0.280,0.280,0.280,0.300,0.300,0.300,59,2
0.300,0.300,0.300,0.250,0.250,0.250,0.300,0.300,0.300,0.260,0.260,0.260,431,1
0.300,0.300,0.300,0.350,0.350,0.350,0.300,0.300,0.300,0.280,0.280,0.280,290,1
0.350,0.350,0.350,0.300,0.300,0.300,0.330,0.330,0.330,0.300,0.300,0.300,361,1
0.250,0.250,0.250,0.300,0.300,0.300,0.250,0.250,0.250,0.300,0.300,0.300,199,2
0.250,0.250,0.250,0.300,0.300,0.300,0.350,0.350,0.350,0.300,0.300,0.300,803,1
0.350,0.350,0.350,0.300,0.300,0.300,0.270,0.270,0.270,0.300,0.300,0.300,883,2
0.300,0.300,0.300,0.350,0.350,0.350,0.300,0.300,0.300,0.340,0.340,0.340,923,2
0.300,0.300,0.300,0.250,0.250,0.250,0.300,0.300,0.300,0.270,0.270,0.270,828,1
0.300,0.300,0.300,0.300,0.300,0.300,0.320,0.320,0.320,0.300,0.300,0.300,712,1
0.350,0.350,0.350,0.300,0.300,0.300,0.250,0.250,0.250,0.300,0.300,0.300,353,2
0.250,0.250,0.250,0.300,0.300,0.300,0.260,0.260,0.260,0.300,0.300,0.300,860,2
0.250,0.250,0.250,0.300,0.300,0.300,0.270,0.270,0.270,0.300,0.300,0.300,762,2
0.300,0.300,0.300,0.300,0.300,0.300,0.350,0.350,0.350,0.300,0.300,0.300,913,1
0.300,0.300,0.300,0.300,0.300,0.300,0.250,0.250,0.250,0.300,0.300,0.300,45,2
0.300,0.300,0.300,0.300,0.300,0.300,0.300,0.300,0.300,0.260,0.260,0.260,277,1
0.300,0.300,0.300,0.300,0.300,0.300,0.280,0.280,0.280,0.300,0.300,0.300,543,2
0.300,0.300,0.300,0.250,0.250,0.250,0.300,0.300,0.300,0.320,0.320,0.320,107,2
0.300,0.300,0.300,0.300,0.300,0.300,0.300,0.300,0.300,0.300,0.300,0.300,644,1
0.250,0.250,0.250,0.300,0.300,0.300,0.250,0.250,0.250,0.300,0.300,0.300,727,2
0.300,0.300,0.300,0.250,0.250,0.250,0.300,0.300,0.300,0.280,0.280,0.280,862,1
0.350,0.350,0.350,0.300,0.300,0.300,0.320,0.320,0.320,0.300,0.300,0.300,162,1
0.300,0.300,0.300,0.350,0.350,0.350,0.300,0.300,0.300,0.300,0.300,0.300,259,2
0.350,0.350,0.350,0.300,0.300,0.300,0.250,0.250,0.250,0.300,0.300,0.300,584,2
0.300,0.300,0.300,0.350,0.350,0.350,0.300,0.300,0.300,0.270,0.270,0.270,619,1
0.300,0.300,0.300,0.300,0.300,0.300,0.300,0.300,0.300,0.290,0.290,0.290,577,1
0.300,0.300,0.300,0.300,0.300,0.300,0.300,0.300,0.300,0.270,0.270,0.270,575,1
0.300,0.300,0.300,0.300,0.300,0.300,0.300,0.300,0.300,0.260,0.260,0.260,79,1
0.250,0.250,0.250,0.300,0.300,0.300,0.330,0.330,0.330,0.300,0.300,0.300,174,1
0.300,0.300,0.300,0.350,0.350,0.350,0.300,0.300,0.300,0.250,0.250,0.250,914,1
0.300,0.300,0.300,0.300,0.300,0.300,0.260,0.260,0.260,0.300,0.300,0.300,640,2
0.300,0.300,0.300,0.300,0.300,0.300,0.250,0.250,0.250,0.300,0.300,0.300,672,2
0.300,0.300,0.300,0.300,0.300,0.300,0.300,0.300,0.300,0.290,0.290,0.290,544,1
0.300,0.300,0.300,0.350,0.350,0.350,0.300,0.300,0.300,0.320,0.320,0.320,426,2
0.350,0.350,0.350,0.300,0.300,0.300,0.340,0.340,0.340,0.300,0.300,0.300,329,1
0.250,0.250,0.250,0.300,0.300,0.300,0.350,0.350,0.350,0.300,0.300,0.300,605,1
0.300,0.300,0.300,0.300,0.300,0.300,0.350,0.350,0.350,0.300,0.300,0.300,880,1
0.300,0.300,0.300,0.300,0.300,0.300,0.300,0.300,0.300,0.320,0.320,0.320,745,2
0.350,0.350,0.350,0.300,0.300,0.300,0.310,0.310,0.310,0.300,0.300,0.300,920,1
0.300,0.300,0.300,0.300,0.300,0.300,0.300,0.300,0.300,0.280,0.280,0.280,939,1
0.300,0.300,0.300,0.300,0.300,0.300,0.300,0.300,0.300,0.300,0.300,0.300,413,2
0.300,0.300,0.300,0.350,0.350,0.350,0.300,0.300,0.300,0.300,0.300,0.300,853,2
0.300,0.300,0.300,0.300,0.300,0.300,0.270,0.270,0.270,0.300,0.300,0.300,839,2
0.250,0.250,0.250,0.300,0.300,0.300,0.340,0.340,0.340,0.300,0.300,0.300,703,1
0.300,0.300,0.300,0.250,0.250,0.250,0.300,0.300,0.300,0.340,0.340,0.340,505,2
0.350,0.350,0.350,0.300,0.300,0.300,0.320,0.320,0.320,0.300,0.300,0.300,327,1
0.250,0.250,0.250,0.300,0.300,0.300,0.310,0.310,0.310,0.300,0.300,0.300,337,1
0.300,0.300,0.300,0.250,0.250,0.250,0.300,0.300,0.300,0.260,0.260,0.260,761,1
0.300,0.300,0.300,0.350,0.350,0.350,0.300,0.300,0.300,0.250,0.250,0.250,386,1
0.300,0.300,0.300,0.300,0.300,0.300,0.300,0.300,0.300,0.350,0.350,0.350,979,2
0.300,0.300,0.300,0.250,0.250,0.250,0.300,0.300,0.300,0.320,0.320,0.320,866,2
0.300,0.300,0.300,0.300,0.300,0.300,0.300,0.300,0.300,0.300,0.300,0.300,809,1
0.350,0.350,0.350,0.300,0.300,0.300,0.330,0.330,0.330,0.300,0.300,0.300,790,1
0.300,0.300,0.300,0.250,0.250,0.250,0.300,0.300,0.300,0.270,0.270,0.270,399,1
0.300,0.300,0.300,0.350,0.350,0.350,0.300,0.300,0.300,0.300,0.300,0.300,391,2
0.300,0.300,0.300,0.300,0.300,0.300,0.250,0.250,0.250,0.300,0.300,0.300,144,2
0.350,0.350,0.350,0.300,0.300,0.300,0.300,0.300,0.300,0.300,0.300,0.300,820,1
0.350,0.350,0.350,0.300,0.300,0.300,0.260,0.260,0.260,0.300,0.300,0.300,684,2
0.350,0.350,0.350,0.300,0.300,0.300,0.290,0.290,0.290,0.300,0.300,0.300,423,2
0.300,0.300,0.300,0.250,0.250,0.250,0.300,0.300,0.300,0.320,0.320,0.320,602,2
0.250,0.250,0.250,0.300,0.300,0.300,0.310,0.310,0.310,0.300,0.300,0.300,535,1
0.300,0.300,0.300,0.300,0.300,0.300,0.300,0.300,0.300,0.300,0.300,0.300,446,1
0.300,0.300,0.300,0.250,0.250,0.250,0.300,0.300,0.300,0.270,0.270,0.270,267,1
0.300,0.300,0.300,0.350,0.350,0.350,0.300,0.300,0.300,0.310,0.310,0.310,590,2
0.300,0.300,0.300,0.300,0.300,0.300,0.290,0.290,0.290,0.300,0.300,0.300,346,2
0.300,0.300,0.300,0.250,0.250,0.250,0.300,0.300,0.300,0.270,0.270,0.270,729,1
0.350,0.350,0.350,0.300,0.300,0.300,0.310,0.310,0.310,0.300,0.300,0.300,425,1
0.300,0.300,0.300,0.300,0.300,0.300,0.300,0.300,0.300,0.270,0.270,0.270,179,1
0.300,0.300,0.300,0.300,0.300,0.300,0.260,0.260,0.260,0.300,0.300,0.300,805,2
0.300,0.300,0.300,0.350,0.350,0.350,0.300,0.300,0.300,0.290,0.290,0.290,720,1
0.300,0.300,0.300,0.250,0.250,0.250,0.300,0.300,0.300,0.290,0.290,0.290,830,1
0.300,0.300,0.300,0.250,0.250,0.250,0.300,0.300,0.300,0.280,0.280,0.280,598,1
0.300,0.300,0.300,0.300,0.300,0.300,0.300,0.300,0.300,0.350,0.350,0.350,550,2
0.300,0.300,0.300,0.300,0.300,0.300,0.260,0.260,0.260,0.300,0.300,0.300,343,2
0.300,0.300,0.300,0.300,0.300,0.300,0.300,0.300,0.300,0.260,0.260,0.260,409,1
0.300,0.300,0.300,0.350,0.350,0.350,0.300,0.300,0.300,0.260,0.260,0.260,882,1
0.350,0.350,0.350,0.300,0.300,0.300,0.340,0.340,0.340,0.300,0.300,0.300,263,1
0.300,0.300,0.300,0.300,0.300,0.300,0.300,0.300,0.300,0.340,0.340,0.340,186,2
0.300,0.300,0.300,0.250,0.250,0.250,0.300,0.300,0.300,0.250,0.250,0.250,496,1
0.300,0.300,0.300,0.300,0.300,0.300,0.320,0.320,0.320,0.300,0.300,0.300,382,1
0.250,0.250,0.250,0.300,0.300,0.300,0.290,0.290,0.290,0.300,0.300,0.300,302,2
0.300,0.300,0.300,0.300,0.300,0.300,0.300,0.300,0.300,0.310,0.310,0.310,150,2
0.300,0.300,0.300,0.300,0.300,0.300,0.320,0.320,0.320,0.300,0.300,0.300,151,1
0.300,0.300,0.300,0.250,0.250,0.250,0.300,0.300,0.300,0.270,0.270,0.270,3,1
0.250,0.250,0.250,0.300,0.300,0.300,0.340,0.340,0.340,0.300,0.300,0.300,538,1
0.300,0.300,0.300,0.300,0.300,0.300,0.290,0.290,0.290,0.300,0.300,0.300,280,2
0.300,0.300,0.300,0.250,0.250,0.250,0.300,0.300,0.300,0.340,0.340,0.340,406,2
0.350,0.350,0.350,0.300,0.300,0.300,0.340,0.340,0.340,0.300,0.300,0.300,428,1
0.250,0.250,0.250,0.300,0.300,0.300,0.290,0.290,0.290,0.300,0.300,0.300,797,2
0.350,0.350,0.350,0.300,0.300,0.300,0.310,0.310,0.310,0.300,0.300,0.300,953,1
0.350,0.350,0.350,0.300,0.300,0.300,0.280,0.280,0.280,0.300,0.300,0.300,917,2
0.350,0.350,0.350,0.300,0.300,0.300,0.330,0.330,0.330,0.300,0.300,0.300,460,1
0.250,0.250,0.250,0.300,0.300,0.300,0.340,0.340,0.340,0.300,0.300,0.300,802,1
0.300,0.300,0.300,0.350,0.350,0.350,0.300,0.300,0.300,0.340,0.340,0.340,989,2
0.300,0.300,0.300,0.250,0.250,0.250,0.300,0.300,0.300,0.270,0.270,0.270,960,1
0.250,0.250,0.250,0.300,0.300,0.300,0.300,0.300,0.300,0.300,0.300,0.300,336,1
0.300,0.300,0.300,0.300,0.300,0.300,0.300,0.300,0.300,0.340,0.340,0.340,516,2
0.250,0.250,0.250,0.300,0.300,0.300,0.350,0.350,0.350,0.300,0.300,0.300,968,1
0.300,0.300,0.300,0.300,0.300,0.300,0.300,0.300,0.300,0.340,0.340,0.340,21,2
0.350,0.350,0.350,0.300,0.300,0.300,0.280,0.280,0.280,0.300,0.300,0.300,92,2
0.300,0.300,0.300,0.250,0.250,0.250,0.300,0.300,0.300,0.320,0.320,0.320,404,2
0.350,0.350,0.350,0.300,0.300,0.300,0.300,0.300,0.300,0.300,0.300,0.300,160,1
0.250,0.250,0.250,0.300,0.300,0.300,0.260,0.260,0.260,0.300,0.300,0.300,233,2
0.300,0.300,0.300,0.300,0.300,0.300,0.300,0.300,0.300,0.340,0.340,0.340,912,2
0.300,0.300,0.300,0.350,0.350,0.350,0.300,0.300,0.300,0.260,0.260,0.260,156,1
0.300,0.300,0.300,0.250,0.250,0.250,0.300,0.300,0.300,0.320,0.320,0.320,239,2
0.300,0.300,0.300,0.250,0.250,0.250,0.300,0.300,0.300,0.290,0.290,0.290,698,1
0.300,0.300,0.300,0.300,0.300,0.300,0.270,0.270,0.270,0.300,0.300,0.300,938,2
0.300,0.300,0.300,0.300,0.300,0.300,0.300,0.300,0.300,0.300,0.300,0.300,710,1
0.300,0.300,0.300,0.300,0.300,0.300,0.270,0.270,0.270,0.300,0.300,0.300,311,2
0.300,0.300,0.300,0.300,0.300,0.300,0.270,0.270,0.270,0.300,0.300,0.300,806,2
0.300,0.300,0.300,0.250,0.250,0.250,0.300,0.300,0.300,0.320,0.320,0.320,503,2
0.300,0.300,0.300,0.350,0.350,0.350,0.300,0.300,0.300,0.280,0.280,0.280,323,1
0.300,0.300,0.300,0.300,0.300,0.300,0.300,0.300,0.300,0.260,0.260,0.260,838,1
0.300,0.300,0.300,0.350,0.350,0.350,0.300,0.300,0.300,0.290,0.290,0.290,456,1
0.300,0.300,0.300,0.350,0.350,0.350,0.300,0.300,0.300,0.280,0.280,0.280,455,1
0.250,0.250,0.250,0.300,0.300,0.300,0.250,0.250,0.250,0.300,0.300,0.300,298,2
0.250,0.250,0.250,0.300,0.300,0.300,0.270,0.270,0.270,0.300,0.300,0.300,531,2
0.300,0.300,0.300,0.300,0.300,0.300,0.300,0.300,0.300,0.250,0.250,0.250,705,1
0.300,0.300,0.300,0.350,0.350,0.350,0.300,0.300,0.300,0.340,0.340,0.340,98,2
0.300,0.300,0.300,0.300,0.300,0.300,0.300,0.300,0.300,0.340,0.340,0.340,153,2
0.300,0.300,0.300,0.250,0.250,0.250,0.300,0.300,0.300,0.260,0.260,0.260,794,1
0.300,0.300,0.300,0.300,0.300,0.300,0.340,0.340,0.340,0.300,0.300,0.300,582,1
0.250,0.250,0.250,0.300,0.300,0.300,0.330,0.330,0.330,0.300,0.300,0.300,273,1
0.300,0.300,0.300,0.300,0.300,0.300,0.280,0.280,0.280,0.300,0.300,0.300,873,2
0.300,0.300,0.300,0.300,0.300,0.300,0.280,0.280,0.280,0.300,0.300,0.300,906,2
0.300,0.300,0.300,0.300,0.300,0.300,0.300,0.300,0.300,0.260,0.260,0.260,112,1
0.250,0.250,0.250,0.300,0.300,0.300,0.300,0.300,0.300,0.300,0.300,0.300,600,1
0.350,0.350,0.350,0.300,0.300,0.300,0.270,0.270,0.270,0.300,0.300,0.300,91,2
0.300,0.300,0.300,0.250,0.250,0.250,0.300,0.300,0.300,0.300,0.300,0.300,501,2
0.250,0.250,0.250,0.300,0.300,0.300,0.350,0.350,0.350,0.300,0.300,0.300,11,1
0.350,0.350,0.350,0.300,0.300,0.300,0.310,0.310,0.310,0.300,0.300,0.300,95,1
0.300,0.300,0.300,0.300,0.300,0.300,0.300,0.300,0.300,0.290,0.290,0.290,412,1
0.350,0.350,0.350,0.300,0.300,0.300,0.310,0.310,0.310,0.300,0.300,0.300,854,1
0.250,0.250,0.250,0.300,0.300,0.300,0.290,0.290,0.290,0.300,0.300,0.300,434,2
0.300,0.300,0.300,0.300,0.300,0.300,0.310,0.310,0.310,0.300,0.300,0.300,249,1
0.300,0.300,0.300,0.350,0.350,0.350,0.300,0.300,0.300,0.330,0.330,0.330,31,2
0.250,0.250,0.250,0.300,0.300,0.300,0.350,0.350,0.350,0.300,0.300,0.300,242,1
0.300,0.300,0.300,0.350,0.350,0.350,0.300,0.300,0.300,0.340,0.340,0.340,626,2
0.250,0.250,0.250,0.300,0.300,0.300,0.340,0.340,0.340,0.300,0.300,0.300,604,1
0.250,0.250,0.250,0.300,0.300,0.300,0.340,0.340,0.340,0.300,0.300,0.300,901,1
0.300,0.300,0.300,0.300,0.300,0.300,0.260,0.260,0.260,0.300,0.300,0.300,904,2
0.250,0.250,0.250,0.300,0.300,0.300,0.310,0.310,0.310,0.300,0.300,0.300,766,1
0.300,0.300,0.300,0.350,0.350,0.350,0.300,0.300,0.300,0.290,0.290,0.290,489,1
0.300,0.300,0.300,0.250,0.250,0.250,0.300,0.300,0.300,0.260,0.260,0.260,365,1
0.300,0.300,0.300,0.300,0.300,0.300,0.300,0.300,0.300,0.260,0.260,0.260,772,1
0.300,0.300,0.300,0.300,0.300,0.300,0.340,0.340,0.340,0.300,0.300,0.300,120,1
0.300,0.300,0.300,0.250,0.250,0.250,0.300,0.300,0.300,0.340,0.340,0.340,967,2
0.300,0.300,0.300,0.250,0.250,0.250,0.300,0.300,0.300,0.300,0.300,0.300,699,2
0.300,0.300,0.300,0.350,0.350,0.350,0.300,0.300,0.300,0.340,0.340,0.340,956,2
0.250,0.250,0.250,0.300,0.300,0.300,0.350,0.350,0.350,0.300,0.300,0.300,770,1
0.350,0.350,0.350,0.300,0.300,0.300,0.350,0.350,0.350,0.300,0.300,0.300,561,1
0.300,0.300,0.300,0.300,0.300,0.300,0.330,0.330,0.330,0.300,0.300,0.300,977,1
0.300,0.300,0.300,0.300,0.300,0.300,0.270,0.270,0.270,0.300,0.300,0.300,212,2
0.250,0.250,0.250,0.300,0.300,0.300,0.280,0.280,0.280,0.300,0.300,0.300,499,2
0.300,0.300,0.300,0.350,0.350,0.350,0.300,0.300,0.300,0.290,0.290,0.290,390,1
0.300,0.300,0.300,0.300,0.300,0.300,0.300,0.300,0.300,0.290,0.290,0.290,16,1
0.300,0.300,0.300,0.300,0.300,0.300,0.320,0.320,0.320,0.300,0.300,0.300,19,1
0.300,0.300,0.300,0.300,0.300,0.300,0.290,0.290,0.290,0.300,0.300,0.300,478,2
0.300,0.300,0.300,0.300,0.300,0.300,0.300,0.300,0.300,0.310,0.310,0.310,810,2
0.300,0.300,0.300,0.300,0.300,0.300,0.250,0.250,0.250,0.300,0.300,0.300,969,2
0.300,0.300,0.300,0.250,0.250,0.250,0.300,0.300,0.300,0.250,0.250,0.250,529,1
0.300,0.300,0.300,0.350,0.350,0.350,0.300,0.300,0.300,0.330,0.330,0.330,922,2
0.300,0.300,0.300,0.350,0.350,0.350,0.300,0.300,0.300,0.300,0.300,0.300,424,2
0.300,0.300,0.300,0.250,0.250,0.250,0.300,0.300,0.300,0.270,0.270,0.270,168,1
0.350,0.350,0.350,0.300,0.300,0.300,0.350,0.350,0.350,0.300,0.300,0.300,924,1
0.250,0.250,0.250,0.300,0.300,0.300,0.280,0.280,0.280,0.300,0.300,0.300,301,2
0.300,0.300,0.300,0.300,0.300,0.300,0.260,0.260,0.260,0.300,0.300,0.300,178,2
0.300,0.300,0.300,0.250,0.250,0.250,0.300,0.300,0.300,0.250,0.250,0.250,397,1
0.300,0.300,0.300,0.250,0.250,0.250,0.300,0.300,0.300,0.310,0.310,0.310,502,2
0.350,0.350,0.350,0.300,0.300,0.300,0.260,0.260,0.260,0.300,0.300,0.300,387,2
0.350,0.350,0.350,0.300,0.300,0.300,0.290,0.290,0.290,0.300,0.300,0.300,654,2
0.300,0.300,0.300,0.250,0.250,0.250,0.300,0.300,0.300,0.310,0.310,0.310,700,2
0.350,0.350,0.350,0.300,0.300,0.300,0.350,0.350,0.350,0.300,0.300,0.300,462,1
0.300,0.300,0.300,0.250,0.250,0.250,0.300,0.300,0.300,0.290,0.290,0.290,38,1
0.300,0.300,0.300,0.350,0.350,0.350,0.300,0.300,0.300,0.250,0.250,0.250,650,1
0.300,0.300,0.300,0.300,0.300,0.300,0.300,0.300,0.300,0.280,0.280,0.280,807,1
0.300,0.300,0.300,0.350,0.350,0.350,0.300,0.300,0.300,0.260,0.260,0.260,915,1
0.350,0.350,0.350,0.300,0.300,0.300,0.270,0.270,0.270,0.300,0.300,0.300,454,2
0.300,0.300,0.300,0.350,0.350,0.350,0.300,0.300,0.300,0.340,0.340,0.340,857,2
0.300,0.300,0.300,0.300,0.300,0.300,0.320,0.320,0.320,0.300,0.300,0.300,52,1
0.300,0.300,0.300,0.300,0.300,0.300,0.350,0.350,0.350,0.300,0.300,0.300,781,1
0.300,0.300,0.300,0.300,0.300,0.300,0.300,0.300,0.300,0.340,0.340,0.340,54,2
0.300,0.300,0.300,0.300,0.300,0.300,0.300,0.300,0.300,0.330,0.330,0.330,317,2
0.300,0.300,0.300,0.300,0.300,0.300,0.310,0.310,0.310,0.300,0.300,0.300,876,1
0.300,0.300,0.300,0.300,0.300,0.300,0.300,0.300,0.300,0.290,0.290,0.290,148,1
0.300,0.300,0.300,0.300,0.300,0.300,0.320,0.320,0.320,0.300,0.300,0.300,85,1
0.350,0.350,0.350,0.300,0.300,0.300,0.350,0.350,0.350,0.300,0.300,0.300,495,1
0.300,0.300,0.300,0.300,0.300,0.300,0.300,0.300,0.300,0.320,0.320,0.320,547,2
0.300,0.300,0.300,0.250,0.250,0.250,0.300,0.300,0.300,0.290,0.290,0.290,269,1
0.350,0.350,0.350,0.300,0.300,0.300,0.350,0.350,0.350,0.300,0.300,0.300,363,1
0.300,0.300,0.300,0.300,0.300,0.300,0.300,0.300,0.300,0.300,0.300,0.300,545,2
0.300,0.300,0.300,0.350,0.350,0.350,0.300,0.300,0.300,0.260,0.260,0.260,288,1
0.300,0.300,0.300,0.250,0.250,0.250,0.300,0.300,0.300,0.260,0.260,0.260,596,1
0.300,0.300,0.300,0.250,0.250,0.250,0.300,0.300,0.300,0.270,0.270,0.270,597,1
0.300,0.300,0.300,0.250,0.250,0.250,0.300,0.300,0.300,0.250,0.250,0.250,331,1
0.300,0.300,0.300,0.300,0.300,0.300,0.300,0.300,0.300,0.270,0.270,0.270,641,1
0.300,0.300,0.300,0.300,0.300,0.300,0.330,0.330,0.330,0.300,0.300,0.300,614,1
0.300,0.300,0.300,0.300,0.300,0.300,0.280,0.280,0.280,0.300,0.300,0.300,312,2
0.300,0.300,0.300,0.300,0.300,0.300,0.310,0.310,0.310,0.300,0.300,0.300,414,1
0.350,0.350,0.350,0.300,0.300,0.300,0.320,0.320,0.320,0.300,0.300,0.300,228,1
0.250,0.250,0.250,0.300,0.300,0.300,0.310,0.310,0.310,0.300,0.300,0.300,172,1
0.300,0.300,0.300,0.350,0.350,0.350,0.300,0.300,0.300,0.270,0.270,0.270,256,1
0.300,0.300,0.300,0.300,0.300,0.300,0.280,0.280,0.280,0.300,0.300,0.300,378,2
0.300,0.300,0.300,0.300,0.300,0.300,0.270,0.270,0.270,0.300,0.300,0.300,740,2
0.300,0.300,0.300,0.300,0.300,0.300,0.320,0.320,0.320,0.300,0.300,0.300,481,1
0.300,0.300,0.300,0.250,0.250,0.250,0.300,0.300,0.300,0.300,0.300,0.300,138,2
0.300,0.300,0.300,0.250,0.250,0.250,0.300,0.300,0.300,0.320,0.320,0.320,767,2
0.300,0.300,0.300,0.250,0.250,0.250,0.300,0.300,0.300,0.320,0.320,0.320,173,2
0.300,0.300,0.300,0.300,0.300,0.300,0.250,0.250,0.250,0.300,0.300,0.300,771,2
0.300,0.300,0.300,0.250,0.250,0.250,0.300,0.300,0.300,0.340,0.340,0.340,208,2
0.350,0.350,0.350,0.300,0.300,0.300,0.320,0.320,0.320,0.300,0.300,0.300,294,1
0.300,0.300,0.300,0.350,0.350,0.350,0.300,0.300,0.300,0.260,0.260,0.260,750,1
0.300,0.300,0.300,0.350,0.350,0.350,0.300,0.300,0.300,0.330,0.330,0.330,955,2
0.350,0.350,0.350,0.300,0.300,0.300,0.290,0.290,0.290,0.300,0.300,0.300,192,2
0.300,0.300,0.300,0.300,0.300,0.300,0.300,0.300,0.300,0.350,0.350,0.350,451,2
0.350,0.350,0.350,0.300,0.300,0.300,0.280,0.280,0.280,0.300,0.300,0.300,587,2
0.300,0.300,0.300,0.250,0.250,0.250,0.300,0.300,0.300,0.330,0.330,0.330,405,2
0.300,0.300,0.300,0.350,0.350,0.350,0.300,0.300,0.300,0.310,0.310,0.310,161,2
0.350,0.350,0.350,0.300,0.300,0.300,0.350,0.350,0.350,0.300,0.300,0.300,264,1
0.350,0.350,0.350,0.300,0.300,0.300,0.310,0.310,0.310,0.300,0.300,0.300,128,1
0.300,0.300,0.300,0.350,0.350,0.350,0.300,0.300,0.300,0.320,0.320,0.320,459,2
0.300,0.300,0.300,0.350,0.350,0.350,0.300,0.300,0.300,0.320,0.320,0.320,921,2
0.300,0.300,0.300,0.300,0.300,0.300,0.300,0.300,0.300,0.350,0.350,0.350,748,2
0.300,0.300,0.300,0.250,0.250,0.250,0.300,0.300,0.300,0.270,0.270,0.270,498,1
0.300,0.300,0.300,0.300,0.300,0.300,0.300,0.300,0.300,0.310,0.310,0.310,216,2
0.350,0.350,0.350,0.300,0.300,0.300,0.290,0.290,0.290,0.300,0.300,0.300,687,2
0.300,0.300,0.300,0.250,0.250,0.250,0.300,0.300,0.300,0.310,0.310,0.310,40,2
0.300,0.300,0.300,0.350,0.350,0.350,0.300,0.300,0.300,0.340,0.340,0.340,824,2
0.350,0.350,0.350,0.300,0.300,0.300,0.250,0.250,0.250,0.300,0.300,0.300,881,2
0.300,0.300,0.300,0.350,0.350,0.350,0.300,0.300,0.300,0.310,0.310,0.310,557,2
0.350,0.350,0.350,0.300,0.300,0.300,0.340,0.340,0.340,0.300,0.300,0.300,32,1
0.300,0.300,0.300,0.350,0.350,0.350,0.300,0.300,0.300,0.290,0.290,0.290,852,1
